15 -1.0373769 -0.44403777 -0.16343307 0.012600348 0.039809804 -0.057076246 0.62791693 -0.50120705 -0.11693494 -0.09227331 0.80743957 0.46203983 0.5930043 0.41079178 0.26106998 -0.20470974 0.36970133 0.7558705 -0.13555829 -0.08252556 -0.18762377 0.9872437 0.31225768 0.09524587 -0.022776091 0.33664942 -0.12570189 -0.26878664 0.7916995 -0.26634848 0.5571374 0.6662566
17 -0.06964603 0.050286572 0.74803996 0.23467065 0.5579043 -0.81071794 0.3693123 0.7940272 0.10010197 0.28746286 0.69136626 -0.7655049 0.18222027 -0.8344003 0.35693067 -0.14003097 0.7427911 -0.6785814 0.28907257 1.5586255 0.68015546 0.56313765 0.28008732 -0.040898014 0.26160717 -0.12396106 -0.2973256 0.16315937 -0.045735754 -0.51250434 -1.0530738 0.1819819
21 0.17532325 -0.13858777 0.36247945 0.2980288 -0.069998495 -0.18821582 0.46288574 0.71966606 0.09788025 0.58490837 0.60350686 -0.7352903 0.30438986 -0.21356212 0.146581 -0.34486 0.49668917 -0.46329236 -0.014147494 0.9453967 0.34348157 0.2484499 0.49342278 0.5089554 0.60427326 -0.21618903 -0.040202823 -0.18521564 -0.20339255 -0.28889373 -1.0441862 0.1815147
29 -0.6517486 -0.61579907 0.2071747 -0.18067782 -0.10379651 -0.37601286 0.7469745 0.09036465 -0.6194919 -0.6199914 0.5144868 -0.37954202 -0.23786737 0.28491244 -0.4381909 -0.09433325 0.25530225 0.70982873 -0.24260081 -0.22237533 -0.19727261 1.0364646 0.2851737 0.30821025 -0.3906939 0.09302078 -0.5111359 0.06849106 0.7960026 -0.1721935 0.3549984 0.45790362
35 0.22803183 -0.13788241 0.34863478 0.30009666 -0.05913688 -0.22913226 0.4549301 0.7173114 0.10692642 0.52648664 0.63061273 -0.7554975 0.24049382 -0.23226343 0.056993436 -0.22191088 0.5045193 -0.48905998 0.021605887 0.99064136 0.26260057 0.23424873 0.5700556 0.47622892 0.6026581 -0.21996666 -0.06908195 -0.116680905 -0.24969941 -0.23498301 -0.99964947 0.1494844
39 0.19655986 -0.09292305 0.18425411 0.41882557 0.10919056 -0.22551632 0.46984425 0.5903065 0.061527744 0.5195663 0.41950998 -0.8102881 0.30623955 -0.2573488 0.013649932 -0.24089463 0.60219777 -0.43108624 -0.05897435 0.6609516 0.2790993 0.40185452 0.65486366 0.5994495 0.78454554 -0.36684167 -0.091980994 -0.062514976 -0.17002827 -0.21800123 -1.0255753 0.1259546
48 -0.66722995 -0.61442465 0.28107545 -0.096803084 -0.14264509 -0.47451872 0.7770753 0.14776416 -0.71093184 -0.59444875 0.44638783 -0.3465126 -0.16515599 0.3072634 -0.48305658 -0.14401972 0.17878549 0.71487725 -0.2074942 -0.151187 -0.2968991 1.0688944 0.37763628 0.24389945 -0.3027527 0.4112774 -0.4837642 0.1535994 0.62481236 -0.14070623 0.31356782 0.34218347
50 0.2071318 0.057816107 0.3028529 0.16802292 0.36736378 -0.3669136 0.3921974 0.47223416 0.11752772 0.4198253 0.48532706 -0.7655776 0.35665074 -0.5315996 0.12983866 -0.17326276 0.63177156 -0.5862501 0.004395909 0.94838285 0.45725444 0.4960992 0.49695393 0.4358093 0.56578964 -0.21956995 -0.17400315 -0.08702107 -0.03015574 -0.29297355 -1.1735557 0.17620413
56 0.10654516 -0.59564966 0.23363963 0.6558904 -0.66994137 0.06967105 0.62599677 0.8513639 0.2308966 0.38454106 0.84341717 -0.5800043 0.33966795 0.15096793 -0.11006825 -0.08777207 0.40539643 -0.5377388 -0.13823874 1.4265883 0.086484425 0.012553565 0.6439198 0.44822717 0.9284481 -0.42018065 0.03009896 -0.39846265 -0.27722532 0.071876965 -0.46514755 0.35917333
63 0.23443168 -0.099112414 -0.07848174 0.5604638 0.2885216 -0.021109015 0.41589797 0.3030879 0.21953616 0.7956041 0.23203385 -0.9287931 0.72285306 -0.42170224 -0.1515452 -0.33207113 0.44779074 -0.40972492 -0.084308065 0.6615517 0.18565011 0.6006872 1.0813494 0.80605614 0.94487906 -0.39346558 -0.20586406 -0.20903492 -0.085560836 -0.22384028 -1.2189866 0.1687123
66 -1.1272829 -0.48067126 -0.7344134 0.28993097 0.61106306 0.31683975 0.36953732 -0.19708286 0.45537493 -0.2976781 0.9513869 0.14617342 0.27584198 0.4165165 0.19893181 0.14649697 1.1222243 0.73566103 0.4111957 0.22596473 0.29709262 0.32150912 0.49262586 0.15766165 0.7473235 0.4938845 0.4112806 -0.47232488 0.38561812 -0.08835325 1.1695328 0.31751832
79 -0.60427207 -0.4173199 0.033160195 -0.12721433 -0.11462391 -0.5456269 0.87352777 0.15056227 -0.7446069 -0.2977267 0.58748597 -0.027382318 0.045196597 0.415073 -0.47874245 -0.32784513 0.18325904 0.7381445 -0.032747455 -0.28135622 -0.71502095 0.90535206 0.5457876 0.35198113 -0.1964708 0.68997574 -0.42583135 0.1258341 0.28671184 -0.2650181 0.107864104 0.24885823
80 -0.9876785 -0.5674486 -0.46546447 0.13921648 0.31757113 0.31000233 0.46679646 -0.37752897 0.18232082 -0.30780455 0.76502776 0.26886585 0.6240763 0.43195686 0.28165495 -0.09349311 0.81672174 0.5865856 -0.18816057 0.08206276 0.23348193 0.7802943 0.12966426 0.10513745 0.16309659 0.40945408 0.20021923 -0.42026362 0.95740473 0.023969196 0.97180635 0.65326136
89 -1.0894654 -0.45207334 -0.70821154 0.36887243 0.87739205 0.21223314 0.39230496 -0.13172412 0.39776364 -0.4199832 0.9054149 0.03957192 0.112446785 0.41153067 0.08790247 0.33013487 1.2578136 0.7600138 0.5503103 0.31302133 0.36232156 0.2519066 0.52960175 0.14048155 0.84159726 0.44513994 0.39361888 -0.34155074 0.2555459 -0.126916 1.2914737 0.23109439
95 0.18480623 -0.56229526 0.13770704 0.6727403 -0.23699997 0.2496477 0.54052216 0.7061139 0.3249958 0.6618337 0.4171419 -0.8867911 0.43187398 -0.06870316 -0.122272894 -0.21389917 0.4545801 -0.5219492 -0.30366063 0.9563358 0.31107083 0.27766147 0.7581792 0.71245235 0.80850875 -0.5789425 0.0138138 -0.37193918 -0.14151055 0.01230194 -0.79897505 0.2557116
102 -0.6748447 -0.9926455 0.23726195 -0.13539739 -0.065142065 -0.67694384 0.8508032 0.53057283 -1.0251923 -0.6447972 0.46114212 -0.66529685 -0.32419264 0.41706458 -0.78797376 -0.29473332 -0.07117313 0.7664937 -0.08928458 -0.08813674 -0.57144743 1.1284077 0.5935448 0.46742126 -0.11759392 0.83059806 -0.5676689 0.12093066 0.2766906 0.009220543 0.25803307 -0.0028716263
105 0.24170619 -0.018528553 -0.09615542 0.56861734 0.16704623 0.0802104 0.49708256 0.23090243 0.18343082 0.7999021 0.24851748 -0.99743086 0.83096457 -0.3362428 -0.13082261 -0.3290644 0.42073664 -0.4516212 -0.20057797 0.59368163 0.120914295 0.69679034 1.1264185 0.86109495 1.040108 -0.52258414 -0.20392059 -0.24338034 -0.028748564 -0.21865097 -1.2375946 0.13755387
113 -1.0060467 -0.34896132 -0.16515395 -0.050547857 -0.028617986 -0.083643556 0.7121772 -0.44903842 -0.10701726 0.06265908 0.76109576 0.3156521 0.53925216 0.4417139 0.104130186 -0.27488506 0.17554466 0.826276 -0.020823758 -0.24763045 -0.30954954 0.9327514 0.48097876 0.17596938 -0.13638717 0.53654945 -0.119053595 -0.27012548 0.6587034 -0.3470135 0.30712608 0.59043133
116 -0.7829439 -1.006296 0.38003057 -0.027248774 -0.18928146 -0.47413653 0.9157494 0.32558364 -0.9077852 -0.7658785 0.35593757 -0.63297474 -0.3024661 0.36316365 -0.73839074 -0.100845724 -0.10226328 0.73213756 -0.3103193 -0.1252393 -0.21171537 1.178589 0.35478762 0.35574874 -0.34110817 0.39544576 -0.6169268 0.11330217 0.76492393 -0.009832596 0.2913718 0.2905141
118 -0.02385074 -0.016353566 0.64315426 0.05317437 0.4833502 -0.68262714 0.40751687 0.84706485 0.06736105 0.49858102 0.8585695 -0.50655544 0.16354702 -0.6448614 0.59979343 -0.2885742 0.80048287 -0.66915834 0.17734198 1.4419905 0.6694202 0.45724142 0.11694359 0.11899776 0.3327204 0.003711917 -0.14802037 -0.027768487 -0.019629696 -0.46625054 -1.0387532 0.2998385
119 -0.0061713047 -0.6215056 0.38388473 0.54397535 -0.70462745 0.1286312 0.5032612 0.98787975 0.3156715 0.45327535 0.8661072 -0.760062 0.41518518 0.075799935 -0.06277907 -0.2828986 0.2981732 -0.5770546 -0.117154874 1.7038215 0.24268158 -0.028896963 0.5086516 0.50365716 0.84534335 -0.32546502 0.09010078 -0.48199284 -0.19294985 0.0966519 -0.5698564 0.35864034
120 0.27255985 -0.1279593 -0.069277115 0.56825924 0.34082353 -0.0023685407 0.4732268 0.24065611 0.19370382 0.68448776 0.116114475 -1.0522612 0.76477903 -0.4419451 -0.18663806 -0.22269236 0.55020887 -0.54946417 -0.25068304 0.6351483 0.21815498 0.8419122 1.0397713 0.80890256 0.98450553 -0.64210385 -0.32110545 -0.1787151 0.08701831 -0.18599543 -1.2083852 0.17381662
122 -0.9496037 -0.40514696 -0.1261476 0.062882744 -0.04432786 -0.057939082 0.62430114 -0.38216677 -0.1072276 -0.097660266 0.78806674 0.29059255 0.47387135 0.33623472 -0.07589469 -0.08444965 0.47178656 0.73593044 -0.0698234 -0.15424141 -0.2558643 0.7612449 0.39501294 0.18467864 -0.23720899 0.46985692 -0.049830705 -0.1611745 0.7503282 -0.16608557 0.35388294 0.6524893
123 -0.9971604 -0.37675667 -0.0781158 -0.11313615 -0.062122338 -0.16683209 0.6418275 -0.3327027 -0.17336117 -0.0024195083 0.88754636 0.3380617 0.47981837 0.40413392 0.02795443 -0.31104735 0.4798099 0.8801554 0.031547613 -0.17043912 -0.27995273 0.8157181 0.33621895 0.24627583 -0.14388572 0.5733567 -0.047297284 -0.18207073 0.74861693 -0.20535904 0.3657298 0.6700291
132 0.25471428 -0.052928124 -0.072099075 0.51297444 0.22840664 0.05399615 0.41097787 0.25067043 0.23779845 0.8110813 0.25082242 -0.9378033 0.81828564 -0.4054185 -0.09082533 -0.3369954 0.49194914 -0.5142157 -0.16539027 0.6345091 0.22191858 0.63855803 1.0690134 0.86311156 0.93362504 -0.4140832 -0.14357902 -0.2343862 0.0073927348 -0.1649872 -1.3003088 0.1961295
134 0.03882304 0.099727444 0.6889392 0.023336096 0.5655898 -0.76427287 0.49749273 0.76483005 0.034425467 0.49461156 0.8773626 -0.57647514 0.21677908 -0.67117494 0.5872334 -0.25314754 0.68233854 -0.6470326 0.17599262 1.3837442 0.58295137 0.563544 0.17959982 0.045223277 0.22739244 -0.044550147 -0.264897 0.037114453 -0.13608274 -0.60217255 -1.1121993 0.1956639
150 -0.68498605 -0.95339394 0.37216195 -0.21138719 -0.14050211 -0.4978537 0.7766345 0.4558253 -1.0127454 -0.55148 0.49343172 -0.64468217 -0.38088685 0.4367606 -0.6275415 -0.32501194 -0.03904604 0.74538434 -0.13130473 -0.09032219 -0.4076878 1.0233997 0.35724908 0.45166156 -0.22867404 0.7561029 -0.53213185 0.0889302 0.3901337 -0.054591686 0.28774175 0.13579597
153 0.03557267 0.05829029 0.59440655 0.024401179 0.7095917 -0.85807395 0.5020392 0.88037443 -0.17966133 0.55369806 0.80398786 -0.6532351 0.089375466 -0.6565109 0.6206169 -0.32804376 0.8315131 -0.5859769 0.31352335 1.3034352 0.4638178 0.6434446 0.15412693 0.14594354 0.41619673 -0.018817734 -0.27999035 0.10986252 -0.16629331 -0.58216375 -1.0547477 0.12695633
154 0.29350454 0.0047262195 -0.09160146 0.4539319 0.26638186 -0.04649959 0.4840949 0.21155074 0.20989099 0.6777889 0.34685788 -0.97090065 0.6335196 -0.38155696 -0.12153309 -0.16778871 0.52979213 -0.5100286 -0.1012822 0.5609663 0.11086216 0.6424283 1.0915996 0.8188326 0.8878009 -0.4666353 -0.24908195 -0.17685315 -0.059326176 -0.25431433 -1.275824 0.19324712
164 -0.0029533834 0.003848182 0.56622636 0.054870516 0.7050491 -0.7796655 0.43394437 0.9735082 -0.112230115 0.4997436 0.7656959 -0.5919794 0.083742835 -0.6082363 0.65874857 -0.29969457 0.7831185 -0.57410073 0.28977323 1.4445012 0.5276553 0.62876076 0.14435619 0.08138926 0.5656356 -0.060221706 -0.25849968 0.15697743 -0.25625524 -0.5690295 -0.9131671 0.02036891
172 -0.7067823 -0.9588618 0.32275194 -0.12046364 0.011100632 -0.62093997 0.90155363 0.49801782 -1.0270932 -0.6702002 0.40504372 -0.673021 -0.40187445 0.3851978 -0.6879741 -0.19974542 -0.05025251 0.6968244 -0.15373486 -0.13423477 -0.39848 1.1784077 0.4699063 0.43685803 -0.24043484 0.68595594 -0.6550288 0.18290152 0.3990296 -0.11339355 0.26317853 0.05256235
179 -0.7194802 -1.0117812 0.37293398 -0.07134958 -0.12386612 -0.46024263 0.8521003 0.38695472 -0.99030113 -0.6673434 0.3839757 -0.7258522 -0.50113016 0.3687011 -0.76269716 -0.09509232 0.06137598 0.6544303 -0.26179695 -0.13125649 -0.23186912 1.1980885 0.40236613 0.43323436 -0.302036 0.5319259 -0.6237749 0.13489687 0.6784316 -0.035828423 0.35875326 0.28502983
181 -1.0036881 -0.37041458 -0.12099152 -0.12209946 0.011880594 -0.056983896 0.6335572 -0.42162743 -0.06249659 0.0075950637 0.9004494 0.22251879 0.4436923 0.39622906 0.026349423 -0.33112296 0.42370567 0.82541263 -0.022581836 -0.28891185 -0.208952 0.8623093 0.40797332 0.29331967 -0.40636817 0.5653659 -0.048303686 -0.23022804 0.9066113 -0.26141655 0.24212034 0.7446293
184 -1.027168 -0.31021076 -0.17444083 -0.084723584 -0.07092572 -0.11728575 0.62579256 -0.39301354 -0.17800704 -0.055708647 0.7990659 0.23205264 0.49802405 0.34526002 -8.583875e-05 -0.34035063 0.43416 0.839824 -0.026650045 -0.24539886 -0.31588224 0.8960071 0.43755317 0.27063784 -0.25446567 0.59075266 -0.11150406 -0.16009615 0.77619475 -0.22529446 0.27394304 0.6393598
185 -0.9415292 -0.44215506 -0.13070133 -0.13549381 0.053471874 -0.064206265 0.5658166 -0.43667406 -0.12461885 -0.06121261 0.8951709 0.25516644 0.46981353 0.25896525 -0.0020224138 -0.299899 0.51665175 0.71671736 -0.054696433 -0.31401953 -0.19390585 0.85324574 0.36194602 0.29400936 -0.39369547 0.6014449 -0.09828005 -0.28691024 0.892128 -0.21567416 0.21314543 0.6845094
194 -0.0057047843 0.082305014 0.5742932 0.06880131 0.72725976 -0.8311225 0.43262425 0.7497971 -0.09322783 0.45689738 0.60046387 -0.62296313 0.18909976 -0.69076025 0.61193573 -0.16795377 0.7800525 -0.58964986 0.21457013 1.3508465 0.5302143 0.6787379 0.14979757 0.03983217 0.46066058 -0.12981893 -0.258977 0.1362606 -0.08966507 -0.5225086 -0.9389821 0.05732666
196 -1.0288148 -0.45919552 -0.15620485 -0.01337726 0.081124015 0.030300463 0.48765346 -0.428012 -0.035710473 -0.104640335 0.8858076 0.17486776 0.531165 0.19704346 -0.045066345 -0.2904918 0.5137459 0.73154306 -0.102338344 -0.30607954 -0.12015494 0.86239785 0.334907 0.27296978 -0.4277057 0.6202983 -0.08944764 -0.27696735 0.9083418 -0.1292134 0.2935906 0.6727618
205 -1.0206211 -0.4010434 -0.13090564 -0.14917569 0.021716163 -0.022559868 0.5783392 -0.43963784 -0.1356121 0.05648385 0.96544236 0.27592093 0.6109987 0.2570491 0.02920854 -0.37476936 0.50298876 0.7345848 -0.01631619 -0.290213 -0.29066837 0.92829907 0.3492053 0.2622616 -0.42198315 0.7412226 -0.132205 -0.23251052 0.7996621 -0.20478214 0.20974632 0.69282246
209 -0.76674026 -0.8609385 0.31327617 -0.08319811 -0.08752181 -0.58354205 0.95762795 0.31416187 -0.9720722 -0.7473165 0.421339 -0.5787948 -0.4196447 0.3928809 -0.5228398 -0.19157203 -0.14973006 0.7999956 -0.20233156 -0.012029322 -0.2229818 1.243637 0.3038225 0.2502335 -0.23778841 0.28588447 -0.6380754 0.235103 0.5743463 -0.15613171 0.36208543 0.2462325
222 0.2864267 -0.10049433 -0.037263177 0.45510274 0.2859712 0.10406448 0.47041288 0.2979526 0.31507462 0.7909237 0.27226606 -1.0514368 0.6977398 -0.3902803 -0.005077308 -0.34728822 0.46438807 -0.5186713 -0.18073355 0.6099052 0.32930642 0.718412 1.0452394 0.8893613 0.9284398 -0.5938311 -0.22168908 -0.24285316 0.0490492 -0.2637079 -1.2563378 0.28019544
223 -0.7416827 -0.9242622 0.28096324 -0.10984169 -0.15253763 -0.51089746 0.8728784 0.4238334 -1.0230434 -0.48624533 0.41286796 -0.67229784 -0.32122517 0.4148093 -0.8205965 -0.22706424 -0.027190309 0.76901585 -0.10462702 -0.22983633 -0.47830155 0.9697341 0.55078924 0.5967214 -0.21363038 0.86356163 -0.52262306 0.12642159 0.35232455 -0.052397978 0.13435958 0.123338655
240 -0.020922488 0.111868195 0.5090245 0.14537379 0.6918742 -0.7386287 0.40036002 0.7126456 -0.04717334 0.4797165 0.7357544 -0.6263239 0.14937179 -0.74854493 0.57131845 -0.1571214 0.92592907 -0.5634407 0.27315083 1.209217 0.49039626 0.64255685 0.2625619 0.117555015 0.48045224 -0.23702754 -0.22385517 0.1552208 -0.11971941 -0.5393832 -1.0122412 0.09557667
242 -0.6595002 -0.98730606 0.33202937 -0.15151408 -0.07041896 -0.58010364 0.84101963 0.4671187 -1.0384305 -0.58868265 0.46485296 -0.6298026 -0.30893132 0.42932537 -0.7369067 -0.2714967 -0.06277814 0.75284284 -0.10142176 -0.09750813 -0.44827843 1.0687256 0.43937492 0.52367765 -0.2670755 0.9249415 -0.52345216 0.109515645 0.36951625 -0.012047496 0.21399173 0.07408557
253 -0.8902988 -0.97364885 0.31818616 -0.02603074 -0.039313573 -0.63204247 0.9009242 0.4082569 -0.95115817 -0.63810086 0.3288146 -0.59387136 -0.3523594 0.25894156 -0.67477584 -0.18962169 -0.17113307 0.7858068 -0.2160722 0.058772527 -0.24638006 1.2092215 0.33253896 0.29909647 -0.3066419 0.519136 -0.6116874 0.20587718 0.56382436 0.004918507 0.3441848 0.2302034
255 -0.59160084 -0.94750726 0.41074184 -0.15093759 -0.222031 -0.5964029 0.9125879 0.52614117 -1.0505308 -0.5350244 0.41493738 -0.5598492 -0.2876801 0.54170024 -0.68475777 -0.27788088 -0.2430383 0.7201033 -0.15421571 0.008453732 -0.50645286 1.0513022 0.48099232 0.415115 -0.19446619 0.83693445 -0.5836254 0.14740229 0.2075597 -0.1276226 0.2284276 0.043828152
267 0.393147 -0.1845835 -0.05862675 0.46112138 0.2555308 0.043557666 0.4739866 0.35970765 0.23416628 0.7533092 0.24948521 -1.0385866 0.5916285 -0.34537733 -0.14875348 -0.35098922 0.5769867 -0.52715206 -0.13582514 0.5687805 0.3731912 0.6527847 0.97044355 0.8863066 0.9171129 -0.56251884 -0.19666037 -0.28697643 0.05059411 -0.16368373 -1.205796 0.25270188
271 -1.0346847 -0.35914788 0.0031521958 -0.059676252 -0.07938382 -0.13249765 0.6299873 -0.3788267 -0.20776239 -0.038708616 0.5590241 -0.008770149 0.35778192 0.23221973 -0.13833848 -0.25505447 0.29301664 0.8286932 -0.16384055 -0.40434775 -0.15726893 0.9916657 0.43108246 0.3187698 -0.4129398 0.4088694 -0.17761369 -0.10540299 0.98642087 -0.2606066 0.11857543 0.6558222
272 -1.1332413 -0.3938171 -0.8004793 0.3066838 0.8528283 0.14167066 0.4936417 -0.11429437 0.37128788 -0.37201235 0.8847547 0.07651071 0.103999324 0.37922448 0.16498266 0.36515334 1.1314807 0.81626236 0.5092483 0.20918915 0.23572168 0.33192056 0.5811022 0.22443445 0.96513844 0.49308494 0.36579877 -0.38221276 0.25754374 -0.16735369 1.3123758 0.20143314
273 -0.66759944 -1.0002974 0.27999747 -0.15717882 -0.08529086 -0.46364504 0.8931402 0.44753432 -0.9671323 -0.5661548 0.40021738 -0.594181 -0.43338934 0.5091515 -0.619175 -0.17383556 -0.11710507 0.73660946 -0.23894846 -0.09102148 -0.26436922 1.0326196 0.33080852 0.49517345 -0.2507578 0.65411705 -0.50818324 0.09434385 0.45994225 -0.049375206 0.35135597 0.12318031
275 0.13571908 -0.68849313 0.41083482 0.6015894 -0.63844347 0.18318926 0.4545055 0.98299766 0.2337547 0.42588723 0.8049093 -0.7826783 0.31295583 0.077222355 -0.13297653 -0.20882273 0.28722417 -0.61337817 -0.17914611 1.61009 0.3167979 0.08479389 0.5912986 0.559291 0.7551158 -0.28489956 0.043322574 -0.42834732 -0.19095902 0.14252014 -0.5907242 0.36196318
285 -0.9124792 -0.4412429 -0.40723008 0.11317025 0.20145862 0.13017327 0.5172848 -0.46512613 0.0760133 -0.28630617 0.7766888 0.44986817 0.6297174 0.47683346 0.24712767 -0.03799594 0.78846496 0.71185803 -0.061186496 0.103768304 0.06005711 0.7886726 0.2896865 0.050106995 0.34358895 0.31955668 0.07444287 -0.37408963 0.73480624 -0.13512847 0.9138659 0.5510757
311 -0.022015981 0.005394763 0.6411374 0.11483466 0.6537044 -0.5739586 0.45019355 0.80667925 -0.016495965 0.6514383 0.8061789 -0.606729 0.17172815 -0.62564963 0.7244485 -0.23710662 0.7991371 -0.59649366 0.3106454 1.2695775 0.5617843 0.65618783 0.19032861 0.069133736 0.3740853 -0.15882714 -0.22897245 0.08186491 -0.03767854 -0.53890806 -0.9668885 0.16713686
335 0.09507035 0.13785578 0.7050234 0.056659713 0.50527275 -0.8232422 0.52621007 0.6842224 0.013489811 0.42141253 0.9416773 -0.47054735 0.32288182 -0.6390643 0.5518125 -0.23401481 0.6562855 -0.60679346 0.20801996 1.2760519 0.49679887 0.48716483 0.3387525 0.075944595 0.20153362 0.12708783 -0.20452937 0.075240806 -0.2189775 -0.64748436 -1.2306209 0.18251534
374 -1.2057778 -0.56329745 -0.8477625 0.32689205 0.91053784 0.20501287 0.32320723 -0.15535206 0.40385085 -0.34691936 0.91017544 0.10866345 0.23789012 0.34291822 0.18565942 0.31549862 1.3087399 0.80684775 0.56536126 0.4483743 0.38452274 0.3743094 0.61704403 0.14026725 0.84739447 0.46268675 0.41914368 -0.4108947 0.30345938 -0.0893612 1.3305867 0.3815179
431 -0.7101559 -0.99590564 0.40859675 -0.053692997 -0.1508768 -0.62617725 0.9059853 0.3964089 -0.96627164 -0.838012 0.4382514 -0.63205713 -0.34336898 0.35799754 -0.7608316 -0.10611537 -0.16082065 0.7509115 -0.18850867 0.019406304 -0.26446643 1.1331481 0.44497 0.22636653 -0.35441062 0.50139713 -0.661151 0.15686198 0.46561283 -0.065425225 0.2936187 0.17043139
448 -0.025438724 -0.66033316 0.33165836 0.71081203 -0.5830047 0.00903752 0.60302514 0.9494204 0.21841942 0.45998335 0.62051904 -0.6141575 0.35584912 -0.011920158 -0.12445443 -0.19299503 0.38522103 -0.587757 -0.17828552 1.6360785 0.21339789 0.101295345 0.5548725 0.41639334 1.0401837 -0.50140417 -0.00748984 -0.35649973 -0.21249463 0.13242471 -0.47271627 0.37972817
481 -0.04501189 0.0179059 0.5566714 0.11238765 0.48790824 -0.70678186 0.42087352 0.7751999 0.0023155438 0.5147376 0.646027 -0.60642123 0.3152223 -0.62545794 0.6109572 -0.35238498 0.56468886 -0.5785513 0.15760145 1.4111325 0.56620955 0.6128146 0.15389618 0.063047595 0.5305148 -0.17441307 -0.22155394 0.01997334 -0.13651168 -0.4942707 -0.97269905 0.13876782
492 0.29227188 -0.17441018 -0.02461118 0.43973196 0.28199682 0.053662546 0.5043612 0.24545956 0.16257034 0.8196958 0.16885503 -1.0723308 0.6876898 -0.39281988 -0.12543516 -0.39755362 0.42883325 -0.50646526 -0.23597017 0.51331854 0.36975506 0.8443739 0.96035075 0.9118151 0.94806814 -0.67259485 -0.31361493 -0.2886304 0.14464347 -0.20700644 -1.2995113 0.23091915
494 -0.8994591 -0.38197428 -0.23946671 -0.053980812 0.13062555 0.08053923 0.5001239 -0.54041165 0.08941449 -0.113218024 0.7999774 0.17320414 0.4420296 0.3784513 0.08234917 -0.11995521 0.56043684 0.73760664 -0.031057062 -0.33747268 0.023782259 0.82420474 0.45797023 0.22981116 -0.1723825 0.4169745 -0.005197602 -0.33708888 0.8613745 -0.25920588 0.36529016 0.7077757
496 -1.0123886 -0.2906393 -0.009590783 -0.1037746 -0.101592064 -0.14649795 0.6688364 -0.38253713 -0.19701622 0.026219655 0.90080243 0.2609567 0.52739877 0.33821243 0.08204191 -0.3679811 0.31229916 0.82196456 0.03833939 -0.29279846 -0.37370837 0.87259257 0.33404827 0.23047015 -0.43429825 0.7646805 -0.12309084 -0.25165167 0.68526876 -0.3461632 0.119568735 0.6235078
499 0.13754696 -0.64682215 0.35796678 0.53155905 -0.65337306 0.10893435 0.4870665 0.99644244 0.31794193 0.35877752 0.8681776 -0.7625145 0.31041795 0.073665716 -0.055853948 -0.15876766 0.31349495 -0.65882635 -0.15596338 1.7334822 0.35676727 0.054294143 0.5183207 0.5072833 0.8080251 -0.2134514 0.057699323 -0.49857187 -0.18223846 0.17645884 -0.60138744 0.35153702
511 0.097595684 -0.53485465 0.28526163 0.50355124 -0.6000436 0.03322481 0.5258873 0.87597644 0.29041275 0.44168192 0.84945554 -0.63173896 0.42467296 0.057023253 -0.027849104 -0.21638396 0.15054823 -0.5735426 -0.026188968 1.6321199 0.15622824 -0.01702558 0.5939545 0.4300747 0.8452873 -0.17354411 0.03369001 -0.44696754 -0.38993043 0.018889723 -0.62337613 0.249462
513 -0.026705265 -0.76712716 0.37881398 0.75049835 -0.80193 0.15820788 0.5848746 1.0101739 0.3118862 0.51754963 0.8686196 -0.66249925 0.49329525 0.018937947 -0.12920235 -0.22687326 0.31751448 -0.5800896 -0.20994018 1.5959511 0.20037034 -0.032816 0.5968631 0.5403586 0.8253918 -0.3599422 0.13088883 -0.5308519 -0.15450475 0.22095402 -0.55958754 0.4344623
601 -0.9856616 -0.3770092 -0.30061585 0.03326543 0.087117635 0.051156234 0.46601957 -0.4910229 -0.04921333 -0.088633865 0.70322645 0.49067673 0.89011574 0.42917493 0.3196163 -0.27812365 0.46856102 0.7918918 -0.12130525 0.09088363 -0.09296646 0.9311258 0.2586288 0.027046336 0.18285851 0.40992826 0.018457154 -0.29601026 0.8283479 -0.1940781 0.6558355 0.5258506
603 0.029524492 -0.66571826 0.33848822 0.7165411 -0.6255493 -0.008582783 0.6630525 0.93046707 0.32128662 0.31869024 0.70932126 -0.5876907 0.4599325 0.09634499 -0.17528252 -0.116644144 0.3575662 -0.60134333 -0.2268556 1.5898154 0.2401786 -0.03375568 0.5790679 0.46870205 1.0022497 -0.3633046 0.081477895 -0.46881098 -0.26458713 0.14901766 -0.5437033 0.33592415
662 -0.28619257 -0.6841164 -0.044286035 0.38609383 1.1540043 0.14556031 0.70696473 -0.2947589 0.38444418 -0.58056843 0.08967439 -0.15924428 0.4604431 0.5181412 0.7850563 0.9450812 -0.3255264 0.034167323 -0.14907938 0.06434352 1.1709144 1.0567074 0.8512389 -0.26310173 0.37144536 1.1232824 0.25090715 -0.5878287 -0.07471492 -0.70071805 0.30447096 -0.21599811
709 -0.33019543 -0.59542906 -0.049487606 0.47666276 1.2410793 0.16352741 0.6994452 -0.35699102 0.4068072 -0.5739976 0.28200406 -0.22006719 0.46150687 0.47279274 0.7688879 1.0292244 -0.13927068 0.08381359 -0.0449591 0.080286324 1.1993961 0.98337895 1.0078223 -0.28627932 0.3271412 1.2691848 0.2557579 -0.52592134 -0.17907633 -0.80924934 0.26500756 -0.29437184
762 -0.79128563 -0.9534198 0.31484124 0.0009460306 -0.24076483 -0.56570184 0.8888652 0.40706646 -0.9907611 -0.7038192 0.378278 -0.682391 -0.31097618 0.3990602 -0.800523 -0.2013222 -0.17018853 0.7859346 -0.16036879 -0.020294832 -0.42048243 1.1474797 0.4647973 0.35430667 -0.15193914 0.56459594 -0.6249804 0.11812015 0.5027467 -0.0034965659 0.2933472 0.1298864
765 -1.1123183 -0.36361217 -0.06163482 -0.039822996 0.023586407 -0.16477583 0.68171984 -0.48014882 -0.23185223 0.05851763 0.7891637 0.23893142 0.39948586 0.2946899 0.075292654 -0.23633319 0.280477 0.86647636 -0.06256315 -0.32893816 -0.30430403 1.0475061 0.41215387 0.21985006 -0.32627413 0.44442376 -0.24467532 -0.15312287 0.7863737 -0.37429073 0.21116821 0.690582
771 -1.0571167 -0.27031255 -0.07137677 -0.038994692 -0.10180042 -0.15195706 0.64131683 -0.467917 -0.16595788 0.007551891 0.9348805 0.26187533 0.5660147 0.28839126 -0.08968684 -0.30937654 0.47713527 0.87925494 0.049711563 -0.38620096 -0.4199961 0.9136028 0.49669564 0.27627742 -0.34535158 0.7021948 -0.16350102 -0.15062514 0.76063764 -0.32130468 0.14135459 0.66726637
778 0.2503785 -0.57989585 0.26400617 0.55177605 -0.7464584 0.06148468 0.7064252 1.001186 0.2941163 0.44833684 0.9422463 -0.6155195 0.37192577 0.2634251 -0.092885524 -0.16258007 0.26756743 -0.60515386 -0.1730741 1.6446302 0.061391223 -0.068134725 0.7192702 0.57446474 0.9755386 -0.21918325 0.07913816 -0.4890023 -0.47682253 0.04984833 -0.61098754 0.3129678
779 -0.15035632 -0.7571666 0.0019661519 0.2875991 1.1940627 0.31226635 0.7013383 -0.19987322 0.2974991 -0.59235793 0.3318172 -0.3383441 0.29088137 0.64747405 0.72857106 0.9278114 -0.119632535 -0.026923265 -0.24608827 -0.13141906 1.416448 0.9863431 0.839705 -0.10037238 0.12697525 1.5407073 0.3189172 -0.72559506 -0.012710809 -0.7660325 0.26683772 -0.21825571
782 -1.1923765 -0.42955813 -0.91157347 0.33527792 0.8814428 0.2668473 0.31686547 -0.20351969 0.5024083 -0.36313483 0.9062024 -0.013964984 0.2843187 0.41271713 0.16238305 0.30964988 1.2506757 0.8985607 0.59611225 0.27231684 0.2966242 0.36352026 0.70673454 0.2364163 0.9101045 0.55404687 0.5088173 -0.34676465 0.36154932 -0.11234338 1.2368481 0.29936808
786 -1.0791585 -0.51601195 -0.32316312 0.17673206 0.298671 -0.017910717 0.46766406 -0.47432974 0.06944142 -0.2025983 0.63779795 0.57122 0.8490644 0.38472053 0.2793663 -0.19704273 0.6345978 0.7322047 -0.12270904 0.23341906 0.04669051 0.92893714 0.22535664 -0.027571242 0.2124095 0.4441028 0.07383563 -0.2901276 0.81610703 -0.090405636 0.8561952 0.58403605
791 -0.9391428 -0.38372692 -0.29348725 0.21787745 0.04879303 0.052917875 0.62032354 -0.57841057 -0.0032958495 -0.2799672 0.7868999 0.49016914 0.66722 0.4832405 0.24630322 -0.047995172 0.64047116 0.66532326 -0.11552508 -0.015067124 -0.030420715 0.89911896 0.31504834 0.021761104 0.15926649 0.40100792 0.06868244 -0.24557939 0.7772456 -0.20007315 0.7187929 0.6813843
804 -0.35835332 -0.4177876 -0.23099095 0.26404184 0.8560573 0.27583668 0.37238526 -0.51984936 0.3687487 -0.5160313 0.40305197 0.0041693673 0.5414878 0.32102683 0.47431108 0.5756097 0.08749391 0.2075988 -0.0033908593 0.036761656 0.77498966 0.7366975 0.6384563 -0.26985532 0.05361912 0.78536093 0.17667823 -0.47550377 0.19530047 -0.47539118 0.44340497 0.054371215
819 0.3258063 -0.076468445 0.024249338 0.38720337 0.16972063 -0.023370063 0.48869047 0.2612371 0.23839855 0.6808604 0.26629758 -0.9565818 0.6526168 -0.39475062 -0.15485357 -0.22199187 0.4714729 -0.57686615 -0.21654698 0.66424507 0.2900247 0.69070536 0.9168711 0.80657744 0.8149963 -0.46805677 -0.24447666 -0.28332716 0.07254145 -0.19655497 -1.2573199 0.21753609
826 0.08168425 -0.6976052 0.42902237 0.59921944 -0.7256848 0.11184805 0.5750563 0.95830405 0.30165148 0.2839331 0.7458995 -0.83551043 0.35356304 0.01733217 -0.27915168 -0.13237044 0.18556091 -0.6244537 -0.16790183 1.6124667 0.2694071 0.029730994 0.5758868 0.48529175 0.82030845 -0.35465348 -0.012268527 -0.4903738 -0.13969395 0.19570397 -0.48645175 0.3293662
845 -0.009006907 0.026644897 0.6157541 0.13146986 0.5378179 -0.7057075 0.39022383 0.7161009 0.03102204 0.35503656 0.83014196 -0.5334888 0.14379266 -0.67996585 0.5780934 -0.19741343 0.7951296 -0.6498913 0.19770406 1.4118267 0.6586366 0.5449867 0.1647521 0.07211561 0.31546253 -0.10924826 -0.20361006 0.06944085 -0.08012602 -0.48256552 -0.9910975 0.24729483
875 0.12786973 -0.70235676 0.47555497 0.5542874 -0.7035663 0.012759583 0.57220185 0.9972371 0.29019052 0.34871763 0.86471504 -0.7314428 0.33108878 0.061692808 -0.09761346 -0.18214512 0.27938113 -0.60994375 -0.13599196 1.6669936 0.30701172 0.053955026 0.5125995 0.4444452 0.79796225 -0.40857276 -0.032299377 -0.4619243 -0.17737046 0.124910235 -0.55671144 0.4122514
938 -0.6906986 -0.940391 0.27862826 -0.09575417 -0.16388488 -0.603201 0.8923916 0.41840014 -0.97796047 -0.64165497 0.48527303 -0.52924293 -0.26946118 0.47547007 -0.7325187 -0.2547878 -0.15077771 0.8012503 -0.11636857 -0.06007275 -0.51434773 1.0627613 0.55124545 0.36024886 -0.14948125 0.7541676 -0.5766722 0.109107114 0.2987688 -0.06021965 0.2141812 0.096277006
939 -0.69529045 -0.90203375 0.28808114 -0.048299514 -0.1987166 -0.5608002 0.8523057 0.38903028 -0.9024979 -0.7689071 0.34499428 -0.591473 -0.2916478 0.36812773 -0.7909386 -0.11805951 -0.11301106 0.69098 -0.16547397 -0.038288683 -0.3613288 1.0722722 0.48163185 0.27348387 -0.17708606 0.56087285 -0.5799987 0.072588906 0.4569175 -0.010792457 0.29028222 0.13162465
987 0.24508102 -0.15461597 0.08170659 0.54191303 0.24646261 -0.0754462 0.4790563 0.3089661 0.091471754 0.8262399 0.17448579 -0.82417583 0.8050752 -0.4599721 -0.11992363 -0.35189965 0.41071928 -0.49083173 -0.21340315 0.73976994 0.14268854 0.7183633 0.92308694 0.7198534 0.8982659 -0.43838996 -0.27873576 -0.2011064 -0.018146157 -0.1781399 -1.2231863 0.11654547
101 -0.05682553 -1.1380264 0.14097987 0.25537217 1.0386046 0.49565327 0.7896236 0.20978008 0.5062018 -0.75827396 0.5458751 -0.47866988 -0.02816496 0.8893995 0.66284025 1.0185201 0.07147565 -0.1715023 -0.38691556 -0.0687488 1.6552879 0.7276776 0.6954968 0.04693962 -0.09724543 1.7189168 0.48397398 -0.96340096 0.026456755 -0.6261189 0.3024676 -0.12686846
131 -0.3011227 -0.59978354 -0.09270003 0.42555055 1.1479013 0.2340738 0.71251017 -0.381575 0.43282926 -0.5610352 0.26227838 -0.24743704 0.50058883 0.54206896 0.8456361 1.0197293 -0.19978945 0.03805583 -0.10725274 -0.0025124354 1.1850452 1.0445715 0.99137217 -0.21866407 0.42901233 1.249061 0.32394555 -0.5740424 -0.106269695 -0.83135957 0.30105844 -0.23351659
265 -0.3906593 -0.5908058 -0.06729387 0.53036404 1.0390631 0.15603788 0.7144864 -0.47569993 0.3357842 -0.58795315 0.29102883 0.028415298 0.7023073 0.61746293 0.9933186 1.0815187 -0.2991314 0.08781435 -0.10114771 0.2359618 1.0597494 1.1000102 0.9375852 -0.51288503 0.54113024 1.0924551 0.21041888 -0.47414288 -0.2188306 -0.820203 0.48270464 -0.19912586
751 -0.33940747 -0.42321926 -0.28044465 0.31192347 0.97345656 0.15178223 0.486823 -0.5215974 0.39156306 -0.4969175 0.16898686 -0.008676521 0.5113157 0.4312737 0.48885033 0.801152 0.037468016 0.17136459 -0.060507655 -0.067518786 0.73098266 0.7832933 0.836571 -0.17795853 0.3289247 0.76275927 0.23816359 -0.42132372 0.03244063 -0.5082606 0.4528819 -0.033520933
784 -0.3678976 -0.5773234 -0.17951544 0.43232524 1.4992523 0.15475331 0.6619892 -0.49082726 0.49526513 -0.5660732 0.12303583 -0.21523596 0.52513933 0.44528988 0.83643353 1.0858662 -0.03555763 0.058880135 0.0009884222 0.00896247 1.3070925 1.074566 1.0340062 -0.27481592 0.46730268 1.0015663 0.23419888 -0.5669194 0.008891188 -0.7929632 0.3394704 -0.1680965
210 0.1779698 -0.87120384 -0.04044126 -0.048079964 0.99635863 0.27850074 0.8312903 0.24119288 0.25068215 -0.39390358 0.69622886 -0.25160232 -0.11759577 1.0509063 0.9109519 0.7454195 -0.1648619 -0.14228605 -0.21424499 -0.1459487 1.3878406 0.59241414 0.6831795 0.19635206 0.23670031 1.8621314 0.50365067 -0.8660966 -0.5095215 -0.8748115 0.0845527 -0.23149177
268 -0.444848 -0.59212476 -0.12506202 0.4063635 1.2098463 0.14875099 0.62803674 -0.33663827 0.34980026 -0.40360376 0.26905015 -0.11593572 0.5578544 0.6315493 0.88008803 0.8413854 -0.2802626 0.27567306 -0.007063681 -0.033720817 1.1524618 1.0187192 0.94980425 -0.31226978 0.43872926 1.2980431 0.22669277 -0.5541362 -0.22337979 -0.8988576 0.30720767 -0.3012124
533 -0.24461539 -0.82875156 0.084598824 0.2586829 1.1835456 0.3160034 0.63173956 -0.06154392 0.45552704 -0.6199868 0.3862286 -0.42312846 0.19655165 0.6567087 0.8769091 0.94035625 -0.14271227 0.0011522943 -0.17115672 0.018752761 1.4586138 0.9183148 0.77691716 -0.16142578 0.09055736 1.432969 0.29965156 -0.6754351 -0.07604928 -0.80574965 0.27187496 -0.24488348
211 -0.0825218 -0.95507795 0.13088933 0.24346505 1.0551494 0.25664714 0.80430996 0.088744655 0.4145246 -0.48715118 0.35724726 -0.19076976 0.16879281 0.81505334 0.7964327 0.8958554 -0.2261529 -0.14449564 -0.31988034 0.021045994 1.415421 0.8311756 0.6871545 -0.0788213 0.09765308 1.5793207 0.39527762 -0.8715818 -0.1860345 -0.7288035 0.20566747 -0.1664621
