15 0.054378733 -0.45078152 0.7350906 -0.694886 -0.15612431 -0.48280242 0.6714266 -0.17359892 0.2798587 -0.11528588 0.150394 -0.64193314 0.7114938 -0.34568638 0.5872259 0.10488573 -0.18279274 -0.32729247 0.32587436 0.4227334 -0.5416868 0.82632625 0.3954809 -0.5301762 0.12510562 -0.37996477 -0.86601484 -0.12713775 0.395871 -0.22606125 -0.29166752 0.7470512
17 -0.252117 -0.39168355 0.08001235 0.66430026 -0.4168467 -0.21048415 -0.21358076 0.8587974 -0.29421186 0.021683404 0.39920294 0.04320084 -0.1205873 -0.22679062 -0.1817265 -0.20056708 -0.083770595 0.70634425 -0.5856352 0.21783014 0.7297707 1.0482503 0.5258559 -0.03860008 0.32873738 0.13124987 -0.097290784 -0.14022975 -0.07676374 -0.034328803 -0.50589794 0.14095113
21 -0.40579832 -0.62489593 -0.1228205 0.40186888 -0.31443584 0.118013375 0.25243992 0.6425277 0.18565387 -0.0048776846 0.36855325 -0.11923183 -0.08114683 0.30152974 0.19742952 0.3768145 0.014937451 0.06257037 -0.5964018 0.75305486 -0.025471658 0.75337917 0.4475465 0.0713612 0.67948633 0.42744443 -0.38350227 -0.43339333 0.14671712 0.2997124 -0.033410396 0.5188228
29 -0.09786531 -0.34531972 0.46151865 -0.49449942 -0.320261 -0.14669973 0.94954425 -0.07205207 0.48285285 -0.43958527 0.22480705 -0.4278352 0.8126597 -0.23068945 0.7568374 0.089961745 -0.45956537 -0.34293666 0.21111958 0.8259495 -0.75731665 1.0180925 0.34847152 -0.5561897 0.42123955 -0.32248697 -0.7134753 -0.5567363 0.4359601 -0.24458991 -0.55052227 0.63686806
35 0.12700397 -0.5536087 0.18846554 0.77063084 0.19438463 -0.02195558 0.313233 0.7297167 -0.7244252 -0.3694989 0.72572553 -0.60944086 -0.18470296 0.42004764 -0.39466566 -0.4454362 -0.17220753 0.72504437 -0.39456287 0.13552311 0.6890629 0.9404285 0.79370266 0.050169963 0.30372334 0.078457594 -0.017362732 -0.164877 -0.5193521 -0.5889001 -1.0868748 -0.774759
39 -0.1886381 -0.22204863 0.21825543 0.71695244 -0.30358756 -0.18766995 0.16265702 0.81248224 -0.2796376 -0.0056453208 0.53720266 -0.31302595 -0.24231659 -0.015690664 -0.275363 -0.013732839 -0.08161486 0.29558432 -0.48646572 0.10353695 0.6951447 0.4060373 0.5604327 0.20766908 0.22921842 0.22165294 -0.1179366 -0.26937705 -0.12776713 -0.16904424 -0.1350834 0.2128194
48 -0.6140847 -0.58976394 -0.1782352 0.16215445 0.022969685 0.020467991 1.1208547 0.34536391 0.08458868 -0.024392629 0.24684504 -0.21003637 0.34609446 0.16121925 0.55776477 0.13666205 -0.36861295 -0.29869145 0.07627119 0.75058967 -0.7666291 0.55076337 0.29758468 -0.124569155 0.9478086 -0.04662906 -0.3766564 -0.044437263 0.3163144 0.18225679 -0.2633491 0.72687346
50 -0.44269717 -0.21203496 -0.16393135 0.8442915 -0.1421414 0.07663878 -0.26504916 1.0293542 -0.2663998 0.08665561 0.4073005 0.09450492 0.010593712 -0.42804328 0.13636403 -0.064420715 0.12235621 0.6883493 -0.622245 0.107917346 0.7226714 1.3575892 0.55224204 0.099740416 0.33062732 0.23640783 -0.25024784 -0.17502055 -0.055308618 -0.23294632 -0.29775125 0.3905365
56 0.2130477 -0.58276355 0.23207864 0.9324402 0.25859454 0.0050902716 0.628138 0.7797403 -0.672749 -0.48748776 0.8533536 -0.8247374 -0.15472274 0.5301292 -0.49772784 -0.47574535 -0.40690616 0.49167037 -0.244471 0.14052364 0.69752896 0.7096521 0.87694913 0.14738892 0.49495345 0.061197013 0.12159779 -0.383646 -0.62037426 -0.8338054 -1.2019626 -0.94211864
63 0.23811753 -0.7513336 0.23270652 0.82256466 0.43369612 -0.19396621 0.62744343 0.93910086 -0.69356644 -0.41505852 0.835031 -0.8625304 -0.14385767 0.5675822 -0.5718843 -0.3912519 -0.45488524 0.41790718 -0.30632892 0.0014452592 0.65595186 0.72542953 0.8011106 0.07017547 0.56158733 0.01660863 0.013243262 -0.3709876 -0.56283003 -0.71040756 -1.0875001 -0.8518385
66 -0.115234636 -0.4946782 1.1849111 -0.4559169 0.2375549 -0.3266709 0.6128639 -0.8032213 -0.17899932 0.12744883 0.39609358 -1.075386 0.6039576 -0.70656127 0.5315031 0.1570951 0.34299293 -0.09857201 0.9294481 0.23155968 -0.18564393 0.6077544 0.77265227 0.244848 -0.5776011 0.27907696 -0.6392282 0.41790813 -0.067501746 -0.5462728 -0.05845597 0.7694693
79 -0.33792266 -0.6743609 0.0020900387 0.502494 -0.017304344 0.1181843 0.44442648 0.6466086 0.20815305 -0.058409054 0.48555386 -0.117304645 0.08129032 0.3906611 0.0329061 0.37995514 -0.02489823 -0.0591654 -0.46213067 0.93104273 -0.02571745 0.45375618 0.36363095 0.1925263 0.5785207 0.7238376 -0.18472685 -0.4863046 0.13474849 0.34511033 0.107224315 0.6094512
80 -0.08267409 -0.495405 1.1642375 -0.49389112 0.39865154 -0.119019255 0.5366418 -0.7408057 -0.15438685 0.082969606 0.39449346 -1.0441504 0.7144768 -0.65449035 0.5578325 0.12484823 0.32431424 0.0011008135 0.97172564 0.24498478 -0.27277723 0.8526118 0.867395 0.24158019 -0.57748437 0.30724028 -0.6562143 0.34997118 -0.15861034 -0.5336576 -0.17881435 0.87118495
89 -0.3021329 -0.29324773 1.1458006 -0.51996946 0.13942593 0.08254393 0.5763166 -0.99104357 -0.20486054 -0.061902177 0.4743798 -0.94765383 0.56572795 -0.848015 0.61626554 -0.058418736 0.44863757 0.26092064 0.9937509 0.24401669 -0.24320927 0.6622088 0.8419538 0.524937 -0.76773065 0.43022212 -0.46227506 0.23657572 -0.12582892 -0.8221017 -0.19360745 0.82307225
95 -0.44000572 -0.66546357 0.07616885 0.4917007 -0.1401055 0.110022984 0.53147304 0.4645181 0.26905555 -0.0881196 0.5323968 -0.13881142 -0.043559775 0.25238124 0.10428532 0.38402104 0.040190786 -0.23136209 -0.45705143 0.9877036 0.02629011 0.3645073 0.33765537 0.15724558 0.72146153 0.65169024 -0.2691584 -0.51852906 0.14631441 0.20681073 0.1582904 0.63243777
102 -0.5748981 -0.74289125 -0.024474455 0.036448754 -0.045564 0.037006635 1.0280569 0.18057208 0.23445939 -0.08246889 0.18295096 -0.1985179 0.43739882 0.1540177 0.54640687 0.10780567 -0.30226687 -0.31838143 0.10104094 0.91692847 -0.8674164 0.631654 0.300901 -0.12474265 0.96201986 -0.07398779 -0.53191745 -0.1397058 0.3166663 0.16919726 -0.4043423 0.6970026
105 -0.28777233 0.009333655 0.131319 1.0849999 -0.18396963 -0.48720983 0.22630009 1.3181614 -0.6179665 0.22670057 0.74528545 -0.5033205 -0.298865 -0.52479225 -0.0764135 -0.05417716 0.06427351 0.23136416 -0.61641973 -0.39483145 1.1955341 0.686496 0.79750633 0.28766972 0.33165595 0.15781969 -0.3848846 -0.18028997 0.020722352 -0.6341609 0.057831503 0.56838506
113 -0.27785584 -0.63372004 0.34920123 -0.40196937 -0.28429642 -0.2322478 0.92356634 0.018867273 0.2531836 -0.22206739 0.19412413 -0.43943402 0.57898444 -0.13231182 0.6336467 0.08739535 -0.28350288 -0.39138952 0.18903574 0.8528115 -0.91563416 0.7321866 0.28538373 -0.47775578 0.55953133 -0.30133662 -0.64343464 -0.2790147 0.3569077 -0.08875469 -0.39498433 0.66800183
116 -0.34037164 -0.65039265 0.083690904 0.6963594 -0.064337224 0.27629247 0.19643547 0.6402368 0.33416426 -0.13409978 0.49782884 -0.017924005 0.08567802 0.26550725 -0.025796255 0.35003147 0.10452858 0.14735952 -0.74079275 1.063762 0.37260443 0.7203227 0.54282665 0.3152951 0.5234983 0.93182117 -0.23880263 -0.6987321 0.102724105 0.2712764 0.050191592 0.5633111
118 -0.48497885 0.044707473 -0.2824335 0.97513384 -0.23749831 0.032374524 -0.14516994 1.0296434 -0.43670705 -0.022965578 0.5782286 -0.104649946 -0.20222375 -0.5228718 0.19327962 -0.24642016 0.1730334 0.57887965 -0.75013995 -0.10099764 0.90278184 1.2598965 0.63431185 0.15656927 0.33942986 0.13271944 -0.39711773 -0.32362244 0.012289448 -0.65034544 -0.24183209 0.4216018
119 0.18496567 -0.5623786 0.097449586 0.8091131 0.29156825 0.006483912 0.36670366 0.6824266 -0.6334113 -0.5200835 0.7509547 -0.6311304 -0.07777427 0.49719933 -0.42795348 -0.48498118 -0.2695103 0.73706853 -0.33152276 0.1657099 0.6472476 1.014048 0.89859045 -0.04968242 0.42672434 -0.046771493 0.0015310688 -0.24944185 -0.60655373 -0.60559565 -1.2734855 -0.9065239
120 0.30751997 -0.5201993 0.21509139 0.82733715 0.34107628 -0.16985945 0.5519469 0.84900564 -0.61704284 -0.43409362 0.7573472 -0.78545636 -0.07463853 0.44547358 -0.48652747 -0.39086956 -0.44183144 0.4112208 -0.30924097 0.060077958 0.76826185 0.6602039 0.83493704 0.0374947 0.4748785 0.004819392 0.026718723 -0.39529958 -0.51036966 -0.74374044 -1.0539242 -0.7912988
122 -0.2088127 -0.34463638 1.1314641 -0.44316024 0.5455625 -0.13159335 0.66121083 -0.7795469 -0.13289903 -0.005330445 0.6553021 -0.8984774 0.7044731 -0.7832246 0.6044996 0.15410563 0.5123386 0.042107683 1.0685599 0.17312625 -0.28770393 0.5115491 0.73302996 0.56321627 -0.66037154 0.48205423 -0.344402 0.23003422 -0.044107806 -0.76943326 -0.043835316 0.84740686
123 -0.29111382 -0.49295774 0.34890386 -0.34823498 -0.26031584 -0.2277934 0.844016 0.14635722 0.27767614 -0.083007395 0.12071066 -0.39882445 0.55118424 -0.17768735 0.6178851 0.11082319 -0.39175004 -0.33677635 0.25729135 0.59181803 -0.80073524 0.6838067 0.3388719 -0.29663312 0.6129691 -0.33229724 -0.5717722 -0.19783308 0.42796856 0.015567132 -0.38892555 0.65459085
132 -0.1614705 -0.50465345 0.21874286 0.68283045 -0.048876513 0.17863163 0.117314 0.8076925 0.4133052 -0.24803537 0.62789357 -0.16403398 0.21887887 0.29279387 -0.07128117 0.46753955 0.030587357 0.15686691 -0.6872124 0.9414246 0.4425234 0.7425225 0.5446288 0.36659694 0.34021056 0.9332471 -0.030150946 -0.8628031 0.11545788 0.2603202 0.09635491 0.47827956
134 -0.45269668 -0.55315346 0.021205284 0.14763883 -0.012532985 -0.06652658 1.11967 0.31110075 0.17486446 -0.017328683 0.2418274 -0.22775756 0.37934488 0.12622823 0.53206104 0.19784231 -0.40771982 -0.36745524 0.11890202 0.82539606 -0.61661655 0.46832052 0.36742085 -0.17610878 0.949506 -0.09707611 -0.42763183 -0.0358418 0.3223701 0.23321372 -0.2949303 0.6874997
150 -0.15800454 -0.51429945 0.107702 0.71477187 0.10748956 0.15430439 0.20408267 0.8174683 0.38398477 -0.2526463 0.61978245 -0.064928345 0.26935783 0.3435996 -0.052792795 0.45887497 0.027243666 0.08921642 -0.7220746 0.9152241 0.38995466 0.740499 0.46051165 0.3118249 0.44201723 0.83895516 -0.094315335 -0.8340167 0.15024567 0.30043164 0.08469042 0.5378883
153 -0.3751528 0.066437915 -0.08943334 1.1171329 -0.10740693 -0.31597987 0.23302484 1.2158023 -0.6230584 0.11804494 0.71796125 -0.4663147 -0.33850107 -0.49904186 0.015507392 -0.018719006 0.13774005 0.3482057 -0.65566814 -0.2317683 1.1308384 0.75211394 0.7458695 0.29952845 0.27304685 0.10188229 -0.41152436 -0.20580667 0.0489344 -0.5458928 0.11048336 0.72155416
154 -0.37454847 0.057554714 0.14176697 1.2030804 -0.36375487 -0.5232703 0.33217213 1.4359676 -0.7051563 0.31463876 0.7867196 -0.60438955 -0.39814427 -0.6718001 -0.02766882 0.09770647 0.0911823 0.24017207 -0.60768044 -0.2342361 1.2614173 0.5266356 0.94656545 0.4509344 0.35485852 0.15340391 -0.31815654 -0.14070979 0.1090855 -0.52523315 0.18690376 0.7849234
164 -0.19505076 -0.48210514 1.1875176 -0.3846396 0.33187687 -0.15030947 0.6459731 -0.81211776 -0.097562134 0.15795225 0.43513477 -1.0576214 0.6830007 -0.71584857 0.62131625 0.1265539 0.34240392 -0.030444847 1.0402565 0.21357244 -0.2361469 0.64211977 0.8024188 0.3268593 -0.5759229 0.31861377 -0.64317244 0.40665844 -0.13418101 -0.6179432 -0.13888143 0.7828009
172 -0.23359658 -0.63652676 0.2744785 0.59300154 -0.12018062 0.25351813 0.13853909 0.6934856 0.49233264 -0.19124359 0.6355502 -0.046916883 0.1830443 0.31704623 -0.02668029 0.44471866 0.05171417 0.08817762 -0.76256657 1.1258087 0.43585694 0.7711629 0.4821547 0.39810362 0.4287663 1.0731977 -0.08954321 -0.91133624 0.110272326 0.26968184 0.036517065 0.5509649
179 -0.3505643 -0.5324983 0.4407801 -0.31667247 -0.14449023 -0.10494604 0.93087715 0.20646055 0.41987264 -0.055099595 0.09790248 -0.42863587 0.57154584 -0.1881519 0.5760856 0.09831992 -0.37600747 -0.39253232 0.25675496 0.652418 -0.7957197 0.6994424 0.41137022 -0.2836721 0.6728772 -0.25961196 -0.64154917 -0.10892611 0.4072221 -0.0658779 -0.2963539 0.6099414
181 0.19129643 -0.3022854 0.9436683 -0.869863 -0.2905407 -0.5263561 0.38778582 -0.41383818 0.2801655 -0.17311096 0.22236744 -0.696823 0.70297027 -0.44284233 0.5101382 0.12571207 -0.05734684 -0.30477697 0.29224494 0.30588505 -0.34450945 0.8935881 0.47427502 -0.49995422 -0.2158073 -0.20825407 -0.8779864 -0.33633327 0.4018516 -0.38086438 -0.28823978 0.7968524
184 -0.5806897 -0.65689576 -0.12581621 0.077039585 -0.027811544 -0.031652413 1.0927656 0.2675787 0.12810446 0.032877166 0.24949221 -0.077296324 0.3262127 0.14266206 0.58970225 0.20217997 -0.29463091 -0.29102638 0.03382351 0.8159691 -0.6168002 0.54536927 0.24485043 -0.1753742 0.925084 -0.018453034 -0.48688948 -0.054448053 0.39041403 0.16910703 -0.26218593 0.7644269
185 -0.70814866 -0.67440724 -0.1490553 0.1434469 -0.17549717 0.008379331 1.119277 0.26722348 0.16417678 -0.114701204 0.24512726 -0.078314774 0.27946857 0.19813538 0.5674417 0.08831603 -0.3513856 -0.2587792 -0.056284603 0.90070105 -0.74719816 0.48456374 0.27470118 -0.09686191 1.0378785 0.009810267 -0.46541837 -0.20770597 0.41885078 0.16111529 -0.31860062 0.7704763
194 -0.67581457 -0.7735454 -0.047739565 0.07002501 -0.13368744 0.082471184 1.0531529 0.12008535 0.23539364 -0.09148012 0.3019857 -0.119513415 0.28176805 0.1582501 0.5080646 0.12389222 -0.24985154 -0.31731305 -0.0008891544 0.86772263 -0.7163157 0.4950332 0.23662569 -0.07881164 0.9146903 0.075533554 -0.48602983 -0.1756736 0.32957762 0.12321583 -0.24887587 0.69280887
196 -0.6582278 -0.6992016 -0.30919817 0.3636735 -0.017548678 0.094887696 1.0799024 0.41598198 0.04159924 0.043816842 0.23391272 -0.13491571 0.22240786 0.40045127 0.59957373 0.2432659 -0.3276535 -0.16673245 -0.050778832 0.9249498 -0.6301882 0.63261336 0.3499289 0.007504082 1.0597491 0.13355565 -0.32188573 -0.006438073 0.2603541 0.45072955 -0.31796366 0.7692227
205 -0.5886542 -0.7658972 -0.2040647 0.14143425 -0.16774464 0.011593082 1.0963929 0.23939113 0.04869821 -0.07469678 0.21304798 -0.20169257 0.17642227 0.38421747 0.4786626 0.13732821 -0.37422112 -0.25289166 -0.13087672 0.9147703 -0.67344505 0.46013585 0.26840824 -0.10844299 1.0044545 0.05808903 -0.4583049 -0.19681525 0.34929535 0.30442426 -0.3527397 0.7615273
209 0.075175755 -0.2976331 0.7282931 -0.66469234 -0.35179973 -0.38415027 0.67582744 -0.34066102 0.20514716 -0.29778013 0.15590255 -0.5637172 0.5793167 -0.40879497 0.46842244 -0.037683677 -0.2600391 -0.19125873 0.2708407 0.5098777 -0.52717257 0.70955306 0.38381097 -0.480625 -0.046956755 -0.3172008 -0.704716 -0.25328332 0.35321805 -0.41092536 -0.43035462 0.57881486
222 -0.5234744 -0.047797248 0.07084376 1.2147994 -0.3751385 -0.33645847 0.11691962 1.1544392 -0.723371 0.21211225 0.74328095 -0.48250827 -0.45547706 -0.59062254 -0.026614428 -0.10153198 0.18481943 0.43468803 -0.7393436 -0.21319833 1.2764416 0.8008167 0.9181137 0.3445212 0.34674054 0.24658662 -0.45767584 -0.22221458 -0.030840058 -0.68083024 0.07389493 0.63175434
223 -0.070437595 -0.6690684 0.24386664 0.5684205 0.22753872 0.08400259 0.22626589 0.8355355 0.41872174 -0.05746475 0.5744941 -0.13565758 0.24579042 0.4858673 -0.051602315 0.6223013 0.041844767 0.033989456 -0.77825975 0.9412221 0.43293756 0.65969354 0.5224537 0.39908278 0.46571806 1.0245707 -0.14262697 -0.7069081 0.17364562 0.48755914 0.12200453 0.5262125
240 -0.4751194 0.054215495 0.07619827 1.1291894 -0.4891973 -0.33949223 0.15479568 1.1098664 -0.64143336 0.14682955 0.72005796 -0.45031577 -0.48189956 -0.6087637 -0.055857405 -0.11719328 0.10553403 0.35057434 -0.6281234 -0.14180635 1.1802595 0.6340332 0.8517983 0.39938217 0.33159912 0.16316208 -0.40253136 -0.21553457 0.053403657 -0.57338953 -0.001805008 0.7075484
242 -0.24405001 -0.64443856 0.22324681 0.571862 -0.1165591 0.16496345 0.21348867 0.7154038 0.41521302 -0.1657463 0.6352583 -0.14458191 0.079472035 0.41408488 -0.117096394 0.44042876 -0.013206363 0.063450165 -0.80361176 1.0397282 0.37383166 0.6256898 0.4926496 0.3179401 0.4326301 0.94280773 -0.19299763 -0.83591187 0.115233116 0.35068777 0.08152462 0.5919899
253 -0.20625514 -0.32119235 0.3424663 -0.38525385 -0.3687269 -0.096148506 1.0479758 -0.11306915 0.36018416 -0.39149866 0.22027366 -0.4538919 0.6267148 -0.23369482 0.7527562 0.17284788 -0.37109575 -0.29632735 0.22019152 0.79662263 -0.71060574 0.8405626 0.32987875 -0.45613527 0.39833423 -0.31236523 -0.63076204 -0.36858833 0.3853897 -0.19142906 -0.33445626 0.61197054
255 -0.1318319 -0.46189025 1.044906 -0.45288974 0.38671154 -0.20562902 0.6404475 -0.6987351 -0.06827652 0.14345497 0.3750058 -0.931967 0.75924665 -0.68436384 0.6675943 0.18139881 0.33142513 -0.120734476 1.0253268 0.10262784 -0.34086505 0.7680846 0.7568632 0.31958634 -0.39955357 0.28039962 -0.48698154 0.4505868 0.010934175 -0.5432738 -0.21137378 0.7010721
267 0.21825677 -0.54915434 0.29402924 0.8894207 0.17676984 -0.06588189 0.6066321 0.76135856 -0.6198798 -0.37748718 0.75836444 -0.7458497 -0.19883175 0.46595493 -0.46534717 -0.3766449 -0.3578807 0.4428639 -0.28529614 0.21423532 0.7283045 0.5975132 0.8294721 0.14705117 0.43005 0.053981896 0.09351353 -0.29035047 -0.5064793 -0.6479653 -1.0281001 -0.745146
271 -0.32345825 -0.48360217 0.41186035 -0.46343172 -0.61861223 -0.100072384 0.8261031 -0.24392311 0.2604397 -0.3448762 0.12744759 -0.2823857 0.5472475 -0.33638608 0.6869719 -0.13481106 -0.41478992 -0.22974439 0.1583038 0.7748704 -0.77139693 0.8477946 0.25377262 -0.5296336 0.5185339 -0.4108248 -0.84529024 -0.45930344 0.42737055 -0.40682375 -0.48674196 0.69104373
272 -0.25112808 -0.46057734 1.2233986 -0.3913874 0.4465845 -0.05867209 0.5930165 -0.7965519 -0.0558604 0.010163975 0.60447586 -0.9631455 0.7206575 -0.74398017 0.47726184 0.11742434 0.5964588 0.15330714 0.9811896 0.23540512 -0.158049 0.55065656 0.7670945 0.53060424 -0.8285916 0.6204534 -0.39210472 0.25845692 -0.10321629 -0.77153903 0.019642245 0.800453
273 -0.7540755 -0.8724851 -0.32633176 0.33629 -0.0060929796 0.058587644 1.1655142 0.35063818 0.00957902 0.04696563 0.22528371 -0.12140938 0.20176964 0.42623752 0.5458177 0.11554969 -0.26766685 -0.19561885 -0.13491164 1.0245601 -0.719399 0.52196115 0.31817058 0.027603434 1.1371957 0.23086232 -0.41955093 -0.070895076 0.33455998 0.4025765 -0.26061866 0.8975385
275 -0.1368683 -0.5226007 0.22769403 0.64379436 -0.11772062 0.16834362 0.25038972 0.71276414 0.3360798 -0.15707633 0.46607792 -0.19052681 0.15096581 0.4119212 -0.039271194 0.48972365 -0.043170728 0.13780133 -0.71837217 1.0581301 0.5050861 0.59532243 0.5644786 0.35105357 0.4151968 0.9326912 -0.07774603 -0.72307056 0.1151543 0.34783685 0.015485918 0.5392554
285 -0.30811876 -0.5110644 1.0842897 -0.3895502 0.27480552 -0.15132044 0.6454347 -0.7948402 -0.045547932 0.21332328 0.4143508 -0.88772714 0.6980539 -0.7351069 0.61308974 0.10837168 0.47501263 -0.010438169 1.0215254 0.1949266 -0.2978145 0.65260994 0.7618303 0.3761658 -0.48403496 0.29001948 -0.59121066 0.3483238 0.0009562726 -0.5768993 -0.10011697 0.8580127
311 -0.5627161 -0.0070856274 0.020618329 1.1013163 -0.4975007 -0.2663292 0.17369065 1.0306534 -0.63370395 0.12942846 0.65537226 -0.41131622 -0.50883377 -0.5821971 -0.005834833 -0.15544237 0.14800073 0.41667226 -0.62147903 -0.095618494 1.1318793 0.61427915 0.8313745 0.3472333 0.33738825 0.18632445 -0.36942756 -0.19360298 -0.0052633407 -0.6394012 0.0019152687 0.6057005
335 -0.71646494 -0.407973 -0.1714832 0.762113 -0.5834869 -0.1602913 -0.2553084 0.9691311 -0.5661481 0.06278601 0.69422716 -0.17216715 -0.44765863 -0.53706676 -0.0062712617 -0.20785365 0.29526916 0.6403764 -0.7679503 -0.15596496 0.7794331 1.142025 0.51384515 0.20654012 0.38215604 0.18449496 -0.3771656 -0.23051493 -0.16479185 -0.6160194 -0.1282095 0.42731228
374 -0.11155476 -0.42582777 1.2021897 -0.4392979 0.4213015 -0.24177952 0.583696 -0.7039471 -0.048396096 0.08735182 0.48804507 -0.94301635 0.80280334 -0.73227346 0.527577 0.16780043 0.49878314 0.07201977 0.9391032 0.23574926 -0.2123921 0.66817003 0.73390627 0.3321262 -0.7229198 0.38140425 -0.54285455 0.26769954 -0.024899289 -0.61845315 -0.058514245 0.8332787
431 0.086703874 -0.33236825 0.6504976 -0.4263426 0.11933006 -0.38896483 0.6774327 -0.18489483 0.09603139 0.06450848 0.17161058 -0.66570574 0.6952512 -0.42036614 0.6245704 0.22216468 -0.0933423 -0.4533686 0.6018054 0.42705077 -0.4737404 0.7491578 0.43223503 -0.3424921 0.115338154 -0.24089955 -0.5976846 0.04799258 0.20531994 -0.21541578 -0.2537754 0.6437764
448 0.22528031 -0.63806176 0.32131034 0.84316725 0.21724887 -0.12443708 0.65663147 0.861753 -0.6631036 -0.4961191 0.8776058 -0.9080274 -0.15540859 0.48492673 -0.5592668 -0.4419973 -0.45137152 0.4386774 -0.23594822 0.1277511 0.66330993 0.6892744 0.8689428 0.06187558 0.4956965 -0.02637429 0.08356914 -0.40961063 -0.60692704 -0.8022366 -1.1256988 -0.95015216
481 -0.67472154 -0.8383885 -0.18713203 0.14800113 -0.2431326 -0.022082414 1.0637661 0.3110435 0.035883054 0.13488425 0.10942469 -0.16548482 0.041882776 0.44458732 0.43428728 0.12145135 -0.3043579 -0.19067967 -0.27987164 0.8658768 -0.5936657 0.47861078 0.4547639 -0.13015884 1.0675105 0.09220841 -0.5438769 0.054292627 0.39293122 0.43268013 -0.37316278 0.7786087
492 0.08822239 -0.49204737 0.12300657 0.8015711 0.12631977 -0.018824425 0.59977734 0.70503074 -0.759176 -0.4293158 0.81825954 -0.7732343 -0.28514555 0.29089913 -0.44030458 -0.5398175 -0.3427677 0.47470984 -0.16903484 0.011155597 0.6491681 0.64557236 0.84177047 0.191372 0.5515132 -0.054201063 0.061229043 -0.32163227 -0.57405645 -0.8452994 -1.1275603 -0.8637309
494 -0.19584073 -0.2677202 0.28254357 -0.34753343 -0.3691474 -0.046172563 0.86762524 -0.122267626 0.36223036 -0.30760843 0.1326871 -0.28725022 0.7035475 -0.26604405 0.72579664 0.025360914 -0.4406544 -0.29263335 0.15332934 0.67530626 -0.65160114 1.0100865 0.35324368 -0.4864876 0.5068441 -0.2890251 -0.6551502 -0.46906936 0.4342338 -0.25287333 -0.5456704 0.61092746
496 -0.20706914 -0.5508083 0.40300968 -0.34302726 -0.17953038 -0.18739197 0.8189277 0.11308125 0.32960978 -0.10349047 0.13458279 -0.3302846 0.6853683 -0.21082379 0.5765737 0.077195615 -0.36332873 -0.29647663 0.2530098 0.7607209 -0.89136326 0.7711658 0.34636903 -0.3579535 0.64643836 -0.3556986 -0.63276273 -0.2631732 0.38792694 -0.051391724 -0.47141597 0.59156424
499 -0.03741791 -0.68012005 0.21450132 0.75803494 -0.09227733 -0.03176337 0.19697522 0.5429214 -0.68978125 -0.2074135 0.5179446 -0.6523455 -0.4349709 0.48766804 -0.44063482 -0.46250165 -0.23503262 0.7374009 -0.44892395 0.23908707 0.6768333 0.8666501 0.90384346 -0.028188305 0.44571975 0.032416973 -0.31096646 -0.014506083 -0.57365686 -0.38388577 -1.0578171 -0.6978025
511 0.21086498 -0.6016168 0.07899533 0.72151524 0.38970634 -0.08648301 0.26374897 0.47782642 -0.7145893 -0.41700608 0.6220732 -0.5928352 -0.073121004 0.5546409 -0.34508467 -0.39817712 -0.1587154 0.7224702 -0.39348915 0.26710084 0.6215846 0.9814026 0.88308895 -0.039071005 0.34446695 0.025956687 -0.013949947 -0.010222248 -0.6432162 -0.5097697 -1.1742122 -0.7020361
513 -0.48045006 -0.0036870067 0.04721327 1.171907 -0.19214815 -0.4126852 0.22667883 1.2072437 -0.63623095 0.10738891 0.8348778 -0.50370514 -0.3699719 -0.62893736 -0.092440315 -0.08827223 0.1413375 0.26951528 -0.5981061 -0.2856059 1.188332 0.59299415 0.7014535 0.32172397 0.3309913 0.17745146 -0.36668566 -0.21451305 -0.037356548 -0.6646007 0.17545815 0.701425
601 0.16212822 -0.48492387 0.7061003 -0.78997034 -0.23844126 -0.42031226 0.6327914 -0.25145525 0.17702812 -0.34541634 0.13422583 -0.70699525 0.78086615 -0.3626327 0.6118115 0.08282554 -0.29435676 -0.3219224 0.25750998 0.70295125 -0.6578022 1.125104 0.43342313 -0.80880785 -0.0048589264 -0.46108416 -0.9129702 -0.27516294 0.30503628 -0.27049258 -0.52474797 0.73667943
603 0.30940425 -0.5523675 0.21064115 0.8790505 0.39416584 -0.19171289 0.5990697 0.8911134 -0.6649817 -0.36355427 0.82029474 -0.8414253 -0.21090467 0.49665025 -0.5143221 -0.40619668 -0.34673557 0.4045177 -0.33306363 0.076860815 0.84863377 0.57611525 0.914362 0.17057373 0.5078359 0.032620523 0.11737965 -0.3003256 -0.47512025 -0.70270956 -1.0581648 -0.74132794
662 -0.1444446 -0.58243495 0.15287 -1.3067707 0.36139894 -0.7770476 1.059453 0.36829346 -0.8043015 -0.3278427 0.4640141 -0.6244521 0.5609791 -0.16389571 0.42022958 -0.23296018 0.83918005 0.94005835 -0.517368 -0.19497158 -0.5854314 0.15677124 0.30905643 0.9245875 -0.65012956 0.7147265 0.67474025 0.6623482 1.0033858 -0.63107145 -0.583467 0.29724535
709 -0.07737109 -0.39605346 0.27952668 -1.2028396 0.3524281 -0.7960312 1.0733128 0.2947569 -0.56831414 -0.46938673 0.67332995 -0.5608871 0.66084653 -0.41663313 0.3835841 -0.26341465 0.80719125 0.70910984 -0.2909606 -0.17943437 -0.49602804 0.10954751 0.15968633 0.8267807 -0.645921 0.7784413 0.75773585 0.35099727 0.98007345 -0.8359524 -0.44006103 0.269208
762 -0.330377 -0.6617839 0.41451958 -0.39507532 -0.22472472 -0.1972786 0.86032283 0.16442835 0.34835976 -0.089366026 0.15188637 -0.34599665 0.5715202 -0.136229 0.5360254 0.11686449 -0.307673 -0.36304116 0.34457082 0.7128957 -0.9591261 0.6641355 0.2886998 -0.22796369 0.64055794 -0.22798392 -0.55446184 -0.22543204 0.37772825 -0.040440533 -0.35626036 0.51624614
765 -0.6876258 -0.6624214 -0.41395876 0.44936195 0.031895563 0.09685581 0.90274346 0.42809957 0.058089785 0.039154857 0.1708936 0.13185042 0.2156665 0.24149615 0.48520058 0.046507448 -0.22530267 -0.09911906 -0.25953934 0.88434166 -0.43178397 0.6318862 0.3284732 -0.024218751 1.0436814 0.26457566 -0.46793327 -0.14623259 0.3581438 0.29694775 -0.30390978 0.8486042
771 -0.67054206 -0.681068 -0.24409068 0.29564586 0.023694787 0.099079736 1.1888231 0.4302799 0.11240802 -0.062687054 0.35859358 -0.14095987 0.24523944 0.3462949 0.52135354 0.2798101 -0.38180497 -0.23836751 0.040423956 0.84770817 -0.6393076 0.46194452 0.29738793 0.024471885 1.0897703 0.105468065 -0.27659088 -0.0635491 0.32590178 0.3360371 -0.29223087 0.7143769
778 0.21986598 -0.67591983 0.18962137 0.76725966 0.32210946 -0.16089752 0.43011522 0.7274557 -0.7219999 -0.38598496 0.734301 -0.7803882 -0.17406541 0.5342331 -0.48541254 -0.2902313 -0.2798625 0.56131804 -0.22943959 0.1731663 0.66497934 0.70779073 0.86762655 0.012615387 0.41143364 -0.03161312 0.034393787 -0.121655405 -0.6803307 -0.49095544 -1.0383459 -0.7593569
782 -0.12250067 -0.3400294 1.1456404 -0.45394278 0.44175947 -0.19630304 0.5521674 -0.72001433 -0.16097502 0.04552115 0.5264134 -0.9412463 0.7683927 -0.8235578 0.54160184 0.15624538 0.5090351 0.10545671 0.9924879 0.18268219 -0.1818355 0.6537203 0.8143062 0.4161522 -0.7107009 0.36557713 -0.44575986 0.26238793 -0.0935497 -0.73259413 -0.06352566 0.82850635
786 0.06325 -0.4704746 0.7378856 -0.7838359 -0.41305256 -0.3890145 0.6581723 -0.0975593 0.44753742 -0.2127094 0.114927806 -0.67098564 0.791029 -0.3615021 0.5890509 0.16276088 -0.3158264 -0.43738535 0.16129439 0.70421505 -0.6997198 1.1532431 0.47433308 -0.6289363 0.21596856 -0.33204237 -0.8915808 -0.4422219 0.46955982 -0.22159281 -0.48162243 0.64183444
791 -0.011646009 -0.46368197 1.1094166 -0.54345244 0.4664568 -0.21428224 0.4866284 -0.62594277 -0.10320331 0.15901065 0.3023781 -0.9658848 0.7997594 -0.5913059 0.6122824 0.1823142 0.2505368 -0.046504363 0.8491102 0.2444099 -0.24618602 0.8623488 0.8179822 0.1492846 -0.53374076 0.2707775 -0.7574421 0.3684596 -0.031005342 -0.3589577 -0.15015925 1.0072345
804 -0.020868294 -0.35371462 0.49594986 -1.2150432 -0.08585241 -0.51186085 0.7427537 -0.23383929 -0.24516656 -0.528265 0.47917414 -0.63484114 0.3714207 -0.42857534 0.39276922 -0.28331622 0.5936674 0.26184455 -0.16745959 -0.1413753 -0.38287047 0.23250559 0.08188124 0.30899635 -0.5772396 0.39802283 0.13203302 -0.09365384 0.65867835 -0.96669614 -0.35323107 0.13506383
819 0.13167153 -0.6377229 0.2896428 0.69349694 -0.006376757 -0.13997762 0.41640362 0.5916638 -0.6009766 -0.48854768 0.7919148 -0.7000455 -0.26661116 0.40759844 -0.5425333 -0.48610434 -0.3017313 0.47868484 -0.45082948 0.16011116 0.6794241 0.6223912 0.74305385 0.05507102 0.40257302 0.098903835 -0.03413187 -0.41255525 -0.5388791 -0.75238305 -1.0233945 -0.8302501
826 0.17939577 -0.76685077 0.30754286 0.83020025 0.2494356 -0.21186778 0.464474 0.6245154 -0.878805 -0.34260777 0.7221727 -0.9073929 -0.41164368 0.50796676 -0.5731001 -0.53576005 -0.28172934 0.5783943 -0.4295487 0.07203392 0.886964 0.7273572 0.9265339 0.024385115 0.43079066 -0.009718027 -0.21765955 -0.084593266 -0.66951656 -0.73109967 -1.1091809 -0.7513388
845 -0.40520987 -0.020639945 -0.045548502 0.9223429 -0.3857222 -0.31071034 -0.065619014 1.1423098 -0.5523082 0.11539567 0.62977654 -0.3121049 -0.25531816 -0.60387206 0.050556682 -0.09836834 0.2198218 0.5378529 -0.6785843 -0.21538274 1.0016843 0.99425024 0.7175066 0.17069113 0.22466464 0.10861754 -0.34835604 -0.1341778 0.012245973 -0.55817854 -0.036084104 0.5094558
875 -0.51967895 -0.20952347 -0.16377027 0.8336564 -0.41595766 -0.116153136 -0.23268506 0.96150595 -0.51997524 0.07464301 0.49818283 -0.20125435 -0.3008653 -0.43593746 0.04634805 -0.19039074 0.22436358 0.6764268 -0.7741609 -0.10289224 0.85161245 1.1261373 0.66899264 0.17294244 0.27670264 0.13105147 -0.3781565 -0.15582153 -0.14179322 -0.44460294 -0.18731141 0.3582771
938 -0.29295862 -0.5700853 0.18925567 0.74254584 -0.11582987 0.25236905 0.26989344 0.7531829 0.38036942 -0.15372658 0.53548765 -0.15374425 0.10616976 0.2876352 -0.08310473 0.46903923 0.036353357 0.13241687 -0.6643077 1.1130505 0.4790487 0.594907 0.6086602 0.3745821 0.42389482 1.0400779 -0.082152665 -0.7009375 0.10120491 0.2679764 0.124377236 0.5336248
939 -0.2451345 -0.559715 0.036712218 0.63139856 -0.12651382 0.22720055 0.19801728 0.67468727 0.31583238 -0.19941276 0.5997125 -0.10664216 0.036051724 0.39649487 -0.0015969411 0.37127966 0.019846167 0.14236657 -0.7465836 0.99023134 0.4095019 0.7559941 0.5135895 0.28679672 0.46242037 0.90156335 -0.1494498 -0.7912936 0.09723996 0.28847378 -0.060543045 0.48279774
987 -0.36019847 -0.045860402 0.039798103 1.1570181 -0.21456835 -0.43028185 0.16923739 1.2716231 -0.6806728 0.20560353 0.69257534 -0.5206578 -0.40592116 -0.555058 -0.111511864 -0.0957649 0.14708549 0.39556244 -0.70111066 -0.19668032 1.219108 0.5738373 0.85202914 0.37761706 0.31929263 0.1569906 -0.37794474 -0.20380104 0.070978396 -0.59962577 0.06945003 0.6972115
101 -0.29488146 -0.7170725 0.10157662 -1.5376161 0.008545941 -0.71698815 0.8561417 0.23749392 -0.9449928 -0.10544134 -0.018184394 -0.45930195 0.43353087 0.1385351 0.5624235 -0.4903015 0.9402792 1.4522723 -1.2011198 -0.1164625 -0.57070726 0.41248733 0.66276586 1.0939713 -0.7409438 0.9812058 0.38543332 0.9395913 1.2778525 -0.30921754 -0.7831145 0.4335377
131 -0.20538308 -0.568538 0.2804824 -1.4622319 -0.081079125 -0.7994923 1.2996547 0.105712146 -0.6201007 -0.6296931 0.7264932 -0.6492965 0.41427276 -0.38352138 0.38539717 -0.36110178 0.7908669 0.6760938 -0.45684978 -0.15322995 -0.6779615 -0.021719199 0.08771365 0.73757327 -0.50917065 0.6841541 0.67195857 0.0746535 1.0307329 -1.1200498 -0.45238608 0.1895163
265 -0.31346312 -0.4840835 0.27043855 -1.3488847 -0.07198485 -0.71338665 1.0731093 0.13581909 -0.5315171 -0.7247294 0.85357535 -0.66267186 0.39326233 -0.5562009 0.39151022 -0.3811923 0.9282437 0.68433124 -0.38559964 -0.22289057 -0.5299774 0.13749294 0.027898371 0.7934347 -0.68336624 0.74316114 0.6771133 -0.02555415 0.975183 -1.2718222 -0.38507652 0.12819247
751 -0.21372396 -0.48583493 0.45848072 -1.2792518 -0.13104935 -0.66195714 1.0769954 0.019171536 -0.397028 -0.74648434 0.82931995 -0.65569615 0.38890886 -0.4852372 0.23669036 -0.2088022 0.74070174 0.4998608 -0.25680533 -0.09544043 -0.59937733 -0.046604488 -0.060960937 0.6633116 -0.66931456 0.6018789 0.59633535 -0.267142 0.7818679 -1.1238489 -0.14551045 0.25599957
784 -0.016681895 -0.32097438 0.3691994 -1.4883305 0.00035318776 -0.7808445 0.9741592 0.11713556 -0.37635547 -0.6920532 0.7622861 -0.58768994 0.6353118 -0.58004373 0.45259967 -0.30436686 0.9218828 0.65526193 -0.5249215 -0.19118848 -0.4437958 0.28723043 0.06461002 0.6182929 -0.7488806 0.7247086 0.54411334 -0.15878978 1.0972213 -1.1753621 -0.3578712 0.2493196
210 -0.18454365 -0.6248204 0.15251964 -1.3089501 0.23520462 -0.678017 0.90058535 0.26135993 -0.80013347 -0.25466785 0.18615092 -0.47593412 0.53585166 -0.02020083 0.51456445 -0.44130513 0.7623272 1.2084545 -0.7063722 -0.07888373 -0.6372148 0.29051352 0.5138054 0.98095536 -0.58720136 0.827101 0.5912671 0.78368723 1.0838659 -0.49179506 -0.83684933 0.2439239
268 -0.09961787 -0.36982584 0.23553237 -1.179478 0.16406965 -0.7572966 0.95228004 0.37521705 -0.49372637 -0.5688824 0.6592402 -0.50166285 0.66935384 -0.5083125 0.38620722 -0.38981444 0.71323717 0.7116046 -0.41839704 -0.20302564 -0.6439186 0.15231422 0.076460436 0.73142546 -0.6604795 0.65504724 0.70444304 0.14184539 1.069836 -0.8489374 -0.5333971 0.32394207
533 -0.3374868 -0.5136849 0.12522483 -1.2054756 0.0912989 -0.8045775 1.0237299 0.39820856 -0.69973475 -0.29415032 0.48094833 -0.40868524 0.50699675 -0.37717816 0.5246502 -0.4400533 0.78492796 0.85364664 -0.49248904 -0.22120032 -0.7007356 0.01761489 0.29119876 0.99818945 -0.418661 0.75602233 0.66655535 0.51858854 1.2230456 -0.7433493 -0.6293031 0.35909688
779 -0.13234596 -0.50047773 0.13505515 -1.2571008 0.2608022 -0.7534478 1.2398002 0.21707758 -0.8023093 -0.43738136 0.46255368 -0.5612378 0.51629674 -0.12922354 0.3535199 -0.46137908 0.7178291 0.9574759 -0.54576844 -0.18304498 -0.54964054 0.10729897 0.30185193 0.8831089 -0.617134 0.84119743 0.72736436 0.6146692 0.9921147 -0.7767712 -0.7329084 0.19052951
211 -0.13895851 -0.7378406 0.20447183 -1.402622 0.26975438 -1.0669503 1.1049583 0.41995856 -1.0679624 0.008343007 0.10739979 -0.6857473 0.43549412 -0.05923402 0.39702934 -0.30235907 0.8198133 1.1680447 -0.79070294 -0.20689766 -0.61803263 0.0035634332 0.61261857 0.93532956 -0.5533028 0.66268796 0.45106325 1.155341 1.1592771 -0.3791004 -0.659914 0.42058694
