15 -0.17960523 -0.48014924 0.055620108 -0.6949086 0.24364676 -0.5270675 0.9383108 0.15107238 -0.8619368 -0.22364767 0.078768834 -1.079619 0.07410583 -0.1329792 0.60039157 -0.6113818 -0.114319794 -0.16893293 0.11985118 0.256277 -0.040079013 0.73700166 0.00864046 0.23957123 -0.030500554 0.969794 0.10388112 0.3360326 0.1505481 -0.23066287 -0.4555192 0.20304206
17 0.06676491 0.08881195 0.21010947 -0.2428543 -0.3438433 -0.5319203 -0.24792068 0.19283761 -0.43890336 -0.25790164 0.37358654 0.014495116 -0.62916875 0.19740452 -0.26906508 0.6616976 -0.11130138 0.48306802 -0.47196677 0.061892632 -0.24697371 0.22446232 1.0846354 0.0021217049 0.4376178 -0.26787457 -0.48584902 -0.15192772 0.5272294 -0.7723252 -0.20387237 0.015718134
21 -0.6029309 0.12613426 -0.14415078 0.17550673 -0.13577081 0.1152207 0.72251827 0.09488853 -0.6435557 -0.022993164 0.2496667 0.16111754 -0.7429674 0.6538024 0.19582544 0.5767561 -0.13345519 0.41086957 0.103694804 0.2745305 -0.4546847 0.33190766 0.6227228 0.09096779 0.18705751 -0.08616969 -0.21552049 -0.16906358 0.5830335 -0.7394858 -0.010606815 -0.09627139
29 -0.29175287 -0.45395195 0.09616006 -0.81538135 0.61500114 -0.3503104 1.2167166 -0.045587122 -0.7098946 -0.2912368 0.35584044 -0.47559378 0.35232106 -0.14609715 0.66390866 -0.4759619 0.02691681 -0.25946644 0.11440419 0.6377823 -0.11535395 0.71865064 -0.019593032 0.010975806 0.22136076 1.0915724 0.13951738 0.4045154 0.48679292 -0.48480988 -0.47384414 0.0070396797
35 0.15378933 -0.17199709 0.4539344 0.3275705 -0.2528429 -0.56927073 -0.1906663 0.7305233 -0.34174377 -0.25817358 0.43605587 -0.2621412 0.029422835 -0.07282388 0.08476278 0.65197545 -0.16354871 1.0215702 -0.8725027 0.14269254 1.1270711 0.9932358 1.4176391 0.18467231 0.26622173 -0.20638883 -1.02865 0.02193555 0.14381705 -0.40690383 0.57281125 0.05027865
39 -0.06684409 0.055929728 0.61699075 -0.059919234 -0.0044799102 0.065314844 -0.2720885 0.08954011 -0.2712716 -0.09457755 0.56414664 0.23017162 -0.13732961 -0.07540537 -0.30719593 0.40361956 -0.0942404 0.23280476 -0.37908977 -0.08139859 -0.07640808 0.3560846 0.8810857 0.2706271 0.4637069 0.09089083 -0.45875332 -0.17958373 0.5377351 -0.79042083 -0.37086326 -0.48152882
48 -0.9348727 -0.46561685 0.049878098 -0.21843147 0.33672422 -0.07720599 1.3356247 0.15290037 -0.60601044 -0.0095468275 0.26885802 0.16066052 -0.1659995 0.28690833 0.50188404 -0.0054592527 -0.098355494 0.26979578 0.449267 0.7359257 -0.12918174 0.49492377 0.4091071 -0.27233386 0.17413235 0.4806575 -0.052631415 0.28826246 0.59867024 -0.6213644 0.023070732 0.07988866
50 0.06003024 0.015168568 0.21371123 -0.5477033 -0.31714123 -0.56103617 -0.07603069 0.08941201 -0.3122908 -0.42365494 0.6013714 0.04793603 -0.70423084 0.3141474 -0.27334777 0.8029589 0.02415114 0.5042734 -0.22717646 0.0034238535 -0.65350384 0.14697503 0.78811944 -0.003462764 0.50647575 -0.21405089 -0.63886315 -0.41489545 0.45366615 -1.2424775 -0.43461493 0.05977056
56 0.27500442 -0.2340612 0.56178904 0.5517027 0.0015784985 -0.4566933 -0.052671887 0.7063495 -0.38451713 -0.13964635 0.71185684 -0.012340678 0.168825 -0.31734923 0.11706508 0.83897287 -0.003140891 0.70794576 -0.76733637 0.24052562 1.2990662 0.968294 1.504032 0.11107966 0.5331365 -0.1387818 -1.1570984 -0.17539062 0.04631023 -0.58181465 0.59680843 0.022579338
63 0.2469043 -0.2679026 0.5016285 0.58151144 -0.16264112 -0.4100966 -0.103377536 0.6651306 -0.29947883 -0.12795849 0.5842349 -0.10813494 0.107318304 -0.30603158 0.026858648 0.7730103 -0.07016651 0.7316618 -0.76207083 0.24253556 1.0839636 0.8880133 1.4071519 0.06045226 0.45453426 -0.18559143 -1.0111318 -0.18706857 0.0066593043 -0.5508153 0.5385506 -0.08018639
66 -0.2013511 -1.2148345 0.19400539 -0.23413062 0.0066907043 0.033435795 0.5316804 -0.17727701 -0.4239336 0.14675228 -0.3154066 -1.6516948 -0.11401881 -0.003130441 -0.4890061 -0.9280631 -0.073584214 0.064077295 0.44912988 0.20092523 -0.07535093 1.0697843 0.16274592 1.0214027 0.18455335 0.8528187 -0.27255392 -0.26027 -0.43881327 0.019693632 -0.81999195 0.3773069
79 -0.5335677 -0.0537184 0.33144242 0.29789692 0.11158743 0.42012817 0.8109706 0.043706 -0.6518866 0.10029841 0.4143395 0.32675856 -0.2960644 0.28972638 0.18495357 0.3252393 -0.30186546 0.1896826 0.21881834 0.3032787 -0.24961945 0.29972342 0.6288153 0.3088878 0.35360062 -0.039239485 0.1076056 -0.3235429 0.7065545 -0.7632549 -0.07091653 -0.5046618
80 -0.13154772 -1.3142043 0.14408532 -0.21907736 -0.10630568 -0.036543958 0.56467074 -0.10409138 -0.40534166 0.07385064 -0.23417436 -1.7362834 -0.2322829 -0.04117191 -0.5331379 -0.7449191 -0.02610818 0.13034819 0.37387094 0.27381322 -0.07096756 1.0369564 0.087545455 0.82712877 0.1822054 0.8072419 -0.3264688 -0.3069368 -0.61034083 -0.0066189812 -0.79709893 0.37713715
89 -0.03540519 -1.3454969 0.0047987048 -0.09527765 -0.061470572 0.16610195 0.59463066 -0.17235766 -0.2310399 0.12681031 -0.18762076 -1.5826209 -0.21661542 0.06669154 -0.6295228 -0.57956874 0.044019543 -0.0037762981 0.1076522 0.40012866 -0.2481832 0.9876131 0.25306097 0.81821376 0.18557946 0.7116548 -0.3626777 -0.26980665 -0.78134435 0.23894231 -0.82066745 0.28849077
95 -0.647509 -0.09621481 0.29012802 0.3270953 0.1913341 0.52312165 0.98020035 -0.00035310152 -0.70693576 0.16941349 0.4303801 0.3738613 -0.30969688 0.42756876 0.22499005 0.47972172 -0.2843823 0.09743381 0.16864583 0.38329557 -0.3808744 0.3645394 0.6023982 0.33223403 0.3726661 0.031335823 -0.003402235 -0.3048983 0.7031078 -0.85250276 -0.12662709 -0.56007767
102 -0.9562033 -0.5569073 0.07819877 -0.21169968 0.2422967 -0.042895205 1.2901446 0.08931694 -0.5665574 0.03537964 0.26030478 0.20215993 -0.13162208 0.19057594 0.3530455 -0.07927874 -0.093598425 0.27254835 0.39434555 0.7920491 -0.27968568 0.50049096 0.42559958 -0.2863208 0.1934494 0.5353629 0.062187627 0.33621815 0.6106789 -0.5780609 -0.014008773 -0.029139781
105 0.35916373 0.09158711 0.5850457 -0.46937293 0.010632649 -0.10170427 -0.6876139 0.01869673 -0.013679407 -0.27227238 0.8800519 0.19466126 -0.48387364 0.099180765 -0.49004358 0.5866318 0.0043869987 0.4598574 -0.18986353 -0.0386005 -0.23855959 0.4216066 1.1033654 0.43101916 0.7287251 0.028646542 -1.053332 -0.50476295 0.6525084 -1.2464283 -0.9002378 -0.18752371
113 -0.5837142 -0.5737313 0.21268564 -0.6050779 0.25367397 -0.5252155 1.2729853 0.040841747 -0.5607756 -0.2500011 0.25432852 -0.4446612 0.13197775 -0.21029468 0.6111038 -0.4033739 -0.21445589 -0.10132062 0.2668072 0.5431915 -0.3213836 0.62193054 0.22057474 -0.029766828 0.2047656 0.90309376 0.3955349 0.39722845 0.41758847 -0.51640284 -0.21557908 -0.06234862
116 -0.27373737 0.21966337 0.20455661 0.5009457 0.07049309 0.51074183 0.77229476 0.042553615 -0.8786251 0.10341211 0.2913055 0.20303603 -0.4014212 0.5069176 0.10201807 0.74724835 -0.41704074 -0.10333189 -0.23523922 0.2758138 -0.51856005 0.37907517 0.86985844 0.43074736 0.4100461 -0.14313518 -0.018666586 -0.6099494 0.82758695 -0.8373036 -0.23699318 -0.42383802
118 0.23579213 0.17947991 0.11793852 -0.54419535 -0.31566137 -0.43685326 -0.5106329 0.25741827 0.02774474 -0.4316618 0.63527715 0.06717791 -0.7434627 0.39727125 -0.36877716 0.79053384 0.06252187 0.54235524 -0.5130718 0.1802106 -0.42768157 0.41070467 1.1491526 0.02357652 0.5103428 0.016591838 -1.1112843 -0.19585332 0.5325418 -1.0978403 -0.7036604 0.24194624
119 0.101829045 -0.28697196 0.5073813 0.41375908 -0.108803384 -0.6931843 -0.17026313 0.58424544 -0.5018547 -0.36179972 0.40360323 -0.045169033 0.089425005 0.17230448 -0.063754424 0.8630812 -0.04095436 1.1802585 -1.0592313 0.22093153 1.0006468 1.048288 1.6811258 0.15159738 0.36697006 -0.43310252 -1.1731938 0.02282852 0.20985465 -0.5326773 0.6691511 0.1300213
120 0.12471921 -0.036042165 0.5696738 0.48965532 -0.2727521 -0.39445958 -0.15265821 0.6661828 -0.23698872 -0.13614523 0.5610096 -0.017505106 0.045581337 -0.23435844 0.0905264 0.7307744 -0.10323233 0.5881345 -0.9030884 0.21599323 0.96099603 0.9079277 1.5787934 0.20212804 0.44568366 -0.019902892 -0.8747018 -0.10245043 0.2104786 -0.5270602 0.42740703 -0.04699692
122 -0.117641754 -1.4254417 0.09108083 -0.07107429 0.06397156 0.1864991 0.6394433 -0.21414845 -0.29572132 0.110424794 -0.27770352 -1.6644843 -0.05615879 0.06856936 -0.71842384 -0.67552674 0.094759665 0.0710272 0.099249244 0.5032031 -0.15053102 1.0509611 0.29385784 0.88065904 0.23815703 0.7899322 -0.38538134 -0.050359186 -0.76262677 0.33390325 -0.8761971 0.3428745
123 -0.5235043 -0.64491075 0.29459676 -0.6241498 0.44194958 -0.6339536 1.417786 -0.027729921 -0.7109971 -0.2570966 0.2826092 -0.430406 0.1925562 -0.112233296 0.63165295 -0.25039062 -0.16185312 -0.023980528 0.32087904 0.4909529 -0.19616988 0.5830833 0.0355954 -0.04264133 0.27064615 0.80782473 0.2380609 0.21506399 0.32064235 -0.7293627 -0.10279421 0.036194514
132 -0.29921854 0.12373109 0.30185714 0.5648586 0.10279138 0.5318101 0.81375605 -0.102573745 -0.7131552 -0.006722847 0.2875939 0.28125295 -0.2744861 0.64144313 0.067699686 0.9936835 -0.40594792 -0.03433987 -0.29979455 0.24571377 -0.6308316 0.44966465 0.92583627 0.43167016 0.4847223 -0.2007606 -0.023595465 -0.61462337 0.77400917 -0.99006116 -0.24549235 -0.5848548
134 -0.9206358 -0.5858935 0.23214902 -0.26613855 0.32457942 -0.051494252 1.3126606 0.050532985 -0.5003965 0.069065966 0.40068972 0.1921593 -0.04931289 0.049862254 0.40411434 -0.1150491 -0.2052783 0.27457646 0.60817504 0.7029285 -0.19356327 0.50626934 0.3090459 -0.2968036 0.28141016 0.54426944 0.001556186 0.1354087 0.5460866 -0.7723594 -0.015203577 -0.14944142
150 -0.35616168 0.07035997 0.21061641 0.46573633 0.1300998 0.5480265 0.80386245 -0.058745835 -0.7104351 0.16503008 0.28571817 0.2243875 -0.1757452 0.47691125 0.03616025 0.77630234 -0.32661098 -0.124202326 -0.25461745 0.32430708 -0.69055736 0.40465704 0.900967 0.40732422 0.47099966 -0.08372039 -0.012950272 -0.47956404 0.75895405 -0.76058936 -0.23239037 -0.39148945
153 0.25157073 -0.0033580353 0.57285243 -0.48001593 -0.15712191 0.07606077 -0.73453325 0.078995086 0.1644167 -0.2315928 0.80511796 0.21206863 -0.4566551 0.10366382 -0.6252669 0.6218303 -0.03743555 0.51240563 -0.33697987 0.08621528 -0.38096464 0.44872463 1.2363337 0.3577568 0.68190104 0.13716227 -1.0664542 -0.4495371 0.64563274 -1.184353 -0.975339 -0.25757262
154 0.3476939 0.017502626 0.69908917 -0.5005734 -0.19927032 -0.0016929243 -0.8314635 0.14633837 0.18573949 -0.2481502 0.75696623 0.13991748 -0.35500965 0.056609865 -0.5781522 0.5986012 -0.13648361 0.532346 -0.34975743 -0.025124315 -0.20555821 0.4768889 1.2771573 0.4887889 0.73760325 0.12371838 -1.0019498 -0.49285543 0.69801915 -1.2000545 -0.9547749 -0.18513055
164 -0.11918537 -1.1757388 0.18600924 -0.31139576 0.16774167 0.080391884 0.5561355 -0.2018267 -0.672135 0.11202887 -0.23115945 -1.6600903 -0.15255375 0.062699646 -0.45841047 -0.824555 -0.05230488 -0.092968225 0.2243349 0.1848552 -0.118349046 1.0566133 0.16903609 1.0535489 0.19251019 0.91658735 -0.43494797 -0.24583152 -0.4657414 0.06750916 -0.7656437 0.37152097
172 -0.43866643 0.00197639 0.35828498 0.5818804 0.08616703 0.6572049 0.83699805 -0.05593428 -0.70583177 0.06994815 0.27370143 0.19862916 -0.22562121 0.59632313 0.027847465 0.762925 -0.4731022 0.05385695 -0.2360357 0.28659278 -0.5847171 0.4423775 0.9485476 0.4785016 0.42879865 -0.23898974 0.12967193 -0.5998613 0.80804884 -0.8713211 -0.21744597 -0.6673695
179 -0.7079709 -0.59632486 0.25080463 -0.5614469 0.13962093 -0.56366426 1.2529179 0.09231217 -0.630767 -0.1948264 0.14320555 -0.3876655 0.13710645 -0.18197542 0.56584424 -0.37832618 -0.19645852 0.026533887 0.21941635 0.5768226 -0.29140642 0.617757 0.37262532 -0.116893746 0.16113533 0.80039954 0.42807236 0.41045526 0.4242568 -0.5830084 -0.14367694 0.0026811599
181 0.01231611 -0.42863718 -0.0019124793 -0.50957006 0.22516218 -0.4612251 0.82005733 0.3321291 -0.86366904 -0.24667521 0.22501123 -1.186202 -0.05565967 -0.02632009 0.6305565 -0.47633904 0.14078642 -0.24068344 0.13764733 0.06344781 0.16736832 0.7112651 -0.14310095 0.39245334 -0.11111308 0.95117176 -0.17966579 0.15823117 -0.049400184 -0.21354572 -0.49495244 0.2781815
184 -0.9032837 -0.6248903 0.19880155 -0.31786874 0.27299124 -0.091372594 1.3221245 -0.02691791 -0.5749521 0.0742418 0.44549292 0.23016387 -0.08694094 0.047415722 0.23246253 -0.035047542 -0.061321214 0.30783162 0.5478576 0.7963237 -0.2617627 0.54679954 0.25709778 -0.3203998 0.29401842 0.58798945 -0.061415646 0.24677058 0.46595085 -0.7350129 -0.008791789 -0.10227756
185 -0.8923032 -0.5146748 0.07694114 -0.20182833 0.22364296 -0.07205521 1.3374574 0.15142816 -0.48550004 0.026896702 0.2944688 0.16315924 -0.24156418 0.32786447 0.36576638 -0.0015370657 -0.111446284 0.29220372 0.5439596 0.7365421 -0.26096264 0.44873884 0.3074237 -0.28788185 0.18570155 0.4220256 -0.04704526 0.19461073 0.4880264 -0.71744245 -0.049113333 0.03287223
194 -0.8174802 -0.50449556 0.14000237 -0.25284025 0.22726986 -0.062348444 1.2403976 0.06754207 -0.58187306 -0.00065910816 0.34935337 0.12819009 -0.2590605 0.19520886 0.35157296 -0.06478917 -0.119009994 0.32022172 0.54249066 0.7161081 -0.18200453 0.44363943 0.2641587 -0.30330366 0.18920593 0.49864927 -0.039610725 0.18171899 0.49244523 -0.74314487 -0.10447569 -0.11052748
196 -1.069589 -0.47940493 0.05365596 -0.07914006 0.30049136 0.2418093 1.2791796 0.16566128 -0.6112416 0.15155002 0.44678223 0.4673021 -0.3815717 0.4726876 0.19929469 0.17384185 -0.051713455 0.5169426 0.5659871 0.81391126 -0.17026372 0.43844855 0.39076596 -0.19595803 0.21512018 0.32225406 -0.23967627 0.2077158 0.74686503 -0.78034586 0.012732901 -0.015598982
205 -1.0976903 -0.54313815 0.14021498 -0.18630211 0.37009996 0.062574886 1.4345901 0.18734668 -0.6260083 0.07834151 0.3839302 0.30817968 -0.29368702 0.47418615 0.38403305 0.036073484 -0.10221746 0.4399622 0.5096728 0.8013156 -0.24583143 0.41006145 0.43225116 -0.20871206 0.17721367 0.42738092 -0.06654939 0.30686164 0.7267021 -0.785597 0.030089855 -0.0055468134
209 -0.016517255 -0.32936734 0.10045256 -0.5126136 0.4880781 -0.39557615 1.0358325 0.08468587 -0.75684536 -0.19491841 0.23674443 -0.79319054 0.27718198 -0.17442784 0.6619407 -0.49995026 -0.0040587746 -0.2993335 0.17097363 0.41949734 0.08498393 0.6683374 -0.028869923 0.23112492 0.111012496 0.9108715 0.15433306 0.2383172 0.25387257 -0.2693192 -0.46337733 0.09752467
222 0.16309205 0.13601139 0.49828196 -0.43825457 -0.20944561 -0.087729655 -0.7117643 0.084030315 0.1903173 -0.2574358 0.69622296 0.12515163 -0.46397546 0.14401935 -0.5253995 0.6404042 -0.04649231 0.3581215 -0.38862813 0.013633737 -0.3858656 0.48075166 1.3543582 0.42771953 0.6365602 0.16321124 -0.90238935 -0.3988432 0.6815379 -1.1294235 -0.8652959 -0.115914315
223 -0.40521345 0.054707464 0.24471037 0.49221832 0.2489308 0.64077044 0.83832806 -0.07838919 -0.8337122 0.1315746 0.2799299 0.26716805 -0.25204602 0.70220447 0.07428276 0.8393938 -0.37854916 0.078045495 -0.18303889 0.30661768 -0.6315171 0.42951837 0.82142526 0.38535592 0.4235774 -0.19826718 -0.13883182 -0.5532436 0.87685233 -0.9187093 -0.24987371 -0.45978472
240 0.21133636 0.1638097 0.48288184 -0.4704387 -0.11739764 -0.036561694 -0.7692474 0.0436517 0.15854113 -0.2591322 0.7299813 0.21774092 -0.38695592 0.109701745 -0.5144616 0.5544897 0.0057402635 0.3554869 -0.5168959 0.08933078 -0.33913743 0.5878793 1.3480195 0.44463316 0.63873416 0.26361328 -0.9349624 -0.3155643 0.71918845 -1.0239347 -0.86268497 -0.13601641
242 -0.44060618 0.16796283 0.25304058 0.58994246 -0.029711783 0.5938861 0.76073533 0.06724205 -0.6973327 0.20153445 0.24085316 0.18702932 -0.28244355 0.52304506 0.111595616 0.8030961 -0.43935663 0.013999728 -0.2382959 0.23198788 -0.51861936 0.47909462 1.0310311 0.48710248 0.403345 -0.11671726 0.0012901571 -0.59075725 0.7951895 -0.8275928 -0.1731319 -0.42181632
253 -0.45608735 -0.49092755 0.11597062 -0.8646357 0.60116655 -0.5211103 1.4211063 -0.028055495 -0.68969387 -0.3446541 0.31434485 -0.47718886 0.3807554 0.019855997 0.7072882 -0.36114457 0.0013258017 -0.15155958 0.13061395 0.66937685 -0.3094566 0.7243477 0.06652746 -0.056910403 0.21164575 1.0937418 0.19820035 0.47168854 0.48516375 -0.6520707 -0.44655803 -0.02522619
255 -0.1499008 -1.2480425 0.20091866 -0.28363633 0.17099234 -0.15753235 0.6483181 -0.29016033 -0.63928276 -0.1211898 -0.14038819 -1.6090311 -0.12285261 0.12717348 -0.47055963 -0.707902 -0.015477376 0.08284332 0.34507495 0.15819542 -0.18452536 0.9101553 -0.0951495 0.81479806 0.23926368 0.7393074 -0.3589659 -0.2430755 -0.6214669 -0.1323804 -0.6718422 0.18531467
267 0.16418312 -0.21960437 0.46694794 0.42010054 -0.26042974 -0.50072575 -0.10682625 0.66401553 -0.2752242 -0.21199064 0.64250827 -0.08261937 0.05483629 -0.22055738 0.08394674 0.8121598 -0.12794997 0.78608924 -0.75029194 0.20966701 0.9972024 0.9223542 1.4011619 0.00829234 0.43543667 -0.10670049 -1.0355276 -0.18304484 -0.034988496 -0.6052448 0.4918881 -0.10618359
271 -0.3421455 -0.37228182 -0.013375031 -0.71320736 0.4462192 -0.50786453 1.3791037 0.15264708 -0.6796416 -0.23563923 0.3376328 -0.5399386 0.1212476 -0.03054561 0.8128351 -0.3914376 -0.05991946 -0.19704546 0.27700025 0.63950187 -0.14213772 0.6846084 0.017753283 -0.14555128 0.11694701 1.0273782 0.101814866 0.33368862 0.39109215 -0.5647854 -0.51607984 0.120573424
272 -0.0068727983 -1.3861058 0.18679273 -0.03700756 0.06393444 0.14691733 0.6106968 -0.30311295 -0.4008396 0.14032742 -0.10218296 -1.5493693 -0.02270171 -0.12593937 -0.6762549 -0.57412916 0.10515212 0.055348 0.31647357 0.38173258 -0.16609585 1.0504346 0.047003042 0.777687 0.29224432 0.6505372 -0.45583302 -0.3911816 -0.79318637 0.05745938 -0.79598004 0.20587534
273 -0.92322034 -0.49272078 0.10227783 -0.067774914 0.32598823 0.123799175 1.4046689 0.23531628 -0.6530088 0.09311109 0.47579834 0.31855887 -0.3568603 0.3975711 0.3999985 0.08123242 -0.022603702 0.3592559 0.60414433 0.7748855 -0.13775449 0.4243171 0.32122916 -0.26881683 0.19152671 0.39994615 -0.22146012 0.21657903 0.5958848 -0.7719659 -0.027980644 -0.033096544
275 -0.40617812 0.19873041 0.3906693 0.5395253 0.16257754 0.66348493 0.76011944 -0.017724035 -0.7103773 0.08376859 0.25845742 0.33332112 -0.26843908 0.58235896 0.11214981 0.69767827 -0.4084578 -0.0649338 -0.2683868 0.25208923 -0.4321953 0.43156567 0.96868736 0.5779545 0.39942428 -0.09394124 -0.017780729 -0.4669205 0.9717237 -0.7878097 -0.29534128 -0.4964474
285 -0.16758893 -1.1788856 0.14093152 -0.18219525 -0.045272674 -0.079494745 0.58607924 -0.13298707 -0.50962716 0.026330935 -0.324147 -1.7001595 -0.17497396 0.091502726 -0.43251604 -0.8179057 -0.11424132 0.09270388 0.26540017 0.14076011 -0.08599976 1.0280861 0.15476567 0.9807432 0.14997272 0.7651477 -0.2516057 -0.24224366 -0.59019005 0.027019735 -0.66384506 0.27423194
311 0.15091288 0.15667455 0.51271856 -0.54561985 -0.22565874 0.00769722 -0.7584845 0.13141765 0.19874634 -0.16411881 0.6470528 0.20497072 -0.41044107 0.07247499 -0.47583896 0.48497212 -0.0757105 0.38842216 -0.3877805 0.10305362 -0.31864527 0.49164394 1.2863913 0.42587063 0.6043185 0.35008124 -0.94783753 -0.28593224 0.7614661 -0.99617165 -0.9870914 -0.04725543
335 0.09598524 0.35636514 0.19823803 -0.6535 -0.33024302 -0.4704843 -0.45190465 0.23400834 -0.07181382 -0.3322412 0.5492511 0.085790366 -0.66416067 0.43888894 -0.16223437 0.688525 -0.0053543206 0.4534122 -0.3676851 0.025985349 -0.44940126 0.38039887 1.1684495 0.067986235 0.4353962 0.13553014 -0.8416717 -0.20200786 0.8340157 -1.1051363 -0.7496287 0.28558403
374 0.020259451 -1.4122357 0.1625365 -0.08981486 0.09287811 0.11835986 0.5393314 -0.2758061 -0.43048397 0.105411746 -0.15275568 -1.6446 -0.030912317 -0.051942702 -0.7486965 -0.5728957 0.09146976 0.09480644 0.19732274 0.28373006 -0.0675022 1.1145115 0.12825976 0.8556185 0.27974313 0.6673461 -0.5685022 -0.2852141 -0.89837664 0.11621077 -0.72946256 0.1895255
431 -0.20795609 -0.6095702 0.110869244 -0.50591034 0.24764071 -0.500933 0.86105555 -0.057791606 -0.83084655 -0.07146467 -0.12407761 -1.10154 0.111974046 -0.07232548 0.35886684 -0.57007897 -0.08050855 -0.21239443 0.19468485 0.26162997 -0.105344296 0.7751695 0.020997355 0.42206845 0.16193578 0.9173076 0.054124035 0.15525934 0.0108396355 -0.19799446 -0.354981 0.19780934
448 0.17650537 -0.28660288 0.5649193 0.5335567 -0.21870841 -0.46283552 -0.12870099 0.68259484 -0.22182918 -0.18900947 0.62540865 -0.1155939 0.1488416 -0.2518818 -0.0022703928 0.7235966 -0.0071473224 0.72902286 -0.94510955 0.2650526 1.0687323 1.0315241 1.5387524 0.1498645 0.44266075 -0.06540948 -1.0543994 0.027578736 -0.034176454 -0.43039852 0.52635425 -0.0095228115
481 -1.0578365 -0.437488 -0.0670806 -0.11877506 0.18537764 0.09995905 1.2255478 0.17087667 -0.59553325 0.14211467 0.34333497 0.30473277 -0.5759734 0.45845076 0.2431906 0.0646116 -0.0031279912 0.4730489 0.60195714 0.754168 -0.19121289 0.41035062 0.44572073 -0.24936864 0.2344263 0.34757233 -0.17894506 0.19135611 0.6463429 -0.70015216 -0.008704113 0.09291724
492 0.03222257 -0.22558531 0.5801993 0.5252519 -0.3526089 -0.37558147 0.08511948 0.8187369 -0.070072 -0.17953548 0.7792475 -0.008013205 0.0388474 -0.35852247 0.14291826 0.8173876 -0.07959442 0.5642918 -0.80768955 0.2503232 1.0670754 0.8522125 1.5700136 0.046141032 0.43836516 -0.035156764 -0.85459787 -0.047469094 -0.053039066 -0.51876277 0.57290256 -0.13948292
494 -0.5587628 -0.36137077 -0.09988707 -0.78335315 0.35001644 -0.55182135 1.4566958 0.16944145 -0.56730866 -0.26584238 0.2318168 -0.38662443 0.11520354 0.041206013 0.804481 -0.28983885 -0.09540802 -0.21168907 0.10342374 0.71775156 -0.29639378 0.68828154 0.24840432 -0.22192772 0.17346682 1.0827625 0.17886819 0.45593712 0.5069558 -0.5452623 -0.43221 0.26191145
496 -0.569291 -0.70380586 0.3136006 -0.6043591 0.4168779 -0.62117314 1.3968562 -0.02669931 -0.75873345 -0.26791218 0.26217037 -0.4763037 0.22004005 -0.07631858 0.5943472 -0.32983318 -0.14825903 0.036839828 0.36558938 0.48903728 -0.17764501 0.5784914 0.091129236 -0.027241461 0.2065527 0.8144125 0.31449708 0.2552065 0.32870007 -0.7098325 -0.10104753 0.0025860607
499 0.046603374 0.05639342 0.29282275 0.46207255 -0.24776204 -0.4881564 -0.17226772 0.69754595 -0.5696249 -0.19003697 0.39300394 -0.19537345 -0.14008047 0.089798324 0.08589894 0.6836343 -0.12291126 0.8488156 -0.94260377 0.22034347 0.9154568 0.9506237 1.4026563 0.14710183 0.18254574 -0.10089396 -1.0577872 0.13301578 0.3359232 -0.30199185 0.49798286 0.08508018
511 0.22640468 -0.06576685 0.4254328 0.16238296 -0.20500873 -0.7373971 -0.22268638 0.494287 -0.50731945 -0.38272917 0.39278302 -0.21290663 0.09721667 0.1049903 0.022686835 0.8586518 -0.06687812 0.82875466 -1.0894483 0.14203538 0.6496857 0.90475774 1.4129078 0.13734104 0.30254582 -0.23710361 -0.99270815 0.041934054 0.101321906 -0.5248907 0.4991569 0.08213009
513 0.16678083 0.09125194 0.5619866 -0.4854189 -0.097225145 0.089602575 -0.77436787 0.09892871 0.24661286 -0.21017331 0.8704865 0.361698 -0.41283888 0.10418372 -0.5830805 0.58309036 -0.046198346 0.561865 -0.38412672 0.18419175 -0.13169609 0.5941294 1.3971245 0.3875022 0.6619698 0.21229832 -1.0985773 -0.3103104 0.8266338 -1.0903957 -0.9678188 -0.24442099
601 -0.1590348 -0.42989984 0.102501035 -0.8190004 0.6483115 -0.5445319 1.1337719 -0.10963671 -0.8794933 -0.3100947 0.22585182 -0.74825066 0.37301636 -0.17538905 0.6758984 -0.5932471 -0.095873095 -0.4076046 0.0043475465 0.43289286 -0.12577708 0.93088126 0.08237825 0.31721207 0.19777341 1.2753026 0.18165293 0.49574664 0.5045427 -0.35140333 -0.5824446 0.15521882
603 0.21553847 -0.23503387 0.5703158 0.4338715 -0.15409712 -0.4566417 -0.19184873 0.61954296 -0.27035466 -0.19571295 0.5899563 -0.045758665 0.11658359 -0.29071411 -0.0075844885 0.8178635 -0.08158072 0.7124404 -0.84590894 0.115089275 1.0416905 0.9153599 1.5382731 0.116317816 0.47939873 -0.19860913 -0.9880513 -0.13836761 0.13540019 -0.56295866 0.49640843 0.0069547603
662 0.91758627 -1.1172048 -0.29051867 0.39539602 0.6088408 0.052177086 0.7171048 0.67777926 0.83570457 -0.8203862 0.14394353 -1.3464558 0.048168197 0.43806434 0.20138626 -0.78104293 0.2278662 0.46277663 -0.07641088 0.55493325 0.6536846 0.44799048 0.7169236 0.10411295 0.30796933 -0.69409066 0.50004137 -0.36456886 -0.22309951 -0.15594403 -1.4271476 0.2877804
709 1.1102268 -1.2316378 -0.24567915 0.42183316 0.82526267 0.27375484 0.69208616 0.51609254 0.823578 -0.90900916 0.25556597 -1.2299669 0.25365642 0.45346773 -0.016866826 -0.59140337 0.37962547 0.28104404 -0.37084758 0.73753464 0.4860822 0.48642215 0.7192977 -0.044282693 0.33889073 -0.6878751 0.34130713 -0.24456175 -0.17084984 -0.034368783 -1.4816908 0.11847605
762 -0.62232673 -0.6022332 0.2415154 -0.68810797 0.2624047 -0.5306654 1.2949867 0.13220878 -0.57336414 -0.23559064 0.19820301 -0.48338008 0.13587904 -0.16688147 0.65264165 -0.40471393 -0.21965578 -0.055269934 0.16368325 0.5664861 -0.23252158 0.61794055 0.26127788 -0.039584182 0.20380415 0.86530733 0.2871746 0.39836138 0.40402618 -0.5400899 -0.14702292 0.08855584
765 -0.7715054 -0.40000516 -0.070605054 0.022854432 0.21697883 0.048893966 1.2336873 0.1652045 -0.58911204 -0.0004389587 0.5521047 0.45461205 -0.52174383 0.4614767 0.20477088 0.33718473 0.022052294 0.33874935 0.5017073 0.7605658 -0.28054148 0.2785548 0.3681277 -0.41050085 0.2991434 0.17402111 -0.32881978 0.06314453 0.5328404 -0.81457436 -0.024177598 -0.051868867
771 -1.0397788 -0.40527663 -0.02921886 -0.103592865 0.3159359 0.15872371 1.2424787 0.1318019 -0.5558611 0.17711186 0.4558661 0.3886934 -0.4291048 0.44876456 0.32414395 0.16699718 0.042344686 0.40533948 0.6271341 0.7746125 -0.24668083 0.49096572 0.45515636 -0.25330526 0.27359948 0.4509096 -0.2906235 0.2304043 0.6794481 -0.74081993 0.020076543 0.0149095515
778 0.09892629 -0.14096275 0.48914656 0.35106665 -0.18368836 -0.48512623 -0.03697174 0.55051655 -0.42541543 -0.23721783 0.5686857 -0.011759334 0.15873875 -0.07213561 0.093645 0.8241871 -0.0814225 0.7262313 -1.0040562 0.2304052 0.8605345 0.95348394 1.4366628 0.09286656 0.32341737 -0.06599558 -0.9917006 0.046659734 0.10622097 -0.44186437 0.56805336 -0.12145839
782 -0.15472054 -1.4594367 0.19295506 -0.1529486 -0.07515957 0.12589227 0.55718267 -0.20982163 -0.34804273 0.10210127 -0.2334048 -1.6892755 -0.113749824 -0.01935683 -0.69052887 -0.71272224 -0.02319634 0.006886834 0.07424938 0.33848155 -0.27376807 1.1138841 0.2656352 0.97834706 0.23278555 0.7976446 -0.3229607 -0.2737011 -0.72943336 0.19932818 -0.7659955 0.18251249
786 -0.33790305 -0.5745392 0.18931915 -0.7330535 0.28882334 -0.5586927 1.1486439 0.16292754 -0.6898379 -0.3035793 0.36682928 -0.873664 0.15868343 -0.33173013 0.7301596 -0.57680124 -0.06794199 -0.19418445 0.28071818 0.27151787 -0.082110174 0.7711633 -0.017621625 0.20336823 0.13113563 1.0960574 0.19275439 0.27331328 0.22225532 -0.5090636 -0.448146 0.07168306
791 -0.012404042 -1.1405045 0.17162584 -0.27954924 0.08150158 -0.21799746 0.65243363 -0.15556873 -0.71197826 -0.012959803 -0.1933829 -1.6734835 -0.13581638 0.017334951 -0.30328098 -0.6909001 -0.0795608 -0.07214621 0.31149656 0.07524314 -0.14734119 0.9508495 -0.0026155869 0.8811527 0.2585991 0.75654894 -0.32317722 -0.40582427 -0.54460055 -0.18067457 -0.5976061 0.34261653
804 0.5910983 -0.9503994 -0.3369759 0.12650712 0.7615309 0.22695763 0.6030574 0.18036377 0.32512665 -0.50344783 -0.16457611 -0.9782175 0.2791449 0.5226934 -0.2299134 -0.5326966 0.39802948 -0.1264482 -0.50494164 0.74240756 0.102258384 0.63637507 0.4414289 0.14036347 0.11115922 0.08135756 -0.054720353 0.16918108 -0.037949238 0.46183884 -1.0267698 0.5449602
819 0.13367206 -0.1178362 0.53996825 0.55816543 -0.3102643 -0.4098954 -0.13643622 0.74782157 -0.16112673 -0.21789846 0.6907451 -0.04730132 0.112581514 -0.21531917 0.11049643 0.7150858 -0.119138144 0.69918776 -0.9240872 0.23243394 1.0001228 0.9288398 1.6088893 0.15276043 0.3682005 -0.13480927 -0.85676503 -0.010951853 0.07941925 -0.46995708 0.4188731 -0.11507179
826 0.22091258 -0.10560116 0.5086568 0.34642285 -0.30895916 -0.5105425 -0.23588039 0.66441745 -0.43952823 -0.254811 0.4699882 -0.21187678 0.11848681 -0.136284 0.104548514 0.6728404 -0.18420252 0.8546643 -0.99590224 0.17842267 1.0071477 0.99447966 1.4648253 0.2672028 0.35010612 -0.15598238 -0.93842965 -0.057379134 0.1822133 -0.43351403 0.48710132 -0.075301126
845 0.21217814 0.19639052 0.43233705 -0.51114315 -0.24114117 -0.1959769 -0.50622535 0.02353149 0.0032125888 -0.28410718 0.73368824 0.21086814 -0.5758303 0.14978775 -0.41185823 0.68199646 -0.091474466 0.4323859 -0.32366598 0.049800534 -0.49690926 0.37817085 1.1139015 0.26084253 0.6280319 0.025439877 -0.8504267 -0.42684224 0.7075892 -1.2104872 -0.8085969 -0.115307674
875 0.12808304 0.24100019 0.19853435 -0.5408472 -0.37263486 -0.44275528 -0.51551336 0.2700965 -0.08605782 -0.36426228 0.68365157 0.017002553 -0.7622312 0.34091756 -0.24685076 0.71649337 -0.09160151 0.5790742 -0.32972562 -0.029490499 -0.3849393 0.34357372 1.1774185 0.19495347 0.5049759 -0.022771737 -0.9437755 -0.31460977 0.62266594 -1.1432748 -0.6144283 0.11153839
938 -0.2874777 0.13259634 0.32014665 0.59559923 0.24078618 0.62979496 0.86409706 -0.051748708 -0.9328383 0.09505223 0.26366642 0.2839827 -0.35443327 0.739068 0.05204256 0.88242584 -0.40869328 -0.0057189027 -0.1847731 0.22644034 -0.54011434 0.42040202 0.8036655 0.4883452 0.4549938 -0.21157448 -0.16013855 -0.6703944 0.8284005 -1.0150902 -0.22347836 -0.5351024
939 -0.3065169 0.10004396 0.30617005 0.5042928 0.16642098 0.6015423 0.78185356 0.030284176 -0.6747915 0.042510185 0.32043636 0.2462823 -0.33191347 0.6397894 0.110633254 0.870381 -0.40640375 0.044505943 -0.1712648 0.15112235 -0.4920088 0.38436267 0.8203137 0.4802262 0.43184516 -0.18926542 -0.033618145 -0.65409154 0.78276193 -0.97214884 -0.2556404 -0.53047734
987 0.17235772 0.15383714 0.45367283 -0.49385998 -0.17546256 -0.10290761 -0.7719498 0.040054094 0.14316429 -0.3071141 0.7532223 0.11818519 -0.5160064 0.10926117 -0.5486548 0.48993275 0.05583034 0.4471619 -0.43488103 -0.04719249 -0.3059152 0.5467604 1.360767 0.45104554 0.665378 0.16619873 -0.96504813 -0.34893352 0.7138254 -1.0746495 -0.86690736 -0.13184461
101 0.5319777 -1.01507 -0.1784109 0.31716865 0.6325359 0.24598193 0.80381215 1.0929564 1.033382 -0.8116954 0.02660753 -1.1504976 -0.2900451 0.8014588 0.37338567 -1.2061754 -0.014406047 0.963984 0.29176927 0.58856636 0.94930154 0.1438524 1.0754962 0.12012095 0.17418462 -0.9433778 0.7572751 -0.1770199 0.44687068 -0.2788137 -1.5484388 0.39059368
131 1.0316354 -1.2190118 -0.28089705 0.22238985 0.90891707 0.37313077 0.71175313 0.28949404 0.8460114 -0.8453192 0.05294052 -1.1583335 0.34781834 0.4321115 -0.23886186 -0.6161136 0.386598 0.0032216248 -0.6351142 1.0188851 0.2668263 0.694467 0.73695076 0.04148094 0.3242109 -0.19863552 0.26530546 -0.028498132 -0.0374813 0.24548368 -1.5614735 0.36048964
265 0.9982404 -1.0033773 -0.3954946 0.5050829 0.9751789 0.3551669 0.7721679 0.37415725 0.5715362 -0.8447452 -0.1051134 -1.3181993 0.37188834 0.6535652 -0.08906824 -0.4935161 0.37751898 -0.16690426 -0.7745901 0.83072114 0.2289526 0.6592804 0.7936986 0.24350327 0.2765661 -0.37601343 0.22858174 -0.0011085744 -0.06454281 0.34759068 -1.3827163 0.35185817
751 1.0000091 -1.2209742 -0.31106895 0.29990438 1.0612656 0.3700338 0.88598925 0.06560125 0.44651747 -0.79435563 0.031043451 -1.18497 0.28918052 0.5140692 -0.2188441 -0.39573637 0.4045642 -0.048373565 -0.43855298 0.90410125 0.1698765 0.67216694 0.35408542 0.073501796 0.30003157 -0.22821012 0.059544507 -0.075444385 -0.30442026 0.16806945 -1.3355798 0.25349098
784 1.1261096 -1.2059345 -0.18630813 0.26812744 1.1603495 0.3805961 0.7806535 0.11359081 0.48807988 -0.7639169 0.03186799 -1.0670718 0.49227285 0.5170602 -0.23886395 -0.36065042 0.35552233 -0.07307032 -0.5939789 0.85464627 0.26373777 0.7040531 0.47323334 0.02918845 0.31463543 -0.27499056 0.0050485395 -0.17024292 -0.17035449 0.19756623 -1.346553 0.20558438
210 0.7208948 -1.2187936 -0.20516714 0.28351188 0.67138904 0.28117216 0.75135034 0.86309314 1.007742 -0.8911124 0.21227439 -1.1215594 -0.16649292 0.6500677 0.107158326 -0.9863955 0.17609382 0.79247355 0.18805863 0.71056336 0.7561135 0.24609615 0.91647464 0.00597977 0.28769138 -0.90520597 0.60239965 -0.33726227 0.2586077 -0.2950977 -1.6115943 0.27245912
268 1.2152116 -1.2486941 -0.2873889 0.26012325 1.0339682 0.18370345 0.8280219 0.3303416 0.7031792 -0.909498 0.21122478 -1.1333796 0.2547352 0.61982507 -0.076745495 -0.42051086 0.37696138 0.18689096 -0.32066855 0.8380558 0.38166243 0.48176593 0.47255778 -0.15642154 0.370641 -0.5648356 0.09575124 -0.34227863 -0.16650864 -0.088203035 -1.4668885 0.27717912
533 0.95472234 -1.119868 -0.3620976 0.243947 0.7243381 0.02421706 0.8488812 0.5740028 0.8593246 -0.87848526 0.086134 -1.2973808 -0.009785333 0.64978075 0.05775907 -0.6858779 0.25533128 0.28085306 -0.22841617 0.7456675 0.37801054 0.38054842 0.770287 0.020340651 0.31650826 -0.58264357 0.49134183 -0.27468568 0.002141465 -0.116881385 -1.5807668 0.43556362
779 0.95821595 -1.0249465 -0.36896786 0.32485363 0.67185044 0.14546517 0.7817179 0.7316677 0.7876416 -0.9596602 0.19842851 -1.2967457 -0.010566123 0.56689394 0.28140038 -0.68507034 0.29223496 0.2905461 -0.2417003 0.65958786 0.50494117 0.33214486 0.77890396 -0.04560807 0.22283341 -0.6854862 0.50722635 -0.22501388 0.032679077 -0.12112971 -1.5423514 0.30254167
211 0.7204129 -1.175494 -0.24039808 0.324933 0.41005003 0.17650147 0.6903348 0.98310214 1.0489429 -0.9484977 0.16136938 -1.2979022 -0.36248907 0.48591903 0.19504547 -1.1000485 0.037435267 0.8573726 0.19923931 0.63316905 0.89757204 0.34965014 0.88225436 0.10441295 0.29257318 -0.88969123 0.677116 -0.5104102 0.2280767 -0.32484987 -1.6680331 0.40096372
