15 0.044159934 0.26271322 0.1234105 -0.12218397 0.6054533 -0.033300404 0.24868953 -0.3154755 -0.400703 0.3582393 -0.07275948 -0.7970022 0.36722505 -0.72472894 0.15798946 0.6525194 -0.20363723 -0.6139803 0.033184078 0.60677063 0.3535945 0.45214567 0.7978121 0.49804044 0.82828957 0.76702064 -0.27929628 0.11844995 -0.12072209 0.12627634 -0.20815715 0.3220303
17 0.08156659 -0.25088906 0.9512357 -0.29514474 -0.21234682 0.08828766 1.1538252 0.930795 0.8231669 -0.66299677 0.039548114 -0.23565799 -0.19180736 0.28143778 -0.17367671 0.30791712 -0.91519773 -0.13231397 -0.63831794 0.07707715 0.67969346 0.70553386 0.1130754 -0.1407658 -0.660243 0.18226981 -0.20052284 -0.66098434 0.8096925 -1.0101526 -0.33104533 0.8270094
21 -0.26189566 -0.27197263 0.43833044 -0.07881679 -0.12756911 0.17537504 1.1564175 1.2774346 0.5265411 -0.5924666 0.2878568 -0.2352349 -0.09138255 0.40317762 -0.13285649 0.2239991 -0.85514617 0.22168958 -0.23479405 -0.2166122 0.4929142 0.6544254 0.2683828 -0.1065898 0.17746322 -0.14069939 -0.15462033 -0.45812967 0.41597572 -0.42121485 -0.21404438 0.3404817
29 0.21084693 -0.10558533 0.29575405 -0.13335945 0.46686912 -0.5180648 0.40929452 -0.5782371 -0.54511327 0.08018149 0.2920373 -0.8091634 0.19145517 -0.30427915 0.25968164 0.84043276 0.50398093 -0.16031274 -0.25654453 1.1907856 0.3946781 0.73044723 1.0390247 0.19416165 0.33451438 0.8186728 -0.59546345 0.64198124 -0.27973145 0.19178061 0.055439122 0.55899906
35 -0.34881765 -0.2453186 0.37487692 -0.16408664 -0.060547963 0.04150048 1.05724 1.1991637 0.46619394 -0.6829901 0.35777783 -0.3295974 0.033922657 0.45978072 -0.22014451 0.121488504 -0.92017233 0.2825429 -0.15167741 -0.08070631 0.42411378 0.6946456 0.2791457 -0.15507182 0.21450458 -0.123836085 -0.07419878 -0.2679594 0.4480448 -0.33730483 -0.12712255 0.47514313
39 -0.4457837 -0.2073093 0.4256094 -0.12135539 -0.16249314 0.012458102 1.0587046 1.2142045 0.5088 -0.71269095 0.38433725 -0.3421679 0.08769018 0.4521119 -0.21089514 0.025233358 -0.93267024 0.2666934 -0.14443456 -0.0929505 0.3800118 0.6947714 0.33815193 -0.11058528 0.21293962 -0.13640106 -0.045681577 -0.33234704 0.39366382 -0.4206127 -0.13976435 0.42579985
48 -0.013797909 -0.80586153 0.37280342 0.16983104 0.4720041 -0.2617871 0.5946659 -0.31861603 -0.5155891 0.15966085 0.068325154 -1.1807858 0.29658875 0.06364797 -0.3445613 0.17987037 0.5520097 0.055332713 -0.27381372 0.40645432 -0.2548293 0.6399625 1.1501951 -0.027237736 -0.0069115236 0.458455 -0.5317566 0.388142 -0.48532245 -0.13649367 -0.14500153 -0.04631258
50 0.08420491 -0.34825885 0.8577676 -0.2458715 -0.19359764 0.12572175 1.1690692 1.0196905 0.66176665 -0.5927356 -0.026835253 -0.11436011 -0.13764744 0.21235228 -0.18862508 0.29545882 -0.8048922 0.00023097039 -0.6627784 -0.11448028 0.5504059 0.64700085 0.106276006 -0.1013581 -0.5508901 0.13407493 -0.20766453 -0.7082599 0.7377298 -0.9659233 -0.3550465 0.63724333
56 -0.2944588 -0.49847135 0.1689569 -0.18917152 0.22718002 0.26931754 0.703131 1.4751478 0.45874208 -1.1030103 0.15864547 -0.71867394 -0.36364183 0.743364 -0.3340482 0.2795464 -1.2409339 0.28928646 0.08632453 0.036233798 0.52290314 0.31056586 0.4993898 -0.13338956 0.60884655 -0.2074565 -0.04626717 -0.45443144 0.12797974 -0.10047411 -0.17625408 0.45618978
63 -0.46214685 -0.14601463 0.3744949 -0.13505694 -0.19715978 -0.11291136 1.1781391 1.1478 0.4757316 -0.6680695 0.44079736 -0.32827646 0.098960385 0.4294883 -0.17954911 0.15491314 -0.9042521 0.3256101 -0.11656078 0.020589659 0.3674503 0.7547473 0.28522983 -0.0963121 0.19979519 -0.15321241 0.008722183 -0.20456484 0.41796863 -0.352745 -0.08528348 0.4380023
66 0.2041179 0.37954414 0.31032953 -0.24712464 1.1111236 0.6321476 0.170367 0.0022010899 -0.3453905 0.31978655 -0.005355302 -0.46225762 0.77296734 -0.8961464 0.5363287 0.17997232 -0.20659502 -0.88409317 -0.06693841 0.38145578 0.27346057 0.34708336 0.7954551 0.799917 1.3687443 0.520287 -0.29644966 -0.42167783 0.13871844 -0.4710875 -0.1905945 0.80064565
79 0.08582296 -0.7789205 0.3799783 0.16320619 0.3876926 -0.18915313 0.7036855 -0.2721218 -0.6247924 0.2016218 -0.011405452 -1.0081836 0.38380933 -0.20360516 -0.31221795 0.29046485 0.5687275 0.028426826 -0.3541848 0.26913098 -0.19234629 0.69886565 1.0198879 -0.114380464 0.056702036 0.47604364 -0.6125332 0.35005346 -0.48011315 -0.07293221 -0.14202845 -0.19284719
80 0.10389643 0.21607205 0.061504718 -0.31086898 0.80233324 0.18719287 0.18514134 -0.02512114 -0.59801555 0.3430464 -0.07815789 -0.7162577 0.7075537 -0.7630423 0.47407103 0.3609344 -0.19128083 -0.5996671 0.027358508 0.35704294 0.39763215 0.4399644 0.5258845 0.523664 1.0737222 0.7508493 -0.27005816 0.06043569 -0.016405828 0.07781461 -0.020077094 0.5717243
89 0.30741245 0.25541627 0.26735604 -0.1802182 1.2003756 0.68063605 0.010394088 0.12216919 -0.30424047 0.20567593 0.09018734 -0.19649644 0.68474746 -0.71093386 0.5260112 0.13427664 -0.10314574 -0.77537566 0.009828658 0.432473 0.28482214 0.18828517 0.85760105 0.8358086 1.4998157 0.3802523 -0.24813244 -0.48609778 0.06356102 -0.43188465 -0.33893433 0.7030155
95 -0.39391646 -0.52580404 0.062409397 -0.23074414 0.28256086 0.25962943 0.7890956 1.3935827 0.4968226 -1.0944315 0.070251204 -0.83905274 -0.22018899 0.67091286 -0.41909155 0.3541313 -1.3099023 0.24209803 0.16985595 -0.0028331128 0.42782506 0.3938353 0.36094955 -0.2206631 0.56745815 -0.14044568 0.075247936 -0.5166681 0.24620785 -0.1086722 -0.062175203 0.43788493
102 0.042987283 -0.7894875 0.4424921 0.19025572 0.36296907 -0.11144166 0.70332146 -0.19966161 -0.6267047 0.23468092 -0.028258443 -0.99103636 0.38865337 -0.3180352 -0.26702392 0.28029972 0.49164352 -0.09783585 -0.27582932 0.16771165 -0.1245675 0.65635127 0.8902047 -0.09045138 0.06721374 0.5469911 -0.6247535 0.30192435 -0.5243957 -0.019770943 -0.14571083 -0.14624667
105 -0.50357765 -0.13498126 0.4167919 -0.11954592 -0.17237253 -0.10306315 1.0905198 1.0987785 0.5452658 -0.65447855 0.39891475 -0.38974437 0.058513198 0.52545524 -0.31039512 0.06515625 -0.9700407 0.25699764 -0.14956748 -0.05410892 0.3661852 0.7660253 0.37552273 -0.06885401 0.1522844 -0.12902215 0.009088645 -0.2134211 0.4281845 -0.43242192 -0.16187778 0.4361478
113 -0.0019530196 0.086580925 0.101463 -0.1523216 0.42175785 -0.043217577 0.33652303 -0.27649024 -0.5197039 0.39119843 -0.10562489 -0.816257 0.38637823 -0.7978823 0.29038504 0.62508935 0.003074925 -0.41305575 -0.077929065 0.6122543 0.4394418 0.5308774 0.64745414 0.39661983 0.70284176 0.91704303 -0.4421062 0.21300176 -0.09976805 0.16269673 0.055716716 0.42049667
116 -0.21378256 -1.1280614 0.47089067 0.0804702 0.36607164 -0.14152099 0.5487049 -0.24514116 -0.54458433 0.0601834 0.052726712 -1.2600619 0.520757 0.0972316 -0.33924028 -0.058679275 0.7262544 0.32671586 -0.40656462 0.13053374 -0.42121536 0.7093329 1.2868354 -0.15404622 0.0971711 0.42849216 -0.7707626 0.18866183 -0.5790341 -0.35375258 -0.0698456 -0.12906927
118 0.0328664 -0.2521868 0.9199 -0.1640568 -0.16275078 0.18574037 1.2779739 0.99536943 0.76462525 -0.51823276 0.07375755 -0.06391604 -0.18577398 0.22575557 -0.06727377 0.40753734 -0.77689743 -0.06788199 -0.51009417 -0.037195444 0.5784296 0.70648223 0.12888962 -0.16358078 -0.51078755 0.1492787 -0.19917849 -0.60331917 0.7563192 -0.8751963 -0.39554387 0.5985108
119 -0.3643521 -0.5962014 0.016822383 -0.22235464 0.2957624 0.3545528 0.7610866 1.3566145 0.4435819 -1.1084632 0.09192284 -0.8277419 -0.31938687 0.7042403 -0.43279907 0.3503215 -1.3011608 0.2786826 0.15544671 -0.06021265 0.47124234 0.4247041 0.39881217 -0.24732392 0.6073717 -0.17267318 -0.05582405 -0.49788502 0.18539177 -0.054454263 -0.08393952 0.5018187
120 -0.5773884 -0.29878113 0.2943097 -0.15461843 -0.13701038 -0.14586136 1.0702919 1.312518 0.36274606 -0.85336447 0.5631209 -0.35409662 0.22352211 0.54863566 -0.13671422 0.00062061485 -0.968821 0.47108984 -0.05381204 -0.0111373635 0.3723724 0.7839231 0.28235206 -0.06481678 0.43780446 -0.24733599 0.08036868 -0.19242586 0.35954297 -0.30850142 -0.11312311 0.3842078
122 0.13865985 0.031952173 0.2458987 -0.15498638 0.56085724 -0.16550896 0.25929615 -0.19919124 -0.43291953 0.22566277 -0.08085544 -0.6509426 0.27245948 -0.66121846 0.3232387 0.64060587 0.052094508 -0.4086391 0.049778193 0.74880385 0.43055877 0.38881838 0.67051816 0.36164325 0.6363907 0.8726143 -0.28330776 0.3143943 -0.13514456 0.24606887 -0.23310277 0.23835804
123 0.072144754 0.1686468 0.02337887 -0.08018882 0.580653 -0.00492108 0.34852937 -0.16082443 -0.572536 0.35911864 0.0017013317 -0.7703894 0.28052774 -0.6250982 0.3265711 0.66598254 -0.047262184 -0.38763267 0.025859978 0.66674834 0.41440222 0.50827914 0.7340187 0.5165513 0.894412 0.7443698 -0.30611578 0.17891482 -0.1545991 0.2493212 -0.021156162 0.34004745
132 0.034966614 -0.20658234 0.85391194 -0.22213799 -0.21100333 0.066786066 1.3132259 1.0304227 0.70837796 -0.59158915 0.16028695 -0.021116475 -0.039887637 0.27618155 -0.06699398 0.37454325 -0.7813882 0.033516508 -0.6408827 -0.0040193284 0.62274593 0.78378403 0.09115761 -0.14368385 -0.46589312 0.0934922 -0.20602304 -0.54017997 0.75274026 -0.8209662 -0.32455808 0.6334019
134 0.0958024 -0.24261606 0.9326908 -0.16238643 -0.17710432 0.12927663 1.2964138 1.0433387 0.8020248 -0.6100122 0.050827675 -0.017952088 -0.13707003 0.19079569 -0.079336934 0.42281222 -0.8460191 -0.06449751 -0.58029157 -0.037959807 0.60173553 0.71338046 0.18158828 -0.11761229 -0.49673346 0.15537357 -0.14910944 -0.63990283 0.797646 -0.9590064 -0.48102596 0.55784696
150 -0.23882203 -1.141107 0.55530167 0.12462347 0.36520013 -0.06927976 0.53812253 -0.43207142 -0.50206596 0.13992263 -0.0463432 -1.4711646 0.5596219 -0.026907474 -0.3836527 -0.058851868 0.6458385 0.14757684 -0.4213312 0.014607463 -0.5054226 0.6631948 1.2825134 -0.111743666 -0.046966746 0.4454351 -0.8441934 0.1279298 -0.64596397 -0.44419482 -0.008843111 -0.0063345623
153 -0.003838224 -0.23617205 0.84910816 -0.18094328 -0.20707409 0.13298923 1.3273576 1.0300052 0.72407496 -0.56822777 0.07486084 -0.08641365 -0.1378661 0.33219326 -0.112367354 0.39035147 -0.8009633 0.015604879 -0.6128222 -0.06785968 0.56663555 0.72013664 0.19574885 -0.12059726 -0.52094805 0.111681215 -0.21589246 -0.5654113 0.70659566 -0.7894398 -0.32701662 0.5777298
154 -0.63407695 -0.10972627 0.39579517 -0.1051024 -0.08382197 -0.42864695 1.3150891 1.2359371 0.40325466 -0.745119 0.8350317 -0.23076877 0.42857522 0.5392839 -0.16135785 0.023145314 -0.79181904 0.5153086 -0.099236675 0.07878484 0.21195108 0.9713402 0.4037374 -0.004379363 0.2628628 -0.2801233 0.15874039 0.050258245 0.49641842 -0.4914168 -0.2117457 0.37995556
164 0.27316806 0.35257062 0.2625509 -0.19267994 1.0463561 0.66609097 0.18699384 0.07758877 -0.3863273 0.31979096 0.0046485625 -0.4205746 0.67612374 -0.89161706 0.571572 0.3080667 -0.2252984 -0.8610115 -0.02287155 0.40946257 0.3682071 0.27196026 0.8389354 0.7978855 1.4894905 0.5253195 -0.29181385 -0.5047203 0.042542595 -0.3630077 -0.22476561 0.7125683
172 -0.12896092 -1.1666155 0.5980029 0.16322196 0.35180283 -0.07552659 0.7675331 -0.20659958 -0.597224 0.1712 -0.06124417 -1.2343556 0.56105 -0.103365265 -0.36054385 -0.030408716 0.69785714 0.20561428 -0.4466337 -0.08263106 -0.39508483 0.7670272 1.2084733 -0.13085242 -0.090256944 0.44900715 -0.818872 0.12835029 -0.59943265 -0.4095657 -0.12029076 -0.12482498
179 -0.34213394 -1.2324337 0.60328984 0.10942169 0.37093624 -0.15744795 0.5514352 -0.33345807 -0.5216202 0.16860038 -0.07539507 -1.5721385 0.61977196 -0.0028572206 -0.51374274 -0.17912324 0.5952856 0.19143656 -0.40655893 0.03842472 -0.6098447 0.68545735 1.4055455 -0.12356621 0.02113769 0.44473812 -0.76956815 0.11018767 -0.64327323 -0.470248 -0.11910413 -0.13403487
181 0.10424183 0.13605367 0.06162877 -0.12800875 0.56613785 -0.25890416 0.44658345 -0.3798062 -0.60623306 0.5142585 -0.0075388956 -0.8096869 0.2740867 -0.6379117 0.30246446 0.8952249 -0.015844697 -0.3786848 -0.08584314 0.73132086 0.5536251 0.7440785 0.8176001 0.5104179 0.59086984 1.0653121 -0.38840517 0.40321442 -0.16854969 0.32515547 -0.12451538 0.2064943
184 0.13813505 -0.2873894 0.21192755 -0.103817955 0.34501442 -0.30100444 0.4597756 -0.34946167 -0.6869087 0.12899403 0.10747267 -0.932946 0.23607865 -0.53044254 0.18242793 0.8228358 0.30992997 -0.12049206 -0.251047 0.850627 0.34338084 0.6124718 0.84065104 0.17524181 0.44327396 0.8203111 -0.648756 0.46604243 -0.42927396 0.33164015 0.1015533 0.27813107
185 0.15638039 -0.23599438 0.21797024 -0.03075138 0.40609905 -0.2782521 0.48635677 -0.32353744 -0.6693123 0.16753116 0.07087003 -0.85537297 0.20770137 -0.5021987 0.22325936 0.73316675 0.34672162 -0.22271456 -0.1533999 0.756842 0.29836956 0.61134386 0.846603 0.19110905 0.47461846 0.8126265 -0.56927127 0.47575358 -0.35318682 0.2606237 0.016167993 0.26980045
194 0.20534012 -0.25224403 0.26387125 -0.061700713 0.4243152 -0.13033248 0.44124871 -0.3015782 -0.64697284 0.09356736 -0.010488684 -0.8059721 0.27079102 -0.62814975 0.2378146 0.7327372 0.22377063 -0.25533432 -0.13529553 0.68120134 0.37225538 0.5627265 0.7150245 0.17638792 0.49863943 0.7705629 -0.5564791 0.32989347 -0.31536022 0.2917739 0.06931613 0.27533522
196 0.08311229 -0.12932016 0.21145996 -0.015422481 0.5204953 -0.24019232 0.33160993 -0.33822554 -0.50470024 0.12298678 0.028707823 -0.8293138 0.18436596 -0.3827192 0.0935065 0.59383154 0.2827809 -0.18623535 -0.044439532 0.8155289 0.19900943 0.47687635 0.98789346 0.17934912 0.4726893 0.68601733 -0.41856512 0.42857924 -0.31424403 0.22207846 -0.079322726 0.21872717
205 0.20858227 -0.32147995 0.32145694 0.017585445 0.27235574 -0.22840568 0.5170388 -0.29970154 -0.709722 0.17001723 0.020274635 -0.95868206 0.2942571 -0.6650094 0.13149951 0.70542544 0.30096775 -0.21780428 -0.2682958 0.6645798 0.32514304 0.61408514 0.8266466 0.11158 0.43512633 0.8635915 -0.66058266 0.38750607 -0.43154457 0.31912312 0.03664794 0.22271165
209 -0.084650755 -1.195655 0.58785266 0.13689083 0.402819 -0.17997038 0.6296948 -0.32962233 -0.5833905 0.048121437 0.027975686 -1.2174876 0.5829112 0.035727352 -0.39558965 -0.14094047 0.8121302 0.2567443 -0.56752807 0.16128933 -0.51474255 0.7620517 1.3348374 -0.23697005 -0.11865167 0.45280665 -0.8372125 0.20114711 -0.44014856 -0.50890213 -0.1626543 -0.0092261
222 -0.63010603 -0.027926074 0.42870292 -0.13899328 -0.10352243 -0.4397061 1.1779809 1.2211517 0.47365853 -0.83428216 0.74734706 -0.29145655 0.30703044 0.5811943 -0.2312154 -0.023428299 -0.9646117 0.4266694 -0.07291092 0.21654144 0.28160676 0.87832075 0.39821032 0.011372333 0.252706 -0.20247541 0.14958952 0.08224037 0.5400007 -0.46389377 -0.2537917 0.48088664
223 -0.14858864 -1.135237 0.5822131 0.18458197 0.26509902 -0.18164095 0.7011781 -0.21228236 -0.6641453 0.15400149 -0.04020782 -1.2367963 0.6114612 -0.17820103 -0.32588094 -0.0129839005 0.68553185 0.24710307 -0.45821753 -0.028642844 -0.31849524 0.7564497 1.1369046 -0.14975183 -0.003757719 0.46873048 -0.8581838 0.2142091 -0.5957028 -0.2190956 -0.07915171 -0.11411845
240 0.010958558 -0.19847536 0.80740905 -0.24434833 -0.2549931 0.046543263 1.2981417 0.98948044 0.6384937 -0.5417444 0.059642028 -0.13908443 0.04236524 0.19742714 -0.10420305 0.28889856 -0.85594225 0.021463905 -0.6673328 -0.049824726 0.57237893 0.8106169 0.001298083 -0.15684736 -0.5237467 0.14756095 -0.1971086 -0.48453385 0.8187606 -0.8231542 -0.24906051 0.6615498
242 -0.12352806 -1.168778 0.56273544 0.13326493 0.29731926 -0.04661023 0.6632619 -0.3286599 -0.6165149 0.058870703 -0.03925365 -1.3541069 0.5317169 -0.09323682 -0.41181907 -0.024430519 0.66517 0.21067703 -0.48584282 0.02980115 -0.4278988 0.6906065 1.2100257 -0.19937362 -0.029977977 0.42969072 -0.8997246 0.11523181 -0.60851854 -0.36029473 0.048612908 0.042974193
253 0.1906727 -0.34018046 0.19486988 -0.010256329 0.35773847 -0.3560561 0.48740172 -0.31826958 -0.70019364 0.14457998 0.12991229 -0.75088596 0.049083352 -0.3796415 0.22330794 0.8923886 0.3756241 -0.016202657 -0.1622569 0.89569515 0.43182912 0.5979959 0.92150545 0.1977833 0.41809595 0.75548977 -0.60590285 0.46574774 -0.45316035 0.36865264 0.03187335 0.2542137
255 -0.26148224 -1.0421518 0.48160666 0.22171773 0.3520407 -0.13154396 0.6784524 -0.24761125 -0.6401664 0.20508182 0.0029855722 -1.2775452 0.6124139 -0.16449052 -0.35147354 -0.08104502 0.5744396 0.1865373 -0.30021587 -0.03312758 -0.46283254 0.69941056 1.1944185 -0.086493574 0.16016057 0.4298139 -0.77757066 0.12624279 -0.6168411 -0.30367693 -0.114303306 -0.15821068
267 -0.5943951 -0.093869634 0.31924745 -0.17373525 -0.010337796 -0.38403177 1.2472047 1.2007837 0.3511965 -0.82869744 0.8062784 -0.23313372 0.3890447 0.6731383 -0.083627194 0.026816124 -0.9086623 0.47387147 -0.10279429 0.12405634 0.31719095 0.9423367 0.36050245 0.0068144333 0.3336257 -0.30885112 0.13403861 0.015941765 0.52493143 -0.47039807 -0.08589035 0.5239588
271 0.27070022 -0.29662445 0.18004271 -0.012965417 0.5437618 -0.28863811 0.52837044 -0.43575156 -0.60829234 0.059684105 0.20097859 -0.8118851 0.042732578 -0.29385573 0.13691019 0.90234244 0.46589825 -0.06919167 -0.22419472 1.0573485 0.3411025 0.7031124 1.1564227 0.22185376 0.43206385 0.72674954 -0.6090717 0.53577024 -0.44344547 0.2501949 0.004501706 0.23555529
272 0.3062134 0.30162475 0.2806636 -0.22147128 1.040704 0.6389748 0.10364382 0.16954653 -0.3948721 0.25466314 0.17016445 -0.10700811 0.7398572 -0.772026 0.60028756 0.08169169 -0.14642106 -0.75131315 -0.032516863 0.3362671 0.34776384 0.2845952 0.769004 0.8632587 1.4989928 0.32745117 -0.26131627 -0.47100937 0.06526199 -0.48072663 -0.35629863 0.5811911
273 0.24706362 -0.34229207 0.29804686 0.08332122 0.31712434 -0.27996048 0.6498796 -0.43060428 -0.6953033 0.16210207 0.19304304 -0.8380802 0.1652827 -0.48451665 0.18033741 0.8309665 0.5330476 -0.16241755 -0.3460685 0.8510839 0.31410903 0.7429183 1.0009228 0.18498915 0.39614105 0.7820459 -0.67883027 0.4641583 -0.46059984 0.22638479 0.054547586 0.25120243
275 -0.38027477 -0.5469669 0.13480675 -0.1307831 0.2864289 0.31631705 0.716706 1.4949806 0.4669815 -1.087301 0.2168557 -0.71445954 -0.38301736 0.7296283 -0.37094954 0.3158328 -1.2277184 0.28928322 0.15659688 -0.064949706 0.48047122 0.38746822 0.4896597 -0.17717122 0.65267503 -0.20637982 -0.07866954 -0.47290918 0.11361773 -0.13266225 -0.23881319 0.32825392
285 0.19987945 0.32175562 0.29007056 -0.21850522 1.1539731 0.6844157 0.08491272 0.09834531 -0.26675934 0.28083384 -0.0750672 -0.37783065 0.8432073 -0.83815485 0.5035239 0.09697644 -0.17848387 -0.90506554 -0.09837812 0.3863214 0.27218956 0.28377706 0.7350663 0.8308265 1.3872905 0.45990658 -0.2826112 -0.48630303 0.1656791 -0.4601265 -0.30252174 0.84351456
311 -0.0062747817 -0.33791 0.8835988 -0.15343274 -0.22684577 0.13893808 1.3128244 1.1213703 0.7074849 -0.62408805 0.10354847 -0.011608838 -0.08607391 0.29525617 -0.068337455 0.3658325 -0.81448686 0.066650085 -0.61700034 -0.1139431 0.61322075 0.71451324 0.07585053 -0.16227242 -0.45665348 0.12553596 -0.2142039 -0.62943405 0.72502893 -0.8723376 -0.38229948 0.52612424
335 0.09142341 -0.31397283 0.94434613 -0.14631118 -0.23704268 0.19077118 1.2991707 1.1483845 0.78696907 -0.66042984 0.15385054 -0.07007641 -0.2138879 0.2546743 0.00671911 0.40615153 -0.70957124 -0.043773133 -0.591959 -0.08995063 0.60315025 0.64758724 0.18046078 -0.18110418 -0.44450113 0.04520839 -0.26486582 -0.70062226 0.612678 -0.87386477 -0.42030713 0.57507384
374 0.09553856 0.35853684 0.34203574 -0.19295183 1.0838053 0.6654062 0.1652052 0.17461187 -0.38482785 0.3954094 0.025393095 -0.23583788 0.9378409 -0.9341455 0.6601139 0.0011421983 -0.15845436 -0.8012968 0.0027771175 0.25845286 0.26000616 0.3613526 0.7104649 0.85430413 1.4676411 0.48792413 -0.2913247 -0.54814243 0.17483616 -0.56718826 -0.40445912 0.7170956
431 -0.14861953 -1.213094 0.5493811 0.13950197 0.29911414 -0.14126271 0.7560213 -0.11385885 -0.6712218 0.16775909 0.03357575 -1.2203387 0.6038082 0.04946122 -0.37053022 -0.059104327 0.7446002 0.35817996 -0.5192804 -0.06432426 -0.47093785 0.8003041 1.3019838 -0.12453751 0.025302937 0.44270355 -0.8540776 0.20776947 -0.5983705 -0.44333735 -0.045354974 -0.20495443
448 -0.28906065 -0.50228184 0.13303824 -0.2517261 0.2910107 0.2481697 0.7362745 1.4966451 0.474802 -1.1712755 0.17872007 -0.7743807 -0.25197557 0.729528 -0.38046983 0.2996858 -1.346786 0.22375071 0.049528517 0.039868128 0.602613 0.42788064 0.3417768 -0.21538782 0.5295135 -0.17424399 -0.025390381 -0.50867933 0.25922164 -0.1674478 -0.040559843 0.59499925
481 -0.20079568 -1.1220188 0.43993738 0.12663971 0.28091812 -0.16383895 0.5832693 -0.16604273 -0.6145451 0.16819268 0.014141818 -1.2689465 0.4691503 0.052072532 -0.38062912 -0.061953075 0.61457783 0.28791565 -0.35924622 0.047785945 -0.4640724 0.67143285 1.2438382 -0.13398297 0.039998613 0.454446 -0.7261419 0.21905623 -0.556578 -0.378217 -0.11632681 -0.21571614
492 -0.65956026 0.025964173 0.39622265 -0.1989862 -0.030590352 -0.41085562 1.1109841 1.117068 0.4485084 -0.7822294 0.8055652 -0.32058355 0.4339208 0.68748295 -0.16071554 -0.116875246 -0.9822184 0.3931849 -0.10529969 0.20637168 0.22686651 0.93183297 0.4129736 0.08919941 0.26305538 -0.27357075 0.23058163 0.04482374 0.567088 -0.6027641 -0.19297804 0.54595387
494 0.20473836 0.041646462 0.22180182 -0.10150407 0.57582796 -0.16985849 0.4162426 -0.36352095 -0.5011997 0.24751157 -0.0793986 -0.8508475 0.1705999 -0.5873824 0.29799324 0.7948754 0.1344531 -0.3639991 -0.08878332 0.9621065 0.4464502 0.55576575 0.8534113 0.35490346 0.529466 0.89039576 -0.399747 0.40768585 -0.194706 0.27131936 -0.08580426 0.39810643
496 0.15284145 -0.42833295 0.30402148 -0.036372826 0.202949 -0.20465948 0.459685 -0.3190116 -0.79840624 0.112657666 -0.051277015 -1.0735493 0.2821656 -0.60895365 0.20116945 0.7197327 0.32553765 -0.12313677 -0.26662523 0.74790365 0.34260315 0.52640736 0.7966259 0.11554124 0.48131007 0.8395749 -0.7065851 0.38522944 -0.52197605 0.3285568 0.19093525 0.3751915
499 -0.60354435 -0.082869716 0.3536592 -0.17107229 -0.1674585 -0.4521466 1.2393471 1.3019218 0.26063657 -0.6959527 0.7718378 -0.15929091 0.42790538 0.509484 -0.116194725 -0.051196467 -0.9165313 0.5402362 -0.10128176 0.12399398 0.32590905 0.93372226 0.36195314 0.08619271 0.34285817 -0.22567637 0.19246355 0.041328263 0.52606 -0.47128323 -0.20854713 0.34532586
511 -0.38312653 -0.41677114 0.01743298 -0.2559755 0.26627636 0.18302079 0.7243977 1.2809391 0.47007912 -1.0222208 0.1439833 -0.76787335 -0.32630247 0.68377537 -0.43761215 0.33137187 -1.3404846 0.16759552 0.18714781 0.100943565 0.48448467 0.38185185 0.3923365 -0.1818275 0.5558561 -0.119258784 0.02490095 -0.3935645 0.21751209 -0.08134116 -0.13323818 0.49110192
513 -0.49193066 -0.16294889 0.37659445 -0.12946783 -0.09520227 -0.41658092 1.2286 1.2709014 0.38635558 -0.7805106 0.7894391 -0.26427332 0.3314062 0.6630591 -0.15937287 0.055122018 -0.86053056 0.52425075 -0.13044448 0.09163318 0.2999826 0.8809087 0.39535028 0.027103491 0.2737165 -0.3011583 0.10883285 -0.0068270294 0.50805455 -0.4389552 -0.14683051 0.4462214
601 0.096049726 0.21075131 0.008786868 -0.14523315 0.6255814 0.002081175 0.15674426 -0.4159301 -0.39227903 0.30015332 -0.14362302 -0.84923893 0.21038912 -0.6069052 0.13429345 0.69842994 -0.1856978 -0.5455182 -0.042562395 0.6959415 0.37596956 0.40651795 0.8481518 0.4213148 0.72975886 0.79422194 -0.32539797 0.048855085 -0.14139898 0.07866687 -0.07978598 0.47525936
603 -0.3012896 -0.48449776 0.067788444 -0.2016693 0.21084459 0.31238705 0.82747453 1.4245267 0.46091852 -1.0520918 0.21889307 -0.71560025 -0.29331118 0.6743069 -0.28603753 0.45722127 -1.2024275 0.30689457 0.17027205 0.021543788 0.5429157 0.38703036 0.3614718 -0.16455571 0.6865562 -0.17726862 -0.036742065 -0.39104387 0.19933999 0.011346545 -0.050929938 0.43808794
662 0.21960972 -1.0350227 0.5383286 -0.47888458 0.6668044 -0.12297853 -0.8454023 0.20765892 -0.9484464 0.104546435 -0.13824058 0.47065696 0.13370244 -0.016942143 0.7352907 -0.19604771 -0.5637111 0.28601718 -0.22783372 0.22079274 1.0445194 0.37370056 0.8733932 0.5036241 0.8355499 1.0723753 -0.44911826 -0.53204554 0.22447643 -0.97150475 -1.4535291 -0.33428815
709 0.22897997 -0.77323735 0.4881142 -0.5662866 0.64537764 -0.078694016 -0.92700046 0.10747472 -0.7019474 0.017901627 -0.16173339 0.42311338 0.09543777 0.007272849 0.7139248 -0.15420842 -0.64690703 0.09413287 -0.2571676 0.31863073 0.98908037 0.25193787 0.7371561 0.48055708 0.70613 0.99404246 -0.43205252 -0.613434 0.3455357 -0.98609996 -1.2457154 -0.03522747
762 -0.21018198 -1.1357386 0.52669 0.17063265 0.34341517 -0.08908803 0.7137498 -0.2588065 -0.5760883 0.1654366 -0.043810997 -1.2945013 0.6241058 -0.12082132 -0.40401822 -0.056213044 0.69536483 0.2344117 -0.40737802 -0.03827727 -0.4704197 0.73047477 1.2639915 -0.14333558 0.043127872 0.42582864 -0.8253308 0.14726476 -0.578606 -0.37346792 -0.076930106 -0.10482403
765 0.3332126 -0.4221925 0.28687084 0.048496682 0.31992933 -0.38409138 0.64150834 -0.39198416 -0.70501566 0.087620005 0.30258617 -0.7966663 -0.025755674 -0.33928573 0.24690749 0.9990913 0.5821587 -0.04734085 -0.22285195 0.98457664 0.30514967 0.6261945 1.1092964 0.23979656 0.4261685 0.7289454 -0.6962504 0.51470023 -0.554891 0.30123293 -0.02360938 0.26709798
771 0.109740295 -0.39397088 0.26069212 0.08090273 0.24820721 -0.26847887 0.74311185 -0.32665926 -0.6656146 0.1492199 0.1847717 -0.71487045 0.08147615 -0.69447756 0.20051494 1.0392685 0.49968624 -0.06322084 -0.13356079 0.64919704 0.29099894 0.620479 0.9967896 0.1065896 0.5416476 0.8011244 -0.7314126 0.4046991 -0.48413897 0.2895917 -0.022932798 -0.054804165
778 -0.572497 -0.03307712 0.32053533 -0.15433487 -0.04907536 -0.32599577 1.2361568 1.2596599 0.39070028 -0.6985743 0.81442827 -0.2187456 0.30683294 0.5920481 -0.15506049 0.08217613 -0.8310426 0.448325 -0.10559141 0.12228493 0.30771032 0.8326093 0.33109277 0.12919725 0.3013582 -0.30502462 0.18973468 0.027105976 0.5145431 -0.44519955 -0.23404886 0.45687863
782 0.1629483 0.3259001 0.3366609 -0.16989143 1.1247634 0.68671995 0.077242546 0.090252884 -0.3316551 0.3315782 0.04669823 -0.24796423 0.85096884 -0.8119217 0.48277846 0.016149418 -0.18670529 -0.7995872 -0.044307888 0.33414176 0.29321775 0.28445727 0.8177767 0.8577216 1.4106555 0.43916658 -0.26283044 -0.50651145 0.10139475 -0.52369606 -0.29453814 0.6984872
786 -0.056080222 0.11238527 -0.007138482 -0.2042395 0.53526384 0.025993995 0.28189507 -0.119418584 -0.53811085 0.36959338 -0.09689163 -0.8497185 0.41729015 -0.74526864 0.26922664 0.60713017 -0.22255698 -0.44895092 0.042242367 0.35412997 0.43424055 0.40707102 0.56358945 0.44941893 0.9723772 0.7993019 -0.30864224 0.031477146 -0.1656193 0.23129319 -0.014401445 0.27636316
791 0.15164396 0.37254435 0.2802094 -0.1470262 0.9485607 0.44985467 0.28058317 0.040666625 -0.31447577 0.36338633 0.012255672 -0.36529064 0.66084594 -0.93253523 0.49596676 0.3499715 -0.19444135 -0.82538056 0.080373354 0.3859528 0.2823959 0.30640206 0.75910723 0.74655336 1.2763622 0.5332144 -0.1734959 -0.29345906 0.11291644 -0.27003235 -0.3368956 0.5563473
804 0.14553888 -0.34808522 0.4205117 -0.37924656 0.70862865 -0.179765 -0.7442324 -0.17960486 -0.38333368 0.11059707 -0.18367322 0.19452977 0.0050622914 -0.0304752 0.36673924 0.09809828 -0.5762025 -0.13456897 -0.0083661 0.4319673 0.6076517 0.13504046 0.7952541 0.43704182 0.5464048 0.7509804 -0.17866316 -0.34226257 0.14858109 -0.7251942 -1.0173687 -0.10752213
819 -0.53028923 -0.062172275 0.32958582 -0.15043387 -0.115705006 -0.36474013 1.196503 1.2571334 0.31215712 -0.6606992 0.737795 -0.15335913 0.30033225 0.53832394 -0.05411074 0.061662905 -0.8804517 0.49010047 -0.13714442 0.044879097 0.4317661 0.90966725 0.2972096 0.07094563 0.27696693 -0.22430274 0.091429316 0.019702889 0.5168649 -0.38691452 -0.15975429 0.40472308
826 -0.28795734 -0.4570512 0.044193115 -0.23768044 0.32854694 0.22414055 0.7975511 1.4398253 0.468505 -1.0789479 0.11113206 -0.8155107 -0.27821013 0.60990906 -0.47440153 0.45264924 -1.2947637 0.23121697 0.19753136 0.034896817 0.5373719 0.3323584 0.40604514 -0.1793916 0.60763246 -0.17371035 0.02268581 -0.5019714 0.1967328 -0.037808962 -0.12004813 0.43499967
845 0.15487762 -0.34641567 0.8150853 -0.1828866 -0.3139639 0.10009396 1.3101891 1.1212399 0.65623426 -0.5235554 -0.008843966 -0.103721224 -0.14071395 0.15674196 -0.061266873 0.43322676 -0.78789043 0.07324654 -0.6689416 -0.11470363 0.74585164 0.7474932 0.023668263 -0.14567037 -0.541044 0.19324629 -0.27762347 -0.6179921 0.77935296 -0.80144453 -0.3071818 0.60875285
875 -0.3447454 -0.4494929 0.08934466 -0.21479458 0.2618733 0.27240217 0.73129284 1.4096241 0.47157386 -1.0203284 0.1402738 -0.70723367 -0.37290445 0.7157338 -0.34643993 0.4198285 -1.309929 0.22433011 0.10778944 -0.042083643 0.5969445 0.40148133 0.3874481 -0.117066994 0.58331364 -0.08957322 0.0047648274 -0.48103467 0.19478743 -0.07708581 -0.09879932 0.45018396
938 -0.21351503 -1.1379421 0.5928137 0.15968952 0.3652322 -0.10887339 0.58065736 -0.2953807 -0.62942624 0.17507054 -0.17136042 -1.413976 0.613782 -0.13796318 -0.44387746 -0.12323413 0.48166123 0.122562505 -0.46380973 0.012604622 -0.41503602 0.6904187 1.1368191 -0.23333035 -0.09462943 0.5094503 -0.79670125 0.081174895 -0.5440172 -0.38340828 -0.119698726 -0.10988435
939 -0.20124398 -1.0617396 0.57226276 0.14160092 0.3065954 -0.19490258 0.60942554 -0.31989703 -0.62219936 0.15388058 -0.045067232 -1.3654306 0.54726845 -0.14339422 -0.43198252 -0.043584995 0.5751224 0.19799168 -0.40712488 0.06288201 -0.41406754 0.7201487 1.146558 -0.1917548 -0.060979806 0.5036436 -0.8183411 0.17758396 -0.55250615 -0.33089107 -0.12226748 -0.12512358
987 -0.5681386 -0.063293874 0.4260118 -0.08716128 -0.16439316 -0.37769416 1.280397 1.3098241 0.37393665 -0.7701526 0.80062515 -0.25692293 0.33110744 0.558248 -0.08718601 0.0082513075 -0.863644 0.46408373 -0.10475638 0.10152696 0.27304843 0.876649 0.34745008 0.048366368 0.35652864 -0.27696547 0.14751624 0.045948718 0.47385257 -0.3985561 -0.18576638 0.4199967
101 0.57151985 -1.1470602 0.43259716 -0.85193974 0.4959816 -0.30489025 -1.0145817 0.08700916 -1.0591727 -0.028644942 -0.22037649 0.2903031 0.14071979 0.24739456 0.8349155 -0.29058808 -0.57458407 0.2176802 -0.8743457 0.38525867 1.451548 0.6464879 0.4044973 0.36740696 0.12569194 1.3512602 -0.6435763 -0.33678883 0.5668525 -1.057503 -1.1214567 0.37243402
131 -0.053636227 -0.8629401 0.5261814 -0.49887487 0.78877836 -0.16092612 -1.0746782 0.062102307 -0.60696876 -0.017586645 -0.17449196 0.23856471 0.025722561 0.04577693 0.45477495 -0.19029325 -0.80937535 0.1486033 0.054708254 0.3787529 0.86643267 0.14565034 1.0238191 0.4548489 0.88911647 0.9794125 -0.35686818 -0.5936098 0.19135523 -1.0200076 -1.399811 -0.23872177
265 -0.14039674 -0.6572218 0.48852965 -0.4709811 0.6778486 -0.1878867 -0.9005137 0.06420036 -0.687686 0.08648348 -0.0076940903 0.32909235 0.049856015 -0.11854396 0.56756 -0.06714829 -0.75588655 0.21051213 0.22499697 0.3225642 0.7317478 0.12465543 1.0501716 0.5788119 1.1522794 0.8458142 -0.31360584 -0.5174583 0.09533357 -0.8407554 -1.3063805 -0.32192153
751 -0.06334396 -0.703372 0.46208522 -0.37918773 1.0058033 0.0033239003 -0.980235 0.0714953 -0.5007114 0.061645746 -0.08685306 0.3072606 -0.00959559 0.06282097 0.46395037 -0.17239504 -0.7004869 -0.027025132 0.16453937 0.37009692 0.7025507 0.08228146 1.1942595 0.55326474 1.1022518 0.83770967 -0.23634447 -0.5959442 0.15129603 -1.0159214 -1.4302694 -0.15412487
784 -0.03143941 -0.77480257 0.564081 -0.577672 0.73300105 -0.19753142 -0.9961643 0.01170411 -0.7156566 0.004053873 0.021028701 0.46096843 0.15316693 0.0038423787 0.68255156 -0.2630648 -0.7139163 0.20321901 -0.04626634 0.32478648 0.7857155 0.1778053 1.0245376 0.5649741 0.979479 0.91200936 -0.37826356 -0.63488156 0.32898846 -1.2226993 -1.3619766 -0.045758802
210 0.4005948 -1.3921763 0.50978726 -0.84382474 0.17263018 -0.11788429 -1.0279639 0.2843526 -1.2472774 -0.04320931 -0.42714322 0.24469236 0.4277683 -0.06521487 0.8760681 -0.34678394 -0.6482681 0.5353103 -0.7702396 0.18471254 1.2409993 0.44195434 0.36639434 0.19499028 0.5263828 1.2079324 -0.7748084 -0.6163126 0.43211773 -0.9601986 -1.0131949 -0.06819396
268 0.016689932 -0.8181791 0.48713803 -0.51246697 0.596345 -0.19115618 -0.9436662 0.19840623 -0.7217402 0.09556557 -0.06813309 0.4163316 0.1905381 0.056619134 0.6373966 -0.28955975 -0.7351328 0.25835836 -0.1252391 0.19519344 0.9896972 0.28531036 0.85998243 0.5383428 0.88940316 0.9837807 -0.41315174 -0.5596885 0.23701285 -1.0141554 -1.3126723 -0.16523646
533 0.25141943 -1.0158097 0.5177757 -0.7036088 0.50785726 -0.1753756 -1.0911051 0.17886014 -0.9216232 0.05895434 -0.2528471 0.33846095 0.22061759 0.08019757 0.74748516 -0.3022132 -0.7521301 0.27460212 -0.44664818 0.3592265 1.2362169 0.41971916 0.6043212 0.46530432 0.605981 1.221213 -0.4694009 -0.5455846 0.38714203 -1.0124422 -1.2103765 -0.0151064815
779 0.1579403 -0.9596445 0.46708593 -0.6956363 0.5857391 -0.22603267 -1.0647748 0.14296217 -0.8528632 -0.05766382 -0.15630522 0.3095113 0.20405446 0.16844654 0.6751185 -0.3487408 -0.7485158 0.25969103 -0.333603 0.28527212 1.1238015 0.3562231 0.6371794 0.4553272 0.6440485 1.016767 -0.49327925 -0.49791527 0.37967238 -0.9623779 -1.2263069 0.057849303
211 0.34956744 -1.1034063 0.5106132 -0.63185 0.44517678 -0.37619635 -0.90325296 0.11403392 -1.0415027 0.0053088022 -0.06658931 0.5196459 0.16990891 0.106992565 0.8749305 -0.19126114 -0.504969 0.40945613 -0.593474 0.33390948 1.1870502 0.5217749 0.64774513 0.36925355 0.40978703 1.1809493 -0.5786364 -0.35725805 0.4471851 -1.0143672 -1.3191878 -0.10112104
