15 -0.08234641 0.22215739 -0.019012544 -0.64713526 0.068523586 -0.19365294 0.3885915 0.48042002 0.11353915 -0.09919398 0.068448514 -0.7621127 -0.32403797 0.18747318 0.48192438 0.38315573 0.30281088 -0.47093937 -0.124886096 0.33380407 0.32525027 1.2486955 0.72043276 0.18028824 0.5724708 0.2478415 -0.4358101 0.69587815 0.6134537 -0.020005167 0.20478956 0.26586518
17 0.35669523 -0.74707025 -0.26637757 0.45049495 0.5478889 0.3554306 0.3759738 0.51872236 0.30329913 0.14860936 0.011561239 -0.36451584 0.3352956 0.546357 0.19562931 -0.31627595 0.8944593 0.2393197 -0.60806394 0.9046578 0.5024061 0.06616148 -0.13544941 0.52085686 -0.18818623 0.53448004 -0.62739253 -1.1398196 0.1982082 -0.49056706 -0.7931609 0.6919529
21 0.21178433 -0.79061866 -0.102362566 0.41850206 0.55971265 0.3767886 0.36481693 0.6372442 0.29746747 0.13292323 0.029381147 -0.59321535 0.41181397 0.57617 -0.020039642 -0.37289694 0.7210525 0.34776682 -0.7292913 0.80016124 0.30205175 0.049965795 -0.09835832 0.5642984 -0.24621125 0.5453326 -0.57970184 -1.0862316 0.1438153 -0.4742435 -0.76748174 0.6596331
29 0.04914353 0.2584626 -0.30418712 -0.3877484 0.08091215 0.08450564 0.78514266 0.7319439 0.10780032 -0.3886237 0.35061654 -0.8011668 -0.23382072 0.35306194 0.40729073 0.2466227 0.61288434 -0.1526281 -0.15310779 0.6915328 0.119374335 1.3865536 0.47588056 -0.04492124 0.5728591 0.2081678 -0.31086785 0.9440948 0.60021293 -0.29206115 -0.041557826 -0.05692268
35 -0.43008387 -1.3668402 0.9487708 0.23342052 -0.06796194 -0.5449161 0.80342555 -0.6569189 -0.12340541 -0.6112229 0.3534488 -0.30882844 0.487805 -0.33958772 -0.02208469 -0.7041067 0.32258713 0.16034754 0.34006467 -0.1464908 0.6088971 -0.108484335 1.7394738 -0.041015603 -0.039890654 0.103008 0.5136892 -0.28107396 0.12633511 -0.93888634 -0.7986995 0.21218027
39 0.060571026 -0.64818776 -0.117655925 0.12781845 0.37378532 0.4126195 0.41037866 0.54020727 0.2600351 0.22110665 0.03734305 -0.7162674 0.34911463 0.4868409 -0.1943498 -0.20333911 0.5126142 0.3814136 -0.83223933 0.6997432 0.053142555 -0.02327037 -0.01943405 0.57717055 -0.23153587 0.3263235 -0.70610505 -1.0658538 0.24861296 -0.33105832 -0.72327363 0.8276913
48 -0.25239134 0.07009969 -0.11907965 -0.086415075 -0.030359875 -0.22585604 0.66118664 1.0725815 -0.09583183 -0.24041593 0.3052867 -0.74711275 -0.121317 0.42513785 0.201516 0.034093183 0.41081387 0.10236392 -0.31195837 0.3670171 -0.16539359 1.0705811 0.31381923 0.2232827 0.3408431 0.08358651 -0.2885237 0.82547885 0.39240134 -0.48802763 -0.14517415 0.08563425
50 0.19470908 -0.900443 -0.2778344 0.66965955 0.52991277 0.16727397 0.28220966 0.5202941 0.27556968 -0.018095218 -0.032326154 -0.5292192 0.57925445 0.47832587 0.19568858 -0.34369582 0.7185767 0.39586347 -0.7182517 0.94480914 0.45670825 0.08944242 -0.2184572 0.6765837 -0.13900533 0.6199394 -0.48148105 -1.0454888 0.09606635 -0.3950133 -0.6083159 0.7088225
56 -0.43313387 -1.2515402 0.9368075 0.08413896 -0.08148691 -0.49976107 0.8836742 -0.623052 -0.09741935 -0.44260564 0.41466603 -0.2751888 0.4511867 -0.28385174 0.12522885 -0.6583214 0.39760756 0.1081946 0.3577675 -0.13744281 0.47663578 -0.03955845 1.9126006 -0.072845824 -0.012597125 0.06226631 0.6055858 -0.12260987 0.15708056 -0.9967922 -0.8634973 0.15990591
63 -0.2911781 -1.3028579 0.96061486 0.2639067 -0.13447201 -0.4447758 0.89742523 -0.69544303 -0.1024077 -0.589738 0.33223867 -0.25525624 0.47303918 -0.31713763 0.10159046 -0.71496993 0.42552513 0.08574942 0.4702871 -0.106925055 0.71142226 -0.04094076 1.8248612 -0.099410936 -0.006592141 0.11787435 0.56414884 -0.20884335 0.21083097 -0.9368024 -0.8248566 0.22291586
66 -0.36886287 -0.018475039 0.16619055 -1.1165099 0.29939532 -0.7951547 0.07823556 0.45028841 0.116409324 -0.04388981 0.14655893 -0.9078947 -0.66639084 -0.5537531 -0.21944652 0.39010975 0.11737616 -0.8911252 -0.24233419 -0.30427042 0.4062422 0.9282798 0.9485138 0.8696994 0.78011507 -0.095743515 -0.88543034 0.07405638 0.502 0.17939046 0.098245285 0.92521006
79 0.21235149 -0.37537965 0.07615438 0.17436536 -0.028751396 0.018037183 0.4150296 1.035041 0.1306501 -0.5287853 0.28358087 -0.26793563 0.28609103 0.63036 -0.5402763 -0.2717863 0.42562407 0.5184055 -0.39267462 0.61419874 0.13896973 0.3888967 -0.1946327 0.13594894 0.13402084 0.30776113 -0.4978822 -0.09137645 0.31306165 -0.2929167 -0.02325912 0.3906938
80 -0.26922607 -0.010416882 0.1397987 -1.127408 0.31955254 -0.697659 0.07526292 0.47429195 0.14494763 -0.039684076 0.11864523 -1.005394 -0.73604214 -0.5579819 -0.32352057 0.4000077 0.116758175 -0.85641336 -0.21710296 -0.28628725 0.5517828 1.0013725 0.9474979 0.7365837 0.753687 -0.09493703 -0.9115503 0.14675023 0.553971 0.16397074 0.21127199 0.9135002
89 -0.19895741 -0.10449883 0.027742933 -0.87094444 0.55659556 -0.7222707 0.11997805 0.35755643 -0.17345281 -0.04693104 0.19107848 -0.8622657 -0.5926139 -0.73254234 -0.09067875 0.45373926 -0.07721326 -0.74449545 -0.1279485 -0.42686632 0.6128325 0.9308362 0.8356646 0.94054604 0.81491244 -0.1464342 -0.9514563 -0.05117424 0.40479615 0.23577553 0.1969973 0.85820794
95 0.44114196 -0.7929052 0.07016884 0.6071208 0.12987748 0.025237631 0.42888775 0.98261714 0.4004178 -0.9580068 0.13822901 -0.68231815 0.46398148 0.72391385 -0.77535903 -0.6163277 0.8172203 0.48971254 -0.624941 0.8154812 0.5940612 0.12668796 -0.33493918 0.40839502 0.09224197 0.580194 -0.6178708 -0.40452918 0.47698578 -0.14798152 -0.13031238 0.8241463
102 -0.25220263 0.12829098 -0.117227085 -0.120830186 -0.01184211 -0.112248644 0.63820225 1.0743095 0.032658257 -0.20827702 0.31673875 -0.67245245 -0.13459292 0.5136007 0.30505586 0.038155444 0.51156616 0.059302013 -0.23047553 0.37954843 -0.22151893 1.0478394 0.3396355 0.16856024 0.31401214 0.12137874 -0.3619664 0.74529964 0.4811472 -0.55365545 -0.15399711 0.13755646
105 -0.284491 -1.2631431 1.0093015 0.19760905 -0.17135282 -0.5111149 0.868595 -0.70246476 -0.13245223 -0.6516801 0.34925365 -0.2648524 0.31181553 -0.3497752 0.070879206 -0.6520248 0.43111613 0.0047760797 0.44652975 -0.090616636 0.7228461 -0.046965268 1.8458581 -0.086392954 0.046487484 0.089489155 0.5029656 -0.24536596 0.19348398 -0.96750176 -0.7695877 0.26548806
113 -0.1748372 0.19147469 -0.1310637 -0.45869797 0.09684309 0.045575038 0.679153 0.83795995 0.11936708 -0.16909187 0.33934778 -0.7899839 -0.18666667 0.3959081 0.5106858 0.28660795 0.46353388 -0.14650342 -0.23577614 0.56203616 -0.1402832 1.2624271 0.55721617 0.13603088 0.5184958 0.09297458 -0.3291327 0.8670569 0.5795027 -0.3925313 -0.051615626 0.15239683
116 0.4752015 -0.72185045 -0.04218251 0.42866534 0.19309613 0.25058216 0.42486903 0.83860296 0.41466704 -0.6860254 0.19713427 -0.60156006 0.40930933 0.6914589 -0.64295024 -0.49548903 0.8138964 0.3335818 -0.57358456 0.933656 0.4676638 0.13580523 -0.33215526 0.31079376 0.11328192 0.66941273 -0.62834793 -0.61680204 0.329797 -0.17233865 -0.3798406 0.59729713
118 0.3430888 -0.87993777 -0.2840743 0.69661176 0.7985854 0.30345201 0.2573952 0.58579296 0.15370993 0.44678298 -0.18251832 -0.59728694 0.49759787 0.41194162 0.39809144 -0.36334935 0.6759397 0.41745374 -0.6182201 0.67673904 0.5094738 -0.030200738 0.12731037 0.7113783 -0.28024137 0.5687842 -0.5871453 -1.1751292 0.096124105 -0.51737434 -0.9521504 0.7237324
119 -0.49531406 -1.3029064 1.0384877 0.18819258 -0.076576136 -0.6365554 0.82950604 -0.7361465 -0.102349326 -0.58747774 0.29385698 -0.2934915 0.47057673 -0.2979763 0.17026365 -0.54262435 0.26524165 0.16122083 0.31440917 -0.03232694 0.6823159 0.023864156 1.9106554 -0.08019789 -0.101694435 0.13752154 0.5718534 -0.11300654 0.22316244 -0.9709559 -0.6726641 0.34011126
120 -0.3295666 -1.2983189 0.91277695 0.22212677 -0.18845588 -0.4917578 0.860571 -0.7554076 -0.074275725 -0.5963682 0.32064354 -0.24263403 0.39924756 -0.33111638 0.18324001 -0.6846962 0.5028843 0.059300803 0.4090634 -0.04950257 0.6832228 -0.073865056 1.835579 -0.060937442 -0.05455414 0.12839396 0.5704761 -0.28631595 0.22464547 -1.006797 -0.8473632 0.3109059
122 -0.10817026 0.2117795 -0.079514824 -0.83098584 -0.0754014 -0.25846764 0.4679227 0.37141132 0.23773858 -0.2935496 0.13159893 -0.8732224 -0.33284262 0.17114802 0.4298709 0.48982152 0.50437886 -0.51695246 -0.27175117 0.6126727 0.3618084 1.4296937 0.7326395 0.10387408 0.5477431 0.3669352 -0.3637543 0.75978136 0.73670954 -0.07756918 0.22896867 0.24252446
123 -0.10151194 0.1310871 -0.10680551 -0.26765934 0.006860058 -0.1480052 0.6284002 0.70093805 0.03613382 -0.29347247 0.24029292 -0.6924589 -0.15564246 0.33417097 0.53689075 0.2892848 0.402878 -0.12155758 -0.23787403 0.58717483 0.038934395 1.2206091 0.48335457 0.11858929 0.42937812 0.1619273 -0.2330893 0.904149 0.58131796 -0.2911587 0.09564282 0.21984269
132 0.13154735 -0.733932 -0.3479015 0.32985282 0.7072689 0.57434535 0.48339045 0.41404805 -0.02108275 0.6282811 0.04780184 -0.61359155 0.24033223 0.2592826 0.2855659 -0.14804064 0.62641054 0.35450205 -0.6865354 0.6149688 0.18165952 -0.0103675695 0.19453017 0.77533805 -0.28660133 0.21452408 -0.8838395 -1.4317545 0.102275215 -0.5631924 -1.2018106 0.8886594
134 0.35952958 -0.6984846 0.17462406 0.25497562 0.03745202 0.12399297 0.4548025 0.9454775 0.41501078 -0.8193014 0.20379661 -0.74750984 0.40857962 0.6690222 -0.97756344 -0.41561148 0.60780615 0.34891284 -0.83763915 1.0233788 0.45866045 0.2390272 -0.43351763 0.38699874 0.12157328 0.7425625 -0.7752397 -0.6476967 0.32083353 -0.15933311 -0.23629546 0.7102774
150 0.2566342 -0.72988725 0.20003921 0.2899593 0.054542843 0.03392963 0.37914702 0.96539897 0.4745424 -0.70229256 0.16925398 -0.68507665 0.3526156 0.7327215 -0.9048127 -0.50517 0.6745623 0.353723 -0.6742051 0.92133445 0.44001353 0.18309799 -0.35729167 0.310595 0.044196673 0.7088968 -0.64126533 -0.5367345 0.29249063 -0.27829912 -0.2595564 0.6292642
153 0.09938702 -0.66738385 -0.29700616 0.16433163 0.6616214 0.53399223 0.4574073 0.37505963 0.091246225 0.6816564 -0.007971589 -0.5857255 0.235965 0.25269103 0.31359294 -0.050378617 0.65441775 0.37966022 -0.86764175 0.75259435 0.13586122 -0.011106785 0.22642107 0.68988836 -0.4426004 0.27596465 -0.83143944 -1.3869495 0.21655385 -0.6542694 -1.1481551 0.9697992
154 0.13708246 -0.805705 -0.32220972 0.13523875 0.590153 0.52861786 0.5009758 0.31463474 0.03163897 0.52135444 0.06460984 -0.5693151 0.4165983 0.3573682 0.18861307 0.06676724 0.54435575 0.43939704 -0.9090399 0.8616448 0.21980022 0.025738906 0.074753255 0.73865294 -0.3197739 0.25765368 -0.77197576 -1.3879961 0.19683333 -0.4349926 -0.9356694 0.97499615
164 -0.19041805 0.060601216 0.124286376 -1.0545149 0.37223646 -0.6872539 0.12801285 0.5103371 0.09267417 -0.16840039 0.15793425 -0.9574983 -0.7938562 -0.54366535 -0.16396274 0.38818797 0.16485219 -0.8574124 -0.23158334 -0.35154366 0.6091011 1.001355 0.97832465 0.8264181 0.8080114 -0.07805677 -1.0070269 0.16822435 0.6377637 0.17880455 0.21024947 1.0646235
172 0.40055737 -0.72211426 0.01665989 0.4070014 0.12636583 0.029326582 0.35667464 0.95308733 0.46299422 -0.7642371 0.18485704 -0.72135407 0.42705676 0.69671166 -0.6654142 -0.5156119 0.7189665 0.2949094 -0.58115536 0.83864003 0.4579712 0.15093991 -0.41469765 0.41088587 0.19027731 0.6014853 -0.5962558 -0.46919477 0.35052326 -0.09095524 -0.22329682 0.6322281
179 -0.1958281 -0.01474618 -0.124396846 0.12552513 0.0047368347 -0.2617736 0.7722526 1.3759309 -0.21264352 -0.48395807 0.46642563 -0.7435301 -0.10155244 0.37123376 0.051936574 -0.29281667 0.5367107 0.31849107 -0.24774714 0.35093087 -0.29375988 0.9653194 0.18830718 0.17826827 0.28839093 0.033594914 -0.2662279 0.87545085 0.3127669 -0.732812 -0.3433483 -0.015933296
181 0.08361692 0.24126305 -0.15507142 -0.68348014 0.03836955 -0.18961136 0.4485372 0.5279331 0.1795564 -0.17578147 0.060767524 -0.85108197 -0.41698775 0.24086209 0.49647945 0.37922058 0.5229615 -0.5746566 -0.0122014135 0.46297982 0.45567065 1.3181778 0.72428465 0.045767725 0.7474497 0.27197543 -0.33597 0.7444776 0.69615597 -0.060241215 0.12468609 0.1758929
184 -0.24643403 0.0050220396 -0.00254915 0.11255221 0.0016634023 -0.26364562 0.7911925 1.4706016 -0.16927491 -0.39537758 0.46517152 -0.72690517 -0.10148836 0.51756346 -0.0042371433 -0.13590954 0.4238601 0.3183863 -0.3089526 0.37735683 -0.2654069 1.0785897 0.1961021 0.17679289 0.26618972 0.12210687 -0.34813118 0.9583854 0.37733847 -0.6755658 -0.20359656 0.032976963
185 -0.26333773 -0.07391361 -0.12688345 0.17338002 0.016605569 -0.20903824 0.74615383 1.1933801 -0.14449228 -0.3727384 0.34634918 -0.7783191 -0.013240506 0.4023133 0.168193 -0.06316257 0.40535304 0.2974595 -0.34995875 0.46347487 -0.27012208 1.0260041 0.22662783 0.13837461 0.24981308 0.12629543 -0.270455 0.9252311 0.36825672 -0.5586698 -0.19937609 0.030950043
194 -0.21703961 0.021778783 0.0016020992 0.18861459 0.06895459 -0.20246838 0.6706521 1.448153 -0.088608906 -0.25953734 0.28512666 -0.60607725 -0.08660062 0.5687922 0.11650915 -0.14827856 0.37314153 0.3181633 -0.22409321 0.29210025 -0.14381723 1.0141087 0.21316826 0.08552342 0.26954287 0.21379882 -0.4006619 0.83515924 0.32116202 -0.6471783 -0.17609097 0.070309326
196 -0.16211101 0.019300604 0.013173834 0.17130059 -0.027695654 -0.18723476 0.70742387 1.3221983 -0.14659484 -0.3830551 0.34044492 -0.75533134 -0.14953895 0.4792429 -0.0009014077 -0.2741608 0.5131854 0.23662274 -0.19635904 0.36706427 -0.1779211 0.97530437 0.1284375 0.105314314 0.26325122 0.15645868 -0.37441897 0.8712147 0.3704047 -0.6279453 -0.27638945 0.055461466
205 -0.30649573 0.0031072889 -0.072315805 0.25728655 0.048657294 -0.19722515 0.6609519 1.3500065 -0.05193851 -0.20675568 0.25268027 -0.7454487 -0.067325495 0.47798592 0.25892797 -0.14003965 0.37615982 0.285599 -0.33378556 0.3407283 -0.21969728 1.0085895 0.2466619 0.22174424 0.23446359 0.16126077 -0.2967311 0.86525816 0.41758087 -0.5317094 -0.24330471 0.16595301
209 -0.32782152 -0.07301923 -0.06801571 0.19942187 -0.05803578 -0.29778177 0.7013879 1.3841443 -0.17103148 -0.4441645 0.37309852 -0.85698205 -0.04934275 0.5050714 -0.07972864 -0.23419654 0.45293185 0.3690713 -0.37266034 0.42938185 -0.3471855 1.0831006 0.115452304 0.25689766 0.20788597 0.15982312 -0.4262575 0.93414336 0.35166213 -0.6665076 -0.21664053 0.035384566
222 0.10201127 -0.77313673 -0.3038387 0.37843513 0.63027877 0.47255123 0.49771294 0.31395873 -0.045985106 0.5182981 0.024324803 -0.63343287 0.37971455 0.25253338 0.36575964 -0.08451391 0.5502857 0.34067285 -0.79527223 0.75059056 0.18190801 0.020030193 0.10621241 0.82364887 -0.31799763 0.29558167 -0.8423057 -1.4761573 0.09826934 -0.44306427 -1.0670772 0.9596969
223 0.42378497 -0.6962734 0.17998224 0.23469651 -0.03419983 0.10303202 0.38690144 0.79312885 0.4718719 -0.67227536 0.10742349 -0.6922179 0.45853692 0.74343497 -0.71463734 -0.46199062 0.69912434 0.26854935 -0.57913154 0.9821186 0.4940244 0.06454536 -0.31149188 0.29983455 0.195693 0.7724755 -0.46950576 -0.5149485 0.27671853 -0.08273423 -0.26453492 0.5599292
240 0.16172226 -0.7495426 -0.3081526 0.35928476 0.69034916 0.46387917 0.41808516 0.41332355 0.09156647 0.5578938 -0.029549433 -0.6002583 0.35173547 0.34098026 0.39826417 -0.14520593 0.6701857 0.25893554 -0.7656618 0.69533914 0.22741622 -0.060160324 0.16658887 0.85523975 -0.28061944 0.37864465 -0.7673046 -1.4251294 0.09401677 -0.5263799 -1.068327 0.8969636
242 0.33058217 -0.67111355 0.052978717 0.34549507 0.15139356 0.09100736 0.4474773 1.0292083 0.39749894 -0.7093308 0.23061718 -0.64859396 0.3878705 0.7226383 -0.7963754 -0.5423463 0.71577173 0.34282327 -0.5991535 0.7464906 0.3752514 0.07887763 -0.34004068 0.4010591 0.21050918 0.5494863 -0.5943007 -0.50334555 0.3180636 -0.17984295 -0.2692632 0.6479482
253 0.035930578 0.23714624 -0.29443276 -0.36252236 0.09554932 -0.01319174 0.8030513 0.8135458 0.039757106 -0.32593486 0.4198113 -0.60348874 -0.19887473 0.3380103 0.513783 0.27553457 0.63619643 -0.09953935 -0.044026587 0.55799484 0.105913274 1.2130682 0.5261992 0.007412966 0.58287597 0.07509137 -0.22252265 0.89756924 0.63103366 -0.35604632 -0.0031260848 0.08888793
255 -0.13202286 0.1393142 -0.04931906 -0.6356007 0.10577176 -0.33184087 0.3543504 0.45039293 0.18058419 -0.059475 0.079020694 -0.6690278 -0.3413258 0.08012214 0.445303 0.4360653 0.27198982 -0.47282 -0.12933642 0.30064753 0.26500008 1.1600759 0.7330885 0.2115495 0.57100487 0.12576742 -0.38041216 0.6193605 0.5890297 -0.02720697 0.20148644 0.37141803
267 -0.31792754 -1.3030673 0.9738009 0.2568866 -0.06428799 -0.49455315 0.8444272 -0.7082292 -0.0760691 -0.59466136 0.2452061 -0.22656308 0.4132338 -0.29484358 0.16144644 -0.684395 0.39252093 0.068417355 0.49547812 -0.12620583 0.81095916 -0.10789241 1.8932878 -0.11835018 0.03673255 0.14121775 0.5381644 -0.26748428 0.24070035 -0.9652976 -0.81549656 0.28768918
271 0.1583473 0.38271087 -0.15930496 -0.5762631 0.018721167 0.097636715 0.69787884 0.8196863 0.27987343 -0.17758568 0.24280876 -0.71411186 -0.3473869 0.49294013 0.62043303 0.19499959 0.7570315 -0.40873128 0.051570933 0.55447465 0.29417196 1.2874013 0.65968364 -0.23009448 0.63854945 0.29522508 -0.24146444 0.81628853 0.6651553 -0.37421682 -0.15439443 0.010662514
272 -0.35961118 -0.11381815 0.18856288 -0.8855489 0.35935032 -0.8592024 0.090898916 0.38416305 -0.08316324 -0.21005659 0.19111675 -0.8076937 -0.64938295 -0.66115856 -0.18382572 0.39563054 -0.058728237 -0.7734306 -0.1905827 -0.33448583 0.50938654 0.9165971 0.8600214 0.9522566 0.7949075 -0.13257022 -0.9146094 0.009142823 0.44895712 0.1745529 0.20365794 0.94734573
273 -0.36322194 -0.08156864 0.0590065 0.21080267 -0.0471638 -0.28353488 0.6635077 1.4037579 -0.10179353 -0.44898176 0.3856489 -0.78556925 0.06229153 0.55697805 -0.13066189 -0.25888148 0.38594326 0.49316907 -0.44307068 0.41498858 -0.39209688 1.1698678 0.08341215 0.20426646 0.08327097 0.29426128 -0.4681452 0.9055118 0.3409848 -0.76391894 -0.22514954 -0.017918114
275 0.22437719 -0.74619883 -0.30324256 0.24357197 0.63852316 0.5951984 0.47609946 0.302428 0.099107325 0.55388075 0.03958633 -0.7053588 0.3852589 0.35193035 0.34176216 -0.09658164 0.609806 0.35118636 -0.79891485 0.76092106 0.19399284 -0.052916672 0.23019657 0.78770566 -0.3056274 0.3251373 -0.75773 -1.421942 0.1612541 -0.4251201 -1.1040237 0.914787
285 -0.19718766 -0.005727774 0.1892709 -1.0819554 0.40768102 -0.68876 0.10137593 0.42201275 0.024801739 -0.06522305 0.17243828 -0.9601568 -0.6912388 -0.63463867 -0.20807913 0.3851671 0.028851409 -0.83559436 -0.21606252 -0.36195815 0.5695272 0.9176801 0.9950051 0.90166974 0.8087499 -0.12530564 -0.9740925 0.056518167 0.5401439 0.2793398 0.114791945 0.96657354
311 0.26501036 -0.69044733 -0.2476962 0.23835716 0.69827735 0.635916 0.4205504 0.33222997 0.22472191 0.53368247 -0.025445929 -0.6791634 0.29679352 0.28937265 0.2628818 -0.0586262 0.6428028 0.35427952 -0.8309672 0.7456526 0.33517 -0.043528587 0.23415513 0.75626445 -0.3984725 0.35484472 -0.91120875 -1.4589754 0.24300246 -0.46898896 -1.0303218 1.0080305
335 0.34758738 -0.72477025 -0.14505672 0.42137143 0.7669435 0.4329977 0.36139137 0.6498161 0.23799954 0.5156313 -0.10917017 -0.46435988 0.3442457 0.58625096 0.4692106 -0.29930452 0.79940915 0.22989532 -0.6744686 0.76137084 0.45768556 0.08612456 0.06555167 0.54748785 -0.33384982 0.6585736 -0.60608697 -1.2576529 0.11789458 -0.6253315 -1.019184 0.58569777
374 -0.14357074 -0.11744431 0.0931368 -0.9342207 0.5299714 -0.7536732 0.15348844 0.34042677 -0.1607013 -0.1204566 0.17042804 -0.8814334 -0.59189093 -0.75427765 -0.23320407 0.44202173 -0.11312242 -0.64358807 -0.20320615 -0.51070875 0.71345663 0.89708394 0.99982023 0.8263943 0.70503086 -0.21383259 -0.88864183 0.029904641 0.48746407 0.28977293 0.26702258 0.91218984
431 0.31002173 -0.7975444 0.08396207 0.36497375 0.17313512 0.046262197 0.3195333 0.8541982 0.3471205 -0.39407003 0.04162763 -0.61914307 0.47026378 0.6952441 -0.5661591 -0.497944 0.62843585 0.36810118 -0.75185066 0.8120431 0.3990045 -0.009020172 -0.298578 0.424002 -0.046947125 0.7355767 -0.46573156 -0.67888945 0.20851438 -0.24863355 -0.4302396 0.6112932
448 -0.3363431 -1.3272908 0.875567 0.31769523 -0.14525999 -0.58694607 0.83474326 -0.68911797 -0.13608536 -0.6608842 0.3040621 -0.2815386 0.4384476 -0.31616223 0.24373294 -0.6221532 0.3602651 0.078764506 0.3768524 -0.08849626 0.71593034 -0.030191714 1.8177245 0.0074579385 0.02088412 0.17775649 0.5960655 -0.16351198 0.23392124 -0.89824045 -0.73743534 0.32396019
481 -0.3757178 -0.060361143 0.060107727 0.042537052 -0.1340481 -0.3468123 0.78043216 1.2907765 -0.24347644 -0.3790067 0.407621 -0.70793587 -0.027802942 0.4261616 -0.06830597 -0.15252057 0.37824684 0.43536705 -0.4855727 0.40257564 -0.4824238 1.0369681 0.09386898 0.22593053 0.0349655 0.11892512 -0.3361566 0.76206493 0.27998248 -0.76864195 -0.2692957 0.014083473
492 -0.30619454 -1.2820491 0.9410144 0.24182142 -0.104209095 -0.38788882 0.92414635 -0.658386 -0.1988119 -0.5538571 0.41485304 -0.2614694 0.37026477 -0.34376767 0.03559675 -0.74059397 0.42433715 0.10798497 0.47510552 -0.13637769 0.54494935 -0.12256518 1.7632405 -0.115671486 -0.051575143 0.048634104 0.54449385 -0.287719 0.10185046 -1.1043005 -0.90997916 0.13896488
494 -0.082223065 0.22644843 -0.09259712 -0.40759006 -0.025422635 0.058493312 0.9027623 1.0241892 0.023648903 -0.13293672 0.34961668 -0.60881335 -0.26209798 0.48022124 0.41374105 0.24556012 0.53285146 -0.03373419 -0.13543645 0.5383995 0.048602972 1.3475363 0.6134337 -0.1884286 0.5591706 0.17645052 -0.24722983 0.9177023 0.5577095 -0.4979913 -0.16023678 -0.049686387
496 -0.100014396 0.15221354 -0.28365546 -0.23293062 0.16131891 -0.06881578 0.6668477 0.8972068 0.06929046 -0.21894695 0.3385592 -0.708915 -0.1437175 0.4708984 0.6685636 0.23035198 0.58743775 -0.11541766 -0.022810202 0.47029495 -0.014542876 1.2643511 0.53040326 0.07581569 0.60167235 0.19020158 -0.24136434 0.8614236 0.56861204 -0.39097038 0.0031314532 0.07631924
499 -0.46286258 -1.2818651 1.0537411 0.048418976 -0.06605516 -0.5616209 0.8290451 -0.68887603 -0.16035019 -0.41274214 0.26900452 -0.24885951 0.39862445 -0.338009 0.124736965 -0.56048185 0.24348417 0.19051065 0.29205343 -0.1434448 0.6174559 -0.045479357 1.9497206 -0.044308778 -0.15369418 0.003766174 0.5162196 -0.2787116 0.1840091 -1.0408598 -0.85881084 0.32231537
511 -0.446904 -1.2335302 1.033622 -0.04393133 -0.20036745 -0.6290801 0.81020325 -0.59852725 -0.043421306 -0.52800035 0.36944622 -0.1657895 0.5012778 -0.11687367 -0.06653884 -0.6100619 0.41668758 0.2669617 0.20243472 -0.0334183 0.42464152 -0.1090341 1.8571777 -0.1348651 -0.102214985 0.053373616 0.5799084 -0.19082603 0.17902112 -1.0529101 -0.7826229 0.29174
513 -0.24674766 -1.296372 0.942357 0.12763329 -0.18388928 -0.44959477 0.8732267 -0.7605324 -0.10153139 -0.6470205 0.3858768 -0.16873835 0.45477527 -0.23593932 0.19307068 -0.6260763 0.43843636 0.10727756 0.46006757 -0.014850052 0.7769859 -0.021565005 1.8824537 -0.14062123 0.08984378 0.19131552 0.61000556 -0.21841736 0.27863422 -0.9342964 -0.7317381 0.2196619
601 -0.08185113 0.3391547 -0.090141386 -0.73506945 -0.052346826 -0.17547877 0.52012783 0.41201746 0.1921912 -0.121375084 0.12423672 -0.82534075 -0.38541573 0.2503603 0.44751465 0.4254258 0.4419221 -0.6301126 -0.045916792 0.41701472 0.39183965 1.5277796 0.79962367 0.109253034 0.70087 0.31010285 -0.3981946 0.76237977 0.6643054 -0.114298664 0.057118934 0.077464275
603 -0.32093692 -1.3342282 0.99972135 0.30867296 -0.1754919 -0.5974004 0.74884593 -0.74092513 -0.07882951 -0.58788145 0.12044549 -0.25806415 0.48608184 -0.29900792 0.29085842 -0.623806 0.31531617 0.09213115 0.33565438 -0.05742206 0.8617417 -0.057755504 1.8733712 -0.04669177 -0.037739873 0.26494837 0.60754937 -0.2583754 0.2515439 -0.86315125 -0.6998497 0.35975897
662 0.652424 -0.6969689 0.4746646 -0.75431657 1.021455 0.49268773 0.6063022 -0.03470107 -1.0215446 0.049854435 0.7654757 -0.47382995 0.35032305 -0.21933763 -0.15613408 0.5824685 -0.6918176 0.08124111 0.24736997 0.32304683 0.96686673 1.3313801 0.72315365 0.053733803 0.8639495 0.13561095 -0.94108075 -0.6500443 -0.27432445 -0.039018176 0.18605244 -0.5945459
709 0.39602005 -0.73527044 0.7058923 -0.58708143 0.99536496 0.07922087 0.4297262 -0.022042869 -1.102269 -0.049646195 0.4925324 -0.63760084 0.34530485 -0.43281388 0.0009857676 0.5322811 -1.0164697 0.0689733 0.0652623 0.17479536 0.9599996 1.3235357 0.79394084 0.23630331 0.68545073 0.20286451 -0.84842783 -0.44350016 -0.24960935 0.0044202567 0.2927677 -0.4859053
762 -0.36960453 -0.12935387 -0.1064589 0.16744049 0.02099818 -0.25235993 0.7218592 1.4231853 -0.09696942 -0.42436698 0.46851677 -0.84291327 -0.04191603 0.47324955 -0.17470247 -0.21092294 0.51414096 0.31170157 -0.4005155 0.3868553 -0.44185415 1.0739084 0.028593972 0.29639718 0.16982307 0.16502596 -0.44599855 0.8889733 0.3024618 -0.67371744 -0.24313545 0.0437741
765 -0.34386078 0.00285455 0.16283399 0.09198407 -0.056641262 -0.23275453 0.6813587 1.3468063 -0.13147452 -0.38182357 0.4577468 -0.8642263 -0.11968844 0.48803216 -0.2247829 -0.30110964 0.4613797 0.43206975 -0.36296007 0.4230662 -0.43112883 1.1167079 0.11758524 0.08934206 0.024331424 0.25264886 -0.5618837 0.8642129 0.3499017 -0.7611195 -0.35609367 -0.096438095
771 -0.37799597 -0.027377242 0.10029526 0.082365096 -0.044510275 -0.25452617 0.6396782 1.3552653 -0.14625125 -0.3661059 0.42669487 -0.90471095 -0.009017589 0.47214383 -0.07473187 -0.15971155 0.31772476 0.31104955 -0.4729719 0.42223737 -0.5273792 1.09051 0.15625203 0.28108507 0.14828344 0.1356819 -0.39797226 0.9062967 0.2797785 -0.67456716 -0.2899215 -0.06282343
778 -0.4322057 -1.284645 0.9649324 0.1354267 -0.111043856 -0.57897866 0.825364 -0.6817831 -0.07970173 -0.55322057 0.29780927 -0.27143148 0.44144937 -0.35498625 0.09336378 -0.55806106 0.29150808 0.069553845 0.30760646 -0.13954936 0.6249312 -0.011969957 1.8757356 -0.018062562 -0.007780755 0.087553546 0.57432824 -0.18323085 0.2120713 -0.9220085 -0.754484 0.300161
782 -0.18368824 -0.15773734 0.26285416 -1.2766331 0.39245766 -0.6902711 0.08428031 0.2606697 0.006523443 -0.054521833 0.18207766 -0.9575361 -0.5684123 -0.62702066 -0.26542753 0.5139156 -0.030162279 -0.80727595 -0.2989874 -0.2340825 0.568714 1.0018721 0.9830838 0.804631 0.7276624 -0.06480808 -0.8543053 -0.024898782 0.44230232 0.2952819 0.20945628 0.7684326
786 -0.071276784 0.19591933 -0.1841484 -0.48282823 0.13568026 -0.29430604 0.3693902 0.48210758 0.18840076 -0.21432818 0.062982425 -0.9160976 -0.3549008 0.07273085 0.57835525 0.35479257 0.45059603 -0.5602497 -0.057103425 0.325941 0.348893 1.221063 0.7353977 0.21120507 0.5756092 0.27176467 -0.36148694 0.8972892 0.6414753 -0.016179232 0.15117271 0.3949354
791 -0.16251867 -0.05144478 -0.00022781717 -0.8553006 0.28076944 -0.8066315 0.16458249 0.39653656 0.047727533 -0.2718212 0.034344442 -0.92433876 -0.5023661 -0.47581595 -0.0047579594 0.44998887 0.13158259 -0.68580854 -0.26114932 -0.19533026 0.623467 0.89637613 0.9134565 0.7462819 0.70829976 -0.09508855 -0.63682497 0.29186508 0.62206626 0.27999157 0.3165515 0.93797433
804 0.17725497 -0.29549095 0.22999367 -0.35205498 0.57180375 -0.22750716 0.17924064 -0.21799594 -0.55991995 -0.33877188 0.24927972 -0.81151575 0.025185533 -0.43512413 0.2061347 0.4035042 -0.55140805 -0.4075107 0.046672113 0.2839118 0.6355355 1.1562475 0.51795685 0.2986677 0.6030666 0.32490954 -0.6386004 0.14416547 -0.045021664 0.27489704 0.33768392 -0.26650962
819 -0.24380623 -1.3792742 0.8772043 0.39639512 -0.13887274 -0.52029 0.8233778 -0.6465395 -0.11659258 -0.71042484 0.3284154 -0.27594262 0.5495327 -0.29960454 0.12002991 -0.7625137 0.43793476 0.051467616 0.4831664 -0.12096891 0.81134707 -0.13069002 1.7487468 -0.006293194 0.12337103 0.19225629 0.6394816 -0.24066892 0.19783929 -0.8445547 -0.738669 0.25491154
826 -0.37153953 -1.1683155 1.0120683 0.016264215 -0.11417083 -0.5089586 0.73703074 -0.7998472 -0.013226646 -0.47211117 0.28266564 -0.10234537 0.4132019 -0.13914107 0.16280629 -0.49160728 0.37087256 0.1877161 0.37098446 -0.02580242 0.7075659 0.05552153 1.8448036 -0.24878967 -0.11050838 0.14646372 0.4865109 -0.20366621 0.30067492 -1.0326139 -0.713833 0.31882757
845 0.25701442 -0.88395643 -0.32569355 0.41268286 0.78268945 0.31478992 0.38637236 0.4899642 0.1816245 0.55180526 -0.0601993 -0.5151972 0.43967846 0.49122337 0.46827608 -0.28587374 0.74558216 0.243533 -0.66180956 0.6688195 0.39198408 -0.09568926 0.17136905 0.8182079 -0.16553183 0.4495335 -0.59811133 -1.4584156 0.099979185 -0.5187563 -1.0100579 0.915734
875 -0.367319 -1.3068428 1.0399126 0.14030479 -0.18480565 -0.44097534 0.81223327 -0.83330196 -0.020892847 -0.5465485 0.23929968 -0.28468588 0.42361563 -0.24938415 0.11501147 -0.56547195 0.38470885 0.0874606 0.26589093 0.116234355 0.6864106 -0.008731152 1.798555 -0.21181582 -0.2341589 0.25482687 0.5678253 -0.29083487 0.20376578 -0.9886983 -0.7816104 0.21248397
938 0.35583046 -0.69491065 0.2450769 0.3634346 -0.00332264 0.15476602 0.5075722 0.9657033 0.36428612 -0.8481877 0.26784632 -0.7389967 0.45486072 0.7112657 -0.9305358 -0.5224774 0.633649 0.5216146 -0.73362464 0.93904597 0.32885465 0.15065472 -0.36567152 0.31671393 0.017897021 0.64867276 -0.60436887 -0.44874585 0.34089667 -0.24682817 -0.19535795 0.58640116
939 0.41730136 -0.63943523 0.12460375 0.42367268 0.14901014 0.14578022 0.35735533 0.95762616 0.40681788 -0.6893674 0.16521862 -0.74261516 0.3524879 0.64658916 -0.8684543 -0.6294765 0.77149016 0.36103353 -0.5884514 0.78218365 0.3891007 0.06354455 -0.3718332 0.37644762 0.11882729 0.69487363 -0.61649704 -0.4311665 0.28518662 -0.20158812 -0.36089003 0.5296097
987 0.17222661 -0.61508155 -0.41847235 0.15896834 0.7028454 0.6249512 0.5467935 0.48965344 0.13704814 0.67266065 0.046604738 -0.69816905 0.2733786 0.29027635 0.2790342 -0.11148372 0.7243713 0.36727276 -0.80834574 0.57057065 0.044375323 -0.037741385 0.2579437 0.6966193 -0.3806233 0.15547256 -0.78974444 -1.2961932 0.29522812 -0.5425277 -1.1613327 1.0063196
101 1.0291915 -0.61210066 0.3940004 -1.0470363 1.4253066 0.9984931 0.808713 -0.04666116 -0.9775379 0.2781003 1.067601 -0.47226706 0.12975089 -0.17418441 -0.30569094 0.34458256 -0.30764687 -0.10517233 0.7139965 0.13603084 1.0449597 1.4191028 0.904459 -0.019019155 1.0416478 0.029260375 -1.2008886 -0.88132226 -0.33745292 -0.3127529 -0.3569312 -0.8794005
131 0.43214557 -0.6538601 0.5709595 -0.20675197 1.2777799 -0.059616655 0.33487368 0.07719397 -1.2115567 -0.24950872 0.44804087 -0.88832265 0.33109164 -0.578634 0.20627606 0.4865912 -1.0388541 -0.06359061 0.10392723 0.17698282 0.9456343 1.5073904 0.5791087 0.53812426 0.6941847 0.3358552 -0.95027226 -0.17175382 -0.29501233 0.16289745 0.37340465 -0.5295247
265 0.43082878 -0.7009757 0.57251525 -0.101144224 1.1491256 -0.1971551 0.27044615 -0.16918631 -1.1307478 -0.31392857 0.4843655 -0.8821164 0.32945442 -0.63695836 0.38232738 0.3898337 -0.98329717 -0.23568334 0.11927224 0.23357841 1.0835245 1.3993394 0.6674558 0.54708743 0.75534016 0.39982024 -0.87959623 -0.18869998 -0.36521187 0.22008906 0.27929935 -0.48949906
751 0.13071515 -0.55051345 0.51903737 -0.38326386 1.0159466 -0.26213306 0.29014015 -0.086594336 -1.0839809 -0.1340705 0.32756078 -0.96191984 0.13734315 -0.6907489 0.18218264 0.592765 -1.034099 -0.13167872 -0.17662434 0.15900604 0.7182927 1.3739557 0.6188763 0.5721527 0.4960379 0.19603018 -0.82314074 -0.054005407 -0.25645182 0.16858263 0.32298687 -0.2942833
784 0.3501197 -0.69102645 0.5271485 -0.21973063 1.1412505 -0.20976314 0.36070722 0.05010836 -1.1616142 -0.39128152 0.5437955 -0.86081356 0.33845752 -0.59614 0.21517956 0.4282645 -1.0098125 -0.14509284 0.20980763 0.026775582 0.94143176 1.3886709 0.67705363 0.6096606 0.89214426 0.22643678 -0.7969452 -0.030689603 -0.24689117 0.20995182 0.37356892 -0.470573
210 0.79111856 -0.57970554 0.57192737 -1.111833 1.2021604 0.7376916 0.61713284 -0.1386321 -0.8369248 0.35983038 0.7362047 -0.4205535 0.13089997 -0.23129573 -0.2984203 0.50947285 -0.48588154 -0.10693515 0.42751127 0.12726818 1.0516417 1.30317 0.9281037 -0.05794852 0.8284258 0.100141644 -1.1200259 -0.91297096 -0.2399364 -0.17634441 -0.19531181 -0.59812504
268 0.2670802 -0.61639315 0.65453804 -0.40015006 1.0804338 -0.048643872 0.41085967 -0.025054531 -1.1259956 -0.15929124 0.51264906 -0.84376353 0.35912153 -0.5029431 0.1198333 0.5080613 -1.0394253 -0.061637055 0.0009621961 0.18267843 0.8093505 1.4266558 0.6949624 0.3699734 0.68541914 0.26104155 -0.8178499 -0.21263236 -0.28020698 0.08220881 0.32250887 -0.54239756
533 0.6448368 -0.62422705 0.5221557 -0.5901083 1.212984 0.38778237 0.5121638 0.07549438 -1.103075 0.108291745 0.67722654 -0.51832473 0.28219843 -0.27320755 0.0048736376 0.45102227 -0.7172418 -0.07937279 0.42463708 0.1415644 1.0515728 1.4403996 0.7799399 0.16734354 0.9501967 0.21719903 -1.0297859 -0.5650676 -0.35807455 -0.036012184 0.13349025 -0.6537498
779 0.68438435 -0.61948484 0.61369544 -0.66575295 1.2424111 0.38786432 0.49504712 0.10894906 -1.1027616 0.099289484 0.6530487 -0.60960585 0.18621758 -0.34536096 -0.21742618 0.39500234 -0.8004457 0.01274375 0.41334158 -0.0751509 1.0013793 1.3703848 0.8362968 0.09662411 0.826385 0.15880832 -0.9772918 -0.52329904 -0.32690075 -0.09248553 0.056139704 -0.7278126
211 0.7557261 -0.5776229 0.62409145 -1.1384923 1.1852926 0.7975253 0.72262645 -0.082103305 -0.9613598 0.4670961 0.8050615 -0.39112717 0.2918084 -0.2373795 -0.29284343 0.6193888 -0.67533433 0.18798031 0.31123027 0.217152 0.99529624 1.4003302 0.99783224 -0.16957447 0.7156298 0.07399194 -1.0887135 -0.8515615 -0.19357948 -0.20399973 -0.1067816 -0.6164806
