15 -0.6273058 -0.77274 0.35444713 0.12350785 0.48440728 0.25684455 0.88484305 0.6828662 0.11439307 -0.37081185 0.6108103 -0.0796718 0.06956015 -0.45729244 0.3092393 -0.090903014 0.011572991 -0.2288431 0.22292891 -0.57269114 0.13132536 0.57207423 0.8713159 -0.28732476 0.49722844 -0.16694675 -0.24918464 -0.15528014 0.6000633 -0.39790174 -0.56069696 0.36089015
17 0.15882066 -0.5460588 0.17269951 -0.35876614 -0.06394089 -0.9543735 0.36071137 -0.18747476 -0.62859064 0.6114248 0.4413266 -0.43508664 0.22293544 0.6982907 -0.5203722 0.59756255 0.5412087 0.24966818 -0.36238247 0.5129707 -0.08441648 0.6047948 0.18470925 -0.08031163 0.11398234 0.18306693 -0.46588862 -0.16394797 -0.20776632 -0.29429743 0.27091905 0.3724403
21 0.060182314 -0.4750538 0.374069 0.21449114 -0.21340597 -0.74566233 0.84379786 -0.061228573 -0.24906085 0.2535542 0.29634193 -0.23970483 0.38808677 0.4762483 -0.21599455 0.055480614 0.3469668 -0.15070556 0.40359747 0.7775275 0.1757233 -0.006331169 0.42027083 0.22857086 0.5225718 0.3200352 0.42530957 -0.51074284 -0.23679176 -0.26611516 0.4541653 0.6012503
29 -0.8732516 -0.8957864 0.15686011 0.47983935 -0.1076615 0.13141046 1.2339637 0.54044455 0.047851667 -0.15076901 0.5184176 0.42534038 -0.12580092 -0.3087168 0.5010413 -0.15601839 0.26749098 0.033850636 0.032792516 -0.107104465 -0.0750629 1.0037942 0.9571567 -0.23513652 0.3704651 0.26593065 0.14283192 -0.20886749 0.6817082 -0.24206257 -0.5815688 0.5200205
35 0.13445383 -0.8045743 0.060692467 -0.88631356 0.1385967 0.2188506 0.5127247 -0.7188869 -0.66840166 1.0711647 0.40477854 -0.38678622 0.26810887 0.43267986 -0.14104542 0.95407224 0.1300741 -0.01960072 -0.8736498 0.6946003 -0.04646962 0.5189521 0.26945585 0.4353722 0.16967234 0.7395436 -0.47006014 -0.83613473 -0.67935866 -0.30657634 -0.06996484 -0.09381793
39 0.0824174 -0.50962114 0.39884725 -0.28351963 -0.25742754 -0.4940805 0.3543905 -0.116472796 -0.49360633 0.3826811 0.47448578 -0.38571364 0.46880296 0.43464205 -0.754933 0.3221192 0.080863364 0.27052248 -0.23767619 0.3983774 0.32462725 0.22118366 -0.06399899 0.33176666 -0.06950661 0.33214143 -0.6374552 -0.3759246 -0.61860067 -0.18065996 0.15423346 0.24305744
48 -0.30399853 -0.7716479 0.3188854 0.41992727 -0.2720217 -0.31221402 1.0182202 -0.011359561 0.2033511 0.085965574 0.5475512 0.11440413 -0.43809366 -0.043077983 0.18418391 0.03312693 0.033193648 -0.258175 0.422954 0.40263852 0.23814578 0.2128361 1.1613508 0.13347735 0.83149093 0.25334406 0.5943008 -0.1379673 0.23218627 -0.4470954 -0.42247668 0.6201857
50 0.32840705 -0.27384672 0.35497087 -0.15637116 -0.30843383 -1.1332595 0.6787802 -0.04380492 -0.49238178 0.8770826 0.47350344 -0.644316 0.40485105 0.65707237 -0.4589362 0.5183987 0.2670826 0.41692537 -0.09192203 0.9132848 0.015839037 0.7251459 0.2733245 -0.1722481 0.049395308 -0.1770184 -0.5227499 -0.25059062 0.04294653 -0.42994833 0.4446489 0.6673564
56 0.22005641 -0.9702497 0.06312246 -0.8115168 0.11549773 0.6268412 0.62659407 -0.6848164 -0.9752551 1.0352015 0.31859338 -0.30874377 0.16572544 0.15860286 -0.14028439 0.7583467 -0.030740788 0.07832551 -0.8192101 0.6646717 0.021057606 0.5256944 0.26553735 0.47414148 -0.018823314 0.7767508 -0.4625947 -0.79242176 -0.95151496 -0.33508542 -0.3228644 -0.19883318
63 0.24114963 -0.85947925 0.13560034 -0.7363367 0.062369216 0.6002021 0.5183345 -0.605599 -0.9278196 1.0281644 0.33940288 -0.23892367 0.18298322 0.06229269 -0.26842552 0.6370997 -0.071238674 0.19452268 -0.6968604 0.70833397 0.05291686 0.35785785 0.2699523 0.53042835 -0.06896449 0.6583845 -0.43197834 -0.7524127 -0.89089453 -0.4548047 -0.32018563 -0.24840236
66 -0.29601735 -0.43161607 0.30661526 -0.04434324 0.78358126 0.123922706 0.34653625 1.0541375 0.108078316 -0.94882333 0.5595746 -0.48952377 0.5200039 -0.5952606 0.12378904 -0.29823992 -0.3482354 -0.120204195 -0.099536635 -0.5984288 0.5590815 0.60229236 1.4055982 0.06525 0.7286517 -0.51389223 -0.62901986 -0.56916016 -0.055085678 -0.65584356 -0.28278866 -0.42467427
79 -0.20051157 -0.5889051 0.44748786 0.20889403 -0.07387699 -0.45829016 0.8773496 -0.1359507 -0.1331936 0.23967643 0.28628653 -0.07882868 0.4209735 0.41877562 -0.2962635 0.051626287 0.17109463 -0.20678525 0.53478163 0.73113 0.25340557 -0.19235373 0.4964484 0.2078496 0.48062888 0.38817936 0.47618112 -0.5660129 -0.32970452 -0.33309802 0.33549142 0.6553431
80 -0.23286082 -0.3775351 0.23052795 -0.0681017 0.71715575 0.021640174 0.31274205 1.1490523 0.14721425 -0.89529306 0.56879205 -0.5746661 0.50343823 -0.48658246 0.19622423 -0.268199 -0.31971377 -0.14421083 -0.14606377 -0.57177544 0.4697136 0.59692913 1.4497889 0.027799806 0.81536126 -0.43976295 -0.5306194 -0.551685 0.014595842 -0.6999099 -0.124546655 -0.46238586
89 0.009977757 -0.3718635 0.13734835 -0.0466462 0.7920145 0.2784846 0.33012107 1.1298172 -0.10239179 -0.89080894 0.36839435 -0.60586834 0.43559423 -0.56135964 0.13299204 -0.28717035 -0.39529535 -0.026831245 -0.090551026 -0.49968112 0.61927855 0.61390465 1.4009622 0.111024864 0.78178245 -0.68570864 -0.5245153 -0.67420954 -0.1524779 -0.7076315 -0.22490558 -0.5842985
95 -0.32868525 -0.6924479 0.568782 0.17511684 -0.035310984 -0.45577765 0.8671548 0.022521133 -0.17185369 0.032604262 0.30811375 -0.004900588 0.46751946 0.29911286 -0.39231077 -0.056154925 0.1418659 -0.24632399 0.6354573 0.67908895 0.37666237 -0.38570213 0.36173654 0.29034176 0.40813014 0.3894734 0.49853572 -0.44994092 -0.41716155 -0.34643903 0.37711644 0.6979799
102 -0.42987692 -0.8050258 0.6053391 0.27036214 -0.22497827 -0.19984518 0.93031377 -0.06946471 0.31594557 0.046867084 0.5570726 0.024112891 -0.36760455 -0.14516546 -0.0035562792 0.020293174 -0.16905773 -0.2123557 0.553006 0.3147692 0.38174888 0.10246265 0.9261063 0.19850647 0.6335378 0.3792564 0.40699363 0.06488736 0.24331594 -0.47478348 -0.39052534 0.7539136
105 0.03360994 -0.6002626 0.50695825 -0.36813143 -0.5743879 -0.81027496 0.6813594 -0.03261727 -0.5480731 0.42198873 0.39758265 -0.7474319 0.5175478 0.43227106 -0.774446 0.27057654 -0.079942 0.6562051 -0.24189317 0.62848914 0.40646747 0.8017477 -0.3270705 0.3846376 -0.27945837 0.017051907 -1.0999856 -0.4290782 -0.25431412 -0.12326674 0.13642102 0.51311064
113 -0.71358824 -0.79312056 0.57555926 0.22410795 0.16633718 0.2987343 1.1650664 0.14990245 0.20185232 0.11655087 0.5730455 0.17553136 -0.15435049 -0.39807504 0.41362968 0.12185066 -0.035776027 -0.24758485 0.54578644 -0.080124386 0.26154065 0.40747133 0.96440566 -0.15778314 0.61590105 0.12308242 0.10941817 -0.17856212 0.55401367 -0.5505575 -0.68479604 0.5179777
116 0.105010375 -0.8393083 0.45416033 0.20635062 0.09803576 -0.50995487 0.7055307 0.12872781 -0.70338595 0.32227647 0.29275617 -0.05504092 0.6679044 0.6453142 -0.6697602 0.0043815873 0.4906408 -0.077882715 0.33508042 0.7072996 0.25447118 -0.1837 0.29502994 0.26275635 0.25884598 0.30621848 0.27161613 -0.7776147 -0.5253074 -0.30282196 0.8200007 0.8870713
118 0.30943564 -0.6217377 0.34314507 -0.37670365 -0.34499454 -1.0449303 0.64337766 -0.15084817 -0.6845084 0.5182611 0.2225166 -0.7335724 0.2799354 0.71392417 -0.46704736 0.56043 0.44861552 0.33741078 -0.3266978 0.5962977 0.21493505 0.8640858 -0.167796 0.11466043 0.07916799 -0.07569182 -0.7691677 -0.43425003 0.07370205 -0.11853602 0.19415867 0.53619486
119 0.044211656 -0.9151914 -0.008237712 -1.0388898 0.32875904 0.3742985 0.5755997 -0.541924 -0.82760215 0.95973176 0.32251912 -0.31294322 0.36245692 0.4140667 -0.053783614 0.9705491 0.273132 0.033911087 -0.9757434 0.6001781 -0.071835205 0.6095633 0.057117447 0.4059686 0.12339823 0.9639018 -0.38329715 -0.79959846 -0.6214571 -0.31486964 -0.096512526 -0.21511708
120 0.20134595 -0.89861715 0.09944818 -0.7967855 0.0696008 0.52408284 0.6242171 -0.5900576 -0.9328725 1.0894458 0.35482094 -0.42921826 0.39863977 0.20832056 -0.22220293 0.72881347 -0.08677531 0.23659123 -0.7808752 0.75912404 -0.035154965 0.62457037 0.21414769 0.38860068 -0.15647897 0.8233839 -0.512092 -0.79489684 -0.941268 -0.40678626 -0.233622 -0.26897725
122 0.040451284 -0.3591909 0.15412138 -0.1332036 0.6975584 0.11497713 0.23271227 1.0924188 0.01199355 -0.80181676 0.2705862 -0.54986596 0.4152199 -0.43026796 0.19103435 -0.13813399 -0.25410157 -0.17952538 -0.21847445 -0.4539758 0.6133137 0.47817695 1.42985 0.17243342 0.9172919 -0.68876886 -0.44918877 -0.7571406 -0.027629199 -0.6013548 -0.116165705 -0.58662504
123 -0.7467835 -0.6640139 0.5015402 0.13948138 0.200241 0.14150451 1.0268451 0.3071902 0.27942377 0.093343 0.6180933 0.1033893 -0.14935602 -0.38774776 0.32611117 0.12848994 -0.13541333 -0.2313692 0.49821615 -0.0407199 0.35756245 0.413677 0.9263716 -0.19219232 0.53491557 -0.018886765 0.029874574 -0.10772958 0.61562485 -0.5780863 -0.5417238 0.5097658
132 -3.8249535e-05 -0.7227567 0.43969217 0.31998378 0.09315324 -0.26043287 0.8319361 0.16517022 -0.63322425 0.4590707 0.31015965 -0.028593002 0.7592118 0.46439946 -0.60134816 -0.13264574 0.1937993 0.12280232 0.51628214 0.84034944 0.22032323 -0.19485058 0.43874863 0.2289087 0.15769129 0.19203745 0.36372963 -0.69687575 -0.6342207 -0.4295817 0.81019956 0.7960446
134 -0.38223588 -0.7249267 0.55975723 0.29496378 -0.24145454 -0.12482557 1.0127796 -0.08319258 0.26376122 0.20809852 0.51961696 0.0052414606 -0.39314428 -0.2525785 0.0918718 0.09050639 -0.18758193 -0.20655537 0.62465674 0.38675267 0.4619627 0.11989482 1.0061661 0.18548818 0.76090276 0.046798743 0.44632155 -0.13352665 0.22888058 -0.5522056 -0.40831444 0.6311849
150 0.038040716 -0.7361027 0.51589113 0.38971797 -0.065879315 -0.37775522 0.83999 0.18352512 -0.66142017 0.39116177 0.21290576 -0.031929497 0.8164885 0.50598824 -0.7566341 -0.09451725 0.1880902 0.17061561 0.4535704 0.89962816 0.3744956 -0.2051273 0.35604107 0.35365957 0.14747491 0.16959879 0.28841242 -0.7088664 -0.5184371 -0.2916978 0.73092747 0.8737762
153 0.043093015 -0.6401414 0.505907 -0.31120023 -0.65685296 -0.8299769 0.6402131 -0.24256259 -0.6487414 0.35139766 0.29172635 -0.82767737 0.41132942 0.43951342 -0.8823213 0.28019598 -0.031893075 0.73830366 -0.21433096 0.6564105 0.41913947 0.86992884 -0.31709903 0.45423728 -0.2563473 0.007634203 -1.1510521 -0.38653192 -0.34707457 -0.162646 -0.10776048 0.5208373
154 -0.10123275 -0.5486089 0.53226405 -0.27326396 -0.6753437 -0.73617136 0.6608751 -0.03636305 -0.53355455 0.33540565 0.37607184 -0.7390678 0.5548412 0.3694348 -0.94230914 0.18921281 -0.21069825 0.74315953 -0.23090757 0.57010853 0.49825183 0.83470714 -0.26851606 0.5037281 -0.36307433 0.05327538 -1.1904284 -0.43762866 -0.33694962 -0.1610648 -0.013030982 0.4858453
164 -0.25954548 -0.4281795 0.28783464 -0.15210989 0.794675 0.022177584 0.4019244 1.1620694 0.09984754 -0.9326373 0.58699673 -0.55248904 0.363814 -0.49116638 0.17213406 -0.21347919 -0.25593385 -0.22679582 -0.01451148 -0.655522 0.57715964 0.6294979 1.4205242 0.028523177 0.842081 -0.6101658 -0.6757072 -0.5325083 0.08826465 -0.6975288 -0.29448014 -0.4048742
172 -0.008461775 -0.7687384 0.5549742 0.3363001 0.08488206 -0.38491797 0.7624756 0.23073122 -0.6125999 0.38790143 0.376734 -0.011491779 0.79600054 0.5803232 -0.7226691 -0.10514161 0.3170065 0.009117428 0.510118 0.8099969 0.30375138 -0.271893 0.41711998 0.33233783 0.21035972 0.3580499 0.4078609 -0.7598761 -0.6187691 -0.41276515 0.86626834 0.8920754
179 -0.8106766 -0.77151597 0.64012927 0.12896304 0.24437258 0.13746458 1.059367 0.14687541 0.21764274 -0.012622758 0.62352616 0.230048 -0.17225106 -0.3598754 0.2619171 0.15373148 -0.112775594 -0.37791932 0.53078014 -0.13091773 0.42993155 0.24028726 0.8983783 -0.069279514 0.5813907 0.051227618 -0.07815415 -0.17880265 0.5345662 -0.5130585 -0.6226988 0.6155594
181 -0.4928745 -0.8329392 0.28371248 -0.028036527 0.6637441 0.2822315 0.7521428 0.59571594 0.13499618 -0.3576744 0.57900107 -0.13843594 0.103460945 -0.34132168 0.32009372 0.02673679 0.19793153 -0.3316191 0.057928108 -0.7011015 -0.008566434 0.6382818 0.92004174 -0.4342215 0.56401694 -0.10502831 -0.354344 -0.229533 0.60481554 -0.43253517 -0.5896359 0.3342614
184 -0.36239684 -0.81213593 0.45219687 0.29340932 -0.2947355 -0.30255184 1.0317101 -0.109324045 0.28437582 0.10079854 0.6258141 0.118395485 -0.4128696 -0.12806465 0.08441369 0.13902412 0.040761054 -0.28746137 0.45605436 0.32937625 0.29612768 0.2379201 1.0545632 0.18530682 0.7964056 0.3883763 0.4892059 -0.092006415 0.25341806 -0.30401665 -0.39727813 0.6137784
185 -0.316037 -0.7750612 0.51587623 0.31238502 -0.21240896 -0.29217386 1.0769099 -0.050284736 0.18455209 0.081089936 0.67209333 0.19921115 -0.42373407 -0.16664243 0.116676405 0.2562168 0.1061139 -0.4444392 0.50071806 0.4420171 0.42887008 0.1057173 1.0144709 0.218238 0.8820119 0.30514756 0.5655211 -0.18791874 0.2490087 -0.4080746 -0.31453207 0.64308554
194 -0.317696 -0.71849 0.42552784 0.33609664 -0.1730042 -0.27613768 1.1136041 -0.05817971 0.21561302 0.08166759 0.6001525 0.03377603 -0.42998913 -0.046342418 0.124918334 0.17152062 -0.0034238016 -0.32785308 0.50546175 0.41616777 0.4254943 0.19904052 0.91265315 0.20196062 0.7582841 0.2075501 0.53030926 -0.14846724 0.3378766 -0.4050316 -0.42238918 0.67236763
196 -0.11948074 -0.8517458 0.32404596 0.42290682 -0.30601895 -0.40277132 1.0189418 -0.15141505 0.11116828 0.08234237 0.5853066 0.016323406 -0.4200565 0.04099831 -0.023560379 0.14722106 0.023526162 -0.3328857 0.54051405 0.59710515 0.29132986 0.06654432 1.100563 0.2806941 0.9472165 0.43415016 0.7795967 -0.15897346 -0.02614974 -0.3937672 -0.20309997 0.72941655
205 -0.3046286 -0.72510016 0.484694 0.29932892 -0.19050145 -0.3269593 0.8899192 -0.15435997 0.17956255 0.27840272 0.5617229 0.0515886 -0.3417442 -0.023254782 0.04982922 0.21514739 -0.075689085 -0.22166216 0.5697098 0.572874 0.3431261 0.039122645 1.0874738 0.14190166 0.8053335 0.44840968 0.66730654 0.05996361 0.13649623 -0.58534825 -0.33114204 0.7535498
209 -0.81840163 -0.9157328 0.2996645 0.26023486 0.2630368 0.45384297 1.0973505 0.68772507 0.06349338 -0.35363036 0.49109736 0.20925647 -0.046872243 -0.50443 0.42904088 -0.15507314 0.1307801 -0.12424069 0.038873367 -0.59781456 0.06075053 0.80037683 0.95252997 -0.16982445 0.39888173 -0.09854769 -0.11023487 -0.41444024 0.61293495 -0.3568939 -0.5658198 0.34703943
222 -0.035129614 -0.61637145 0.61876965 -0.49626744 -0.64949006 -1.0202122 0.75145173 -0.14200841 -0.46847352 0.35631502 0.43009105 -0.8262926 0.5563977 0.47183496 -0.7797147 0.35982546 0.028284784 0.5114356 -0.32526672 0.48161438 0.4035257 0.8403407 -0.3403941 0.5191598 -0.14943163 0.04010602 -1.2481998 -0.524807 -0.2371082 -0.15475748 0.050402973 0.45921168
223 -0.02047957 -0.7516701 0.49998325 0.4017468 0.041887738 -0.3169588 0.7626291 0.0653273 -0.50304574 0.43320617 0.26675773 0.04802906 0.70219475 0.5136896 -0.6395396 -0.110404275 0.27931574 0.053936917 0.48551506 0.7714832 0.21739574 -0.21869306 0.54098856 0.25786418 0.24437787 0.21935105 0.3678694 -0.6776556 -0.45965987 -0.34385335 0.7419177 0.940628
240 -0.109500885 -0.58725935 0.6602349 -0.5079597 -0.45085698 -0.97831976 0.7230414 -0.14421408 -0.49582624 0.32529607 0.4997475 -0.82973135 0.6330092 0.5031909 -0.85904163 0.3620505 -0.03155435 0.5851178 -0.1130396 0.59400463 0.5202326 0.813023 -0.46114114 0.35970426 -0.22967346 0.1245802 -1.2239916 -0.31095818 -0.17189173 -0.15602365 0.023188993 0.651649
242 -0.016576482 -0.7780461 0.48724565 0.23946042 0.03686127 -0.21175605 0.75661147 0.15732035 -0.7002527 0.45527852 0.28297952 0.011951378 0.66465837 0.49454114 -0.7261125 -0.13876028 0.17078288 0.16268791 0.4843713 0.85033303 0.23567083 -0.25957152 0.36546135 0.34038824 0.0709387 0.3820498 0.4028104 -0.57915074 -0.7037058 -0.46168697 0.75414306 0.8097476
253 -0.7511739 -0.9771816 0.2819953 0.4339887 -0.095291324 0.22105257 1.1301382 0.29563588 0.066008024 -0.18002933 0.25004646 0.42433268 -0.22824481 -0.22025101 0.44717723 -0.10842959 0.2775419 -0.17403273 0.019697007 -0.21873817 0.096874446 0.70490783 1.063444 -0.030631332 0.49806997 0.16784793 0.11255474 -0.36583087 0.62100416 -0.1675945 -0.6225426 0.5571461
255 -0.28176877 -0.4699027 0.30124846 -0.08528406 0.74857837 0.0052751894 0.43613133 1.0945476 0.18936 -0.94163173 0.6161469 -0.5564256 0.49322352 -0.5526505 0.12683496 -0.23819691 -0.22757252 -0.14734732 0.10382109 -0.69369286 0.475671 0.57620144 1.426458 -0.17705025 0.8247453 -0.50148714 -0.61228144 -0.501543 0.043240618 -0.6659587 -0.36179483 -0.3531537
267 0.16003728 -0.91418993 0.1440496 -0.95030457 0.15517575 0.38066742 0.45248803 -0.5352099 -0.9257867 0.9091707 0.37596387 -0.33135065 0.34949884 0.2535801 -0.30176106 0.7065265 0.002108078 0.16263644 -0.7548388 0.627988 0.06145813 0.39663014 0.077555805 0.5226112 -0.07292998 0.8347413 -0.53614914 -0.7039722 -0.8269677 -0.4188437 -0.20144838 -0.21160813
271 -0.9175872 -1.0739822 0.250237 0.30972725 0.12639199 0.17563343 1.1647353 0.4330499 0.12378016 -0.26982865 0.36279455 0.39557883 -0.3352294 -0.1440798 0.39015448 -0.022366792 0.3502674 -0.28576714 0.003918843 -0.31596762 0.16636577 0.7708635 0.8812923 -0.052180212 0.52397054 0.23658933 0.148664 -0.28619617 0.741583 -0.16945149 -0.51690793 0.6193915
272 -0.09348159 -0.3588233 0.24107529 0.03298598 0.6645113 0.07897722 0.2715711 1.1064727 0.12410028 -0.8241716 0.39247686 -0.60489464 0.5077332 -0.5326069 0.1310079 -0.32086158 -0.3027058 -0.024820086 -0.22833295 -0.5198504 0.56765234 0.61647254 1.5367836 0.17988999 0.7796092 -0.68395066 -0.67650074 -0.71518207 0.0071878494 -0.64894986 -0.19703874 -0.4343964
273 -0.14682275 -0.7673733 0.5388064 0.29683062 -0.24168935 -0.56086063 0.9149215 -0.23792607 0.19648284 0.20403194 0.6023972 -0.05682306 -0.30852348 0.049142033 -0.10736118 0.26759934 0.021350931 -0.36634165 0.60821676 0.58753824 0.4040337 -0.036725778 1.0068141 0.23666734 0.8712453 0.38826448 0.6394754 -0.04839408 0.06541705 -0.49098915 -0.22890896 0.7836168
275 -0.101543725 -0.7343765 0.5086787 0.26532105 0.20026326 -0.28332403 0.67777485 0.17983164 -0.5593826 0.34963104 0.39674667 0.0052444013 0.7519181 0.5098895 -0.7062819 -0.122130916 0.24643041 0.1117989 0.5801511 0.73000246 0.2879133 -0.23305129 0.36881062 0.19359383 0.11499013 0.3441016 0.3091091 -0.57805705 -0.54982185 -0.38908255 0.7621775 0.840607
285 -0.26350513 -0.48386523 0.29917282 -0.13779587 0.66132146 0.122754484 0.32432815 1.0439345 0.2121613 -0.8976115 0.4705044 -0.5100785 0.5247144 -0.5625623 0.15767814 -0.34191 -0.32870904 -0.042039055 -0.14796561 -0.5862834 0.4387157 0.6124781 1.4471432 0.05096317 0.7975542 -0.4300152 -0.63268644 -0.47968766 0.0010538583 -0.6552066 -0.2735895 -0.4360117
311 -0.062210232 -0.62281877 0.6023964 -0.3473639 -0.5676316 -0.91587037 0.63937956 -0.10905905 -0.45304063 0.3393013 0.4188566 -0.767611 0.4662758 0.5026379 -0.88798165 0.3902038 -0.09491344 0.5733737 -0.2949228 0.5462716 0.5363431 0.8006262 -0.2949087 0.39654437 -0.28485268 0.096335895 -1.2582053 -0.39606887 -0.18617831 -0.110225424 0.070885144 0.6410316
335 0.18396245 -0.7304495 0.34274575 -0.45692772 -0.3002879 -1.2590244 0.49333814 -0.12152623 -0.72587186 0.4707045 0.33593988 -0.6680762 0.32486403 0.87310326 -0.5251342 0.57920426 0.78045684 0.30519262 -0.44750553 0.27731973 0.11835604 0.98816943 -0.14990869 0.0023395808 0.043708984 0.027949644 -0.93824375 -0.43658006 0.17275687 -0.13951364 0.12522434 0.6546182
374 -0.033740178 -0.27232674 0.14793123 -0.06748278 0.8797142 0.065808296 0.20389651 1.1747519 0.072912104 -0.88058066 0.46863556 -0.57825524 0.5751711 -0.35811794 0.19450928 -0.17732286 -0.30681163 -0.18164425 -0.1718083 -0.46699265 0.57690316 0.52997804 1.4999622 0.07173618 0.82250077 -0.547428 -0.48897335 -0.72783655 -0.07841963 -0.656231 -0.02575869 -0.51212156
431 -0.66995126 -0.6123889 0.47508782 -0.02043726 0.53975356 0.30637124 0.78327435 0.6228554 0.2282621 -0.16453826 0.52415645 -0.05508044 0.21910936 -0.39438164 0.3546754 -0.050199818 -0.11403622 -0.061242122 0.38473225 -0.41287035 0.20996419 0.45498386 0.8744946 -0.2626421 0.47593108 -0.2624772 -0.23814763 -0.16248098 0.6032934 -0.59694344 -0.43855828 0.17471421
448 0.21901672 -0.8176553 0.086361036 -0.8916815 0.05077116 0.67875785 0.6246497 -0.64531696 -0.86356854 1.1058469 0.31546533 -0.39036506 0.3245638 0.09306186 -0.09700373 0.7983211 -0.15305088 0.15759984 -0.9631811 0.81901616 0.033890817 0.56818503 0.29623878 0.56327176 -0.03978104 0.8503371 -0.46779463 -0.91250473 -0.97426385 -0.46459872 -0.32580087 -0.42750156
481 -0.14983718 -0.8751654 0.33795023 0.15422513 -0.21165438 -0.5684211 0.9315882 -0.28009984 0.20603909 0.063121825 0.58106256 -0.04534611 -0.4972203 0.15140414 0.08602786 0.3260239 0.19234067 -0.5171527 0.43586844 0.4246981 0.3466691 0.07372277 0.94848484 0.23279761 1.0511813 0.54036874 0.7179633 -0.09881668 0.15368293 -0.37748545 -0.29323876 0.6881135
492 0.106657036 -0.9308179 0.12532644 -0.87680304 0.2690513 0.5951326 0.5373719 -0.4793243 -0.95326704 1.0142566 0.42121112 -0.28123534 0.39406452 0.20937178 -0.30342507 0.7476749 -0.036982343 0.14844175 -0.7550648 0.6834452 0.028161256 0.47910434 0.060710497 0.32020968 -0.22473896 0.9097948 -0.57184243 -0.6512137 -0.8207269 -0.3926532 -0.2775311 -0.15284055
494 -0.79607534 -0.8802782 0.34248927 0.2566406 0.06935596 -0.04264754 1.0863177 0.38693196 0.26645893 -0.21936496 0.5538893 0.3084788 -0.1692874 -0.18533082 0.46487284 0.01181565 0.29866356 -0.29563054 0.118674256 -0.15236522 0.1238283 0.65968305 0.97256464 -0.13338481 0.55687803 0.35404587 0.11520785 -0.20654815 0.6789603 -0.2387521 -0.5842676 0.5004908
496 -0.79547083 -0.7631732 0.52611583 0.26472312 0.08857167 0.3410432 1.1787571 0.28658962 0.13645263 0.13182393 0.509661 0.22978511 -0.17926776 -0.46942052 0.35304216 -0.042260893 -0.216354 -0.053123932 0.50682 -0.012727447 0.30117697 0.45950016 0.91420543 -0.08131576 0.41979954 -0.06510099 0.07085208 -0.13640969 0.60174036 -0.54907644 -0.69952995 0.5268855
499 0.07618802 -0.6704383 0.13637973 -1.0335993 0.076761395 0.12584913 0.6422354 -0.67718834 -0.5157007 1.0370741 0.4333147 -0.46405193 0.3806333 0.38313 -0.08261656 0.9772958 0.05603356 0.07028779 -0.8035273 0.82498145 0.07758963 0.6264513 0.036721177 0.43653095 0.1325205 0.7585022 -0.518767 -0.7065282 -0.52462757 -0.34224722 -0.03148914 -0.17597029
511 0.054215264 -0.85790527 0.06708667 -0.9415765 0.32828075 0.14661056 0.49472827 -0.514298 -0.78841335 0.9274317 0.32222703 -0.29922158 0.40307388 0.5145233 -0.1488054 0.92109597 0.3218104 0.034893185 -0.8182075 0.57615215 -0.14676534 0.55728513 0.12324048 0.25534284 0.06534762 0.72109395 -0.40171984 -0.6699963 -0.5537663 -0.29078496 0.0008721184 -0.030762536
513 -0.06320587 -0.63459873 0.6874478 -0.3741491 -0.59823173 -0.7540112 0.8152896 -0.18154772 -0.57650346 0.24453332 0.3726068 -0.86156803 0.59913516 0.35018083 -0.93527335 0.26004303 -0.16813588 0.63920075 -0.13020055 0.51887274 0.60573643 0.7203209 -0.52897835 0.5038027 -0.27850688 -0.035377264 -1.3123611 -0.49785227 -0.3376324 -0.13673022 -0.09115775 0.532815
601 -0.9459911 -0.85664743 0.33151665 0.33113635 0.5278963 0.25856435 1.107621 0.7163135 -0.017582865 -0.27715126 0.68083614 0.17237014 0.05730161 -0.3130897 0.3898904 -0.041068565 0.29660934 -0.1584114 0.35364243 -0.45739797 0.081392564 0.8380357 0.8123773 -0.48881653 0.43484065 0.14429551 -0.11142987 -0.28904024 0.80282956 -0.30120265 -0.56038684 0.4489366
603 0.16637479 -0.9376279 0.09257725 -0.95539534 0.21365665 0.49896884 0.62900424 -0.6044349 -0.96631426 0.9683334 0.36537257 -0.3743408 0.31547138 0.23496251 -0.26835155 0.8639625 -0.0036509205 0.018459935 -0.73864096 0.6452874 0.1653954 0.52989304 -0.049619853 0.5066532 -0.08713325 0.6917648 -0.56636107 -0.81614226 -0.82450366 -0.30962425 -0.13133463 -0.12455246
662 0.2762967 -0.64391696 -0.38482866 -0.23984046 1.0539882 0.30432144 0.033065096 1.2240556 -0.4373636 -1.0875982 -0.51444334 -0.4370193 0.41644204 0.41441083 -0.29404885 0.0074276747 -0.7882614 0.85647583 -0.7045834 0.9832526 1.1446723 1.0082917 0.7869235 0.14914393 0.3095081 0.47406432 0.14580473 0.7198032 0.47998273 -0.41879785 -0.51349217 -0.08935601
709 0.3864728 -0.55948734 -0.3006889 -0.15704265 0.97385293 0.52196753 0.15303649 0.9712997 -0.46109614 -1.1354498 -0.6569351 -0.35853425 0.39982563 0.20715562 -0.19315709 0.014527488 -0.780204 0.6900009 -0.65110713 0.9104413 1.2548715 0.8775911 0.7191183 0.31687626 0.36861804 0.21267281 0.06689949 0.35319206 0.35070282 -0.2915599 -0.4845402 -0.29614213
762 -0.7548576 -0.77244055 0.6272455 0.22228742 0.22102869 0.25640532 1.1055775 0.19163722 0.25562418 0.086202286 0.5388884 0.18956386 -0.08967351 -0.5038342 0.26019007 0.04285114 -0.15542822 -0.20922837 0.57660705 -0.068941936 0.47679603 0.35920477 0.9563066 -0.029447522 0.53870857 -0.051816236 0.029001752 -0.13470723 0.6267987 -0.48449835 -0.6740503 0.5654509
765 -0.039198305 -0.88316566 0.25107586 0.44331753 -0.2987884 -0.583104 0.91249955 -0.1900705 -0.033969298 0.22029594 0.4668869 0.078503355 -0.23488455 0.203398 -0.074964575 0.15894158 0.3072962 -0.36893305 0.47993115 0.60268027 0.04390586 0.0022774367 1.088724 0.058667388 0.94556946 0.4757414 0.7312611 -0.2641685 -0.06612327 -0.30979675 -0.11240038 0.7098884
771 -0.16569518 -0.76279354 0.42937523 0.31735668 -0.32191196 -0.36158022 0.8548593 -0.19435416 0.17818412 0.17556007 0.5936632 -0.023496943 -0.4209627 -0.031111171 -0.05538697 0.1546492 -0.0595022 -0.2236824 0.54168886 0.5701537 0.31669456 0.018054418 0.9907362 0.28774655 0.7840284 0.3701496 0.6293742 -0.025082018 0.0054319743 -0.4667224 -0.24218716 0.7127215
778 0.06259924 -0.90940416 0.045202225 -0.9516851 0.12879972 0.31978396 0.56075 -0.62573767 -0.81437606 1.0276371 0.32982084 -0.34877163 0.39131826 0.41295153 -0.19060901 0.8207638 0.18453951 0.13153546 -0.91231173 0.7236178 -0.14151746 0.5361667 0.18989997 0.49112353 0.070793845 0.9104202 -0.36583188 -0.823234 -0.77215165 -0.34615132 -0.055015847 -0.21563445
782 -0.13476637 -0.42076415 0.29350477 -0.08421285 0.86089396 0.21506129 0.2627329 1.1256267 0.11708015 -1.0260445 0.48872757 -0.64255124 0.6922688 -0.47814822 0.08502433 -0.26957926 -0.3256875 -0.12335652 -0.20653024 -0.61411315 0.59239364 0.58842933 1.4903682 0.12265496 0.7740481 -0.5643749 -0.7247385 -0.8129096 -0.12017278 -0.7048629 -0.2738205 -0.5298101
786 -0.860347 -0.75741196 0.5389907 0.20233256 0.45466083 0.36960676 1.2209257 0.536733 0.1771488 -0.0716023 0.6635358 0.08146329 0.053769954 -0.46910816 0.43806893 0.14589357 0.04733613 -0.25650147 0.46227586 -0.41527322 0.31257406 0.6755987 0.8780209 -0.44015294 0.50980777 -0.098306485 -0.20692055 -0.35811508 0.82349354 -0.43835253 -0.70473534 0.36881536
791 -0.36205727 -0.41842192 0.21901762 0.0062961318 0.712197 0.12949644 0.39465684 1.1066887 0.0881509 -0.8616419 0.4576622 -0.41116765 0.44924322 -0.46270627 0.14608474 -0.35557052 -0.2230775 0.031719733 -0.021948028 -0.53839314 0.4861472 0.73205304 1.3908529 -0.09036513 0.6925715 -0.5234343 -0.6255403 -0.4716251 0.14125323 -0.6332149 -0.28880686 -0.3604034
804 0.15272912 -0.46233848 -0.15620545 -0.08774599 0.9190884 0.42846927 0.4071415 0.76489305 -0.3695437 -1.0358082 -0.56213135 -0.0319834 0.07729116 0.040261164 0.14576977 0.21026908 -0.33761874 0.019585017 -0.37138182 0.2502964 1.1287737 0.6222536 0.5413565 -0.025703251 0.63314134 -0.250805 0.007700202 -0.07975435 0.7614558 -0.19711477 -0.68046004 -0.024298977
819 0.17423414 -0.8080025 0.117485665 -0.86264926 0.11697652 0.39825124 0.5110423 -0.5427704 -0.8727782 1.1112514 0.45127073 -0.3642417 0.3798031 0.28770545 -0.2522421 0.78516996 -0.027056513 0.14879073 -0.7989589 0.7550086 -0.0043847086 0.5206856 0.17469731 0.4076006 -0.13472505 0.8831533 -0.4956549 -0.72870153 -0.8160312 -0.46014193 -0.0979011 -0.1513564
826 0.15227298 -0.79347944 0.18608591 -1.0168928 0.15028754 0.28641167 0.6056885 -0.7226334 -0.6419005 1.1381272 0.3887164 -0.39404675 0.43988612 0.3617572 -0.0972756 0.9621618 0.07208054 0.032364246 -0.9467841 0.78069484 -0.045782644 0.5689434 0.31632075 0.49651787 0.16156685 0.74580413 -0.5247035 -0.9440675 -0.7373591 -0.4369846 -0.044575468 -0.28151923
845 0.19160147 -0.5783079 0.42553514 -0.19256131 -0.5124533 -0.9060617 0.72933733 -0.046280675 -0.6849425 0.57819235 0.28940186 -0.7524701 0.4998631 0.60628796 -0.63347155 0.35719758 0.24547131 0.5893727 -0.2744983 0.5831813 0.24525055 0.9012064 -0.1451398 0.18103744 -0.1433019 -0.15763238 -0.9601926 -0.48275706 -0.1001709 -0.17547746 0.25699592 0.52588207
875 0.053838268 -0.60424185 0.4348097 -0.39016184 -0.41384062 -1.0951864 0.77006227 -0.10103734 -0.6933824 0.7458367 0.47255313 -0.6858473 0.40460104 0.72963613 -0.4517986 0.43004787 0.44715947 0.5368519 -0.42556778 0.58071136 -0.03395538 1.1137342 -0.124595694 0.033815064 -0.17853339 0.04276126 -0.9302964 -0.25859028 0.047279187 -0.2683331 0.27414176 0.65103996
938 0.0002880255 -0.7381863 0.5204113 0.27379403 0.09824506 -0.50542265 0.83386123 0.12985554 -0.60369295 0.29364744 0.3613475 -0.11786054 0.74659824 0.5769029 -0.7665523 -0.018906387 0.30717766 0.03691616 0.63495266 0.8295278 0.37521672 -0.22987564 0.30712858 0.17233366 0.25427046 0.26843464 0.34034243 -0.6563129 -0.55571765 -0.34438804 0.75206524 0.91235054
939 0.009529008 -0.7786522 0.40723282 0.2801559 0.12731674 -0.43084204 0.69261706 0.18469532 -0.7017973 0.36719462 0.42260998 -0.0752982 0.66665334 0.5014791 -0.77987367 -0.07786013 0.2766739 0.17337152 0.57797426 0.7498191 0.2424088 -0.1923235 0.39610052 0.16008961 0.1450814 0.21290325 0.2726354 -0.54254794 -0.680783 -0.3729757 0.756852 0.84795916
987 -0.02344728 -0.6254279 0.6089678 -0.3316145 -0.71877116 -0.94401115 0.7114521 -0.13389121 -0.45802188 0.3476826 0.4590937 -0.81965107 0.38361093 0.3912234 -0.90192336 0.2523324 -0.1989252 0.634785 -0.28325903 0.57464963 0.5107778 0.78607756 -0.17704381 0.6004236 -0.23244986 -0.00042468778 -1.20416 -0.41536376 -0.3265584 -0.12318091 0.10477983 0.65796417
101 -0.04277484 -0.79970646 -0.3156262 -0.25837103 1.1581318 -0.0011907762 0.020079985 1.4476244 -0.30391446 -1.0921323 -0.2931003 -0.4594821 0.43222252 0.6480529 -0.4040844 -0.08490928 -0.7641052 0.92518044 -0.53044987 1.1379949 1.1146293 1.1568823 0.7483825 0.0510128 0.2029757 0.9517742 0.2918262 1.2856737 0.6976994 -0.5382805 -0.46334103 0.29749942
131 0.41887656 -0.7677934 -0.39746448 -0.07494054 1.0701239 0.53453076 0.20594338 0.89508826 -0.5576833 -1.2414939 -0.94196934 -0.34539914 0.3310744 0.34480518 -0.13558605 0.077494316 -0.49629593 0.47301605 -0.7724131 0.7408744 1.1622561 0.91147447 0.7179729 0.27083868 0.61898607 0.039175354 0.11035068 0.08669678 0.43600303 -0.119623415 -0.5979221 -0.17366432
265 0.55995893 -0.6637221 -0.27156246 -0.24431033 0.978236 0.40283817 0.109752014 0.9390543 -0.7170728 -1.3142935 -0.9353908 -0.28847504 0.1096267 0.28711453 -0.12886886 0.19055648 -0.55489254 0.49875876 -0.8257314 0.6970313 1.4828184 0.8528768 0.7037091 0.28636077 0.6681263 -0.15561865 -0.14948975 0.056965433 0.6347828 -0.27738392 -0.7793191 -0.16807652
751 0.5317647 -0.7950275 -0.33889547 -0.14550363 0.73758143 0.63095206 0.2430068 0.89313126 -0.618295 -1.1800597 -0.90169466 -0.11864776 0.06390198 0.15142015 0.08011927 0.12657544 -0.49536023 0.376004 -0.7768045 0.6192977 1.2469965 0.7852744 0.79308647 0.29371575 0.82447743 -0.30626565 0.06911275 -0.14078192 0.662087 -0.22030666 -0.7147563 -0.1902778
784 0.55333436 -0.78569025 -0.34158048 0.07993013 0.9226298 0.5309892 0.36537886 0.7434215 -0.7093513 -1.3048266 -1.0329419 -0.37039226 -0.04680092 0.17041698 -0.053436372 0.027888771 -0.61889094 0.5530372 -0.7926927 0.6789265 1.3544117 1.0407984 0.8770697 0.35082278 0.6319351 -0.11088456 0.11347707 0.06805468 0.41509247 -0.1111446 -0.8713579 -0.27627116
210 0.17917429 -0.6697037 -0.36789688 -0.2809711 1.0541719 0.088253096 0.0027849157 1.231582 -0.36209953 -1.0110557 -0.43511194 -0.4672061 0.47385502 0.6114577 -0.29845148 0.0027668043 -0.7180984 0.88574624 -0.66504174 1.0374013 0.9802563 1.0945309 0.73169225 0.007812759 0.2211456 0.7617324 0.2364606 0.96749854 0.5827492 -0.35754648 -0.4141856 0.068955906
268 0.47121975 -0.85836655 -0.49020997 -0.040334698 0.92456675 0.44072676 0.08488654 0.9679721 -0.6398378 -1.0872871 -0.8379743 -0.39384595 0.06522293 0.36815163 -0.16748028 0.09196923 -0.5273135 0.7557818 -0.907182 0.6441656 1.0428494 1.2438378 0.87623554 0.1823342 0.46076697 0.17138617 0.048098903 0.32524616 0.509681 -0.11832526 -0.67603534 -0.20411675
533 0.2969259 -0.65387255 -0.4857831 0.01728567 0.9951869 0.21908292 0.07502829 1.2019635 -0.36276048 -1.0196166 -0.7577453 -0.5235083 0.49058613 0.5328361 -0.13428931 -0.022206895 -0.7242295 0.9344879 -0.79639745 0.966885 0.9837334 1.2542449 0.9941858 -0.050444745 0.42208403 0.47223634 0.2024174 0.53379124 0.5365412 -0.2821202 -0.49351975 -0.16592047
779 0.33284482 -0.7570447 -0.35874218 -0.37869087 1.0814772 0.21674658 0.033304963 1.0241802 -0.4517789 -1.2443871 -0.52976483 -0.4994629 0.36857742 0.44317472 -0.31113365 0.20934847 -0.7189918 0.64649117 -0.80421513 0.97200835 1.1834646 1.0716641 0.5974922 0.3179546 0.38490814 0.6236942 0.062620774 0.68111444 0.488447 -0.21374145 -0.45940787 -0.14582123
211 0.15329008 -0.75219494 -0.43439135 -0.30601582 0.98815936 0.096443474 0.06089404 1.3419565 -0.2779836 -1.242117 -0.36139858 -0.58582145 0.54031074 0.525236 -0.35841236 -0.12168404 -0.89326 0.91637576 -0.7364311 1.0628809 0.94470507 1.2226908 0.82725996 0.12984467 0.27358025 0.91027176 0.21434337 0.96421206 0.4285027 -0.33604446 -0.29209003 -0.02482881
