15 -0.4340429 -0.6520145 0.51317257 0.13586338 0.35146698 0.44434422 0.54651606 0.20831454 -0.20248926 0.009101583 0.036688466 -1.064667 0.036043014 -0.43370646 0.03946312 -0.052978158 -0.38703772 -0.46089584 -0.5377088 0.48496535 0.5873282 0.7918286 1.1026291 -0.23260388 0.0092313355 0.15721948 -0.5731489 -0.5682393 -0.41313156 -0.22156158 -0.17120788 0.3028322
17 0.35248718 0.1207258 0.23272733 0.17302178 0.028467815 0.47952265 1.0014293 0.22213705 -0.25718004 0.37682045 0.4558084 -0.0024470077 0.19265595 1.2856789 -0.9946753 0.14902632 0.69302046 1.1265681 -0.1540389 -0.00651999 -0.9391197 0.0155822225 0.017157817 0.3288183 -0.23249556 0.6864346 -0.41748765 -0.32770938 0.29870033 -1.1674863 -0.2949118 -0.25994408
21 -0.23401052 -0.27524102 -0.06909225 0.101753555 0.05526419 0.005501726 0.8385128 0.025527645 -0.49822363 -0.09127533 0.41410512 -0.05887849 0.092579454 1.1362416 -0.5550307 -0.1954974 0.6996819 1.0698862 -0.028533814 0.24308829 -0.7690125 0.20711732 -0.037662786 -0.050902694 -0.47123572 0.36120576 -0.35031304 -0.0886136 -0.009000457 -0.85486597 -0.08955272 0.017159013
29 0.1834181 0.14051524 0.6210163 -0.20865747 0.19321796 -0.43542358 0.7527051 0.36441767 0.22474483 0.060158387 0.96664774 -0.78839904 -0.18307835 -0.15418696 0.4574072 0.34084642 0.020067226 -0.41713884 -0.19045821 0.22129987 0.4765892 -0.27493545 0.6305188 -0.023159651 -0.11571603 -0.22885734 -0.46434858 -0.62700784 0.09179319 -0.44485992 -0.3769945 0.25711378
35 -0.27213454 -0.23409067 -0.06463574 0.31004396 0.039432265 -0.06306017 0.881462 -0.012019796 -0.3786665 -0.05358948 0.5114768 -0.12453898 -0.08518718 1.1684948 -0.68472767 -0.22457564 0.5872224 1.066393 -0.09506411 0.20232232 -0.6828295 0.18062139 -0.09298194 -0.06780273 -0.5436976 0.17164847 -0.25818247 -0.04648872 -0.05447258 -0.6846304 -0.09044917 0.08075514
39 -0.3573135 -0.48503712 -0.10263463 0.120829314 0.1513188 -0.08159318 0.9473723 0.09211576 -0.58253866 -0.11411306 0.27226004 -0.16052581 0.18926819 1.0329974 -0.46202242 -0.14854635 0.8017812 1.0131534 -0.1007286 0.15845606 -0.7845974 0.30816054 0.13778731 -0.14701334 -0.4206445 0.1605491 -0.24300618 0.20313035 0.048283834 -0.7267497 -0.114978306 0.07655658
48 0.29839197 0.17343572 0.7234218 -0.36755162 -0.02762094 -0.84884554 0.85389644 0.5178628 0.3667396 0.17031473 1.2490993 -0.67722833 -0.4561505 0.090531215 0.4222539 0.5517415 -0.036481738 -0.19945191 -0.16918705 -0.043141343 0.8326574 -0.22608402 0.617048 0.26695517 0.03017914 -0.39931408 -0.5831778 -0.9819728 0.44334763 -0.8411398 -0.83394396 0.54282105
50 -0.18446773 -0.17206554 0.058178596 0.32521838 0.1321381 0.10122936 0.9055196 0.16443358 -0.37389064 -0.015295509 0.4104402 -0.07513411 0.026045123 1.0670356 -0.65722096 -0.17237931 0.69706464 1.0538257 0.08202517 0.32337883 -0.757212 0.10180556 -0.18124665 -0.028581904 -0.5188217 0.24535693 -0.33572236 -0.1712249 0.11599142 -0.7172762 -0.031308677 0.055436306
56 -1.1640652 -0.2363976 -0.04599172 0.425025 0.10397951 0.3642936 1.142476 0.2102426 -0.46505156 -0.21743928 0.549301 -0.17599292 -0.013424939 1.2679238 -0.57162005 -0.292627 0.37101352 0.99580616 -0.38386938 0.5398801 -0.5961658 -0.1960441 -0.54831 -0.5186737 -1.0984224 0.1727198 -0.22532855 -0.138373 -0.31482506 -0.31763253 0.09729382 0.66943395
63 -0.18759772 -0.38873017 0.06158251 0.08138747 0.088928446 -0.21717124 1.1638024 0.1679359 -0.59822804 0.024510507 0.2920946 -0.15008166 0.3121406 0.90459436 -0.49606782 -0.14033735 1.0790484 1.0483371 0.16685496 -0.021109471 -0.93175596 0.41681206 0.16084452 0.09467781 -0.3410237 0.23231824 -0.30724266 0.2827766 0.38756263 -0.9716616 -0.19606861 -0.10566452
66 -1.0898318 -0.62791604 0.7149701 -0.12729247 -0.23067154 0.44922784 0.15043084 0.79361147 -0.27092382 0.25152612 -0.5681054 -0.9412925 -0.15988034 -0.41279063 -0.57218057 0.06406078 -0.6349987 0.17229417 -0.43671253 0.14350076 0.9150035 0.9205804 0.69460773 0.48577785 0.34615734 0.94659495 -0.23411019 -0.52075636 -0.11750537 -0.31039345 -0.30635226 0.94758517
79 0.27267346 -0.06315477 0.6425929 -0.5676775 -0.22612318 -0.9977957 0.496992 0.44251624 0.19104923 -0.06086685 1.392781 -0.5689422 -0.6156455 0.3923028 0.3907078 0.29227394 -0.0047522597 0.06057729 -0.19028282 0.15094577 0.8938929 -0.34000748 0.60142314 0.2736778 0.0038216196 -0.5493271 -0.78569925 -1.361947 0.313012 -0.94711 -0.95827675 0.7608843
80 -0.71207374 -0.63097274 0.6907018 -0.12484068 0.024657236 0.70640093 0.21952347 0.7603424 -0.36548233 0.1694495 -0.4823645 -0.97693056 0.09063621 -0.4592906 -0.152806 0.02358049 -0.32421425 -0.14536166 -0.53965956 0.34903798 0.7021888 0.73586863 1.0205079 0.3362261 0.29505467 0.6006047 -0.47384685 -0.69065154 -0.1763481 -0.18394753 -0.28079203 0.65749973
89 -0.87869775 -0.61004966 0.754319 -0.06612993 -0.3368992 0.38235486 0.13343139 0.74872714 -0.3153187 0.30115896 -0.48943365 -0.77852297 -0.19599353 -0.21585318 -0.8135924 0.022894152 -0.71190727 0.4779912 -0.33568996 0.24266732 0.9045422 0.8913974 0.5447078 0.5715994 0.48875123 0.9640954 -0.18657425 -0.5167235 -0.12061491 -0.093627416 -0.33894774 0.8218013
95 -0.9143302 -0.19979776 -0.10140988 0.41502994 0.030063951 0.31281963 1.0454457 0.20655033 -0.44167793 -0.2069917 0.59470606 -0.12458214 0.017615391 1.2996114 -0.5336411 -0.30665398 0.38827124 1.004103 -0.34816548 0.46170443 -0.67218536 -0.10320371 -0.44438434 -0.51204306 -0.9398179 0.19642419 -0.253221 -0.18646432 -0.27712628 -0.39643192 0.07445366 0.5160856
102 0.30630198 -0.16891263 0.6283225 -0.5791867 -0.3049463 -1.1641624 0.4490788 0.39740095 0.3302046 -0.09661801 1.406167 -0.54188925 -0.6575973 0.5494603 0.12962079 0.24730778 -0.21473972 0.19851919 -0.15824398 0.018767567 1.043098 -0.26135474 0.41789904 0.1955583 0.080192484 -0.46780366 -0.6703884 -1.1845032 0.35272315 -0.76414734 -0.8724781 0.803881
105 -0.42088604 -0.61207485 -0.128544 0.04232911 0.017242879 -0.5179131 1.2254807 -0.0034040029 -0.7534372 -0.044776127 0.3968578 -0.24602067 0.2789027 0.97482246 -0.4116888 -0.28991428 1.1342516 1.16851 0.052461162 -0.108677186 -0.8324791 0.7422915 0.31661743 -0.0035147157 -0.39526746 0.2224215 -0.21312733 0.44826362 0.2585806 -1.0616225 -0.28376183 -0.07204354
113 -0.5152697 -0.55440104 0.4940002 0.01573556 0.25438908 0.30524185 0.6381526 -0.07802358 -0.19050485 0.046527516 0.096584 -1.0644581 0.022878591 -0.32761204 0.059606206 0.10426101 -0.61926645 -0.5400238 -0.65196913 0.4920615 0.6723829 0.81559986 1.125939 -0.37239224 -0.11865755 0.22514457 -0.53333515 -0.55349976 -0.6218107 -0.30077937 -0.14368837 0.30888918
116 0.33739543 0.048346963 0.6394427 -0.44653922 -0.003572595 -0.8549365 0.7061528 0.44481578 0.1929201 -0.004246116 1.2000018 -0.6966363 -0.41953927 0.08025378 0.41341013 0.4822278 -0.07917029 -0.19090015 -0.17588173 0.12058899 0.8163437 -0.20359956 0.66284615 0.065605134 -0.111926004 -0.50187755 -0.6507183 -0.9958294 0.24002282 -0.7116782 -0.7503972 0.5908074
118 0.3356847 0.14927629 0.1558349 0.24660942 0.098073445 0.40805453 1.005742 0.1722819 -0.18289801 0.39418837 0.47402793 0.07366487 0.14867955 1.2837378 -0.9272796 0.13481289 0.601724 1.0504334 -0.25765073 -0.06138942 -0.82811 0.1436409 0.016475802 0.23871185 -0.3126504 0.70777243 -0.36371037 -0.25740457 0.2555006 -1.2106597 -0.30999982 -0.300767
119 -0.8037493 -0.04379521 -0.13078858 0.46971872 0.1362422 0.19505177 1.0915666 0.13240282 -0.40715238 -0.14045806 0.63988155 -0.06903613 -0.1189698 1.3193425 -0.5049679 -0.217517 0.32266408 1.087137 -0.3383549 0.5062245 -0.637062 -0.026880443 -0.5674718 -0.4398481 -1.0314367 0.18558288 -0.25298098 -0.23660074 -0.30988735 -0.4277639 -0.03567123 0.48586252
120 -0.46121436 -0.6181419 -0.1584527 0.09016466 0.05774134 -0.50801414 1.1535195 0.026991613 -0.72166175 -0.101076216 0.39450762 -0.28124425 0.24384174 0.90839726 -0.3377867 -0.37850654 1.1399641 1.1525556 0.08631995 -0.03969962 -0.8448472 0.70584977 0.28696257 -0.025637107 -0.45917007 0.065065995 -0.27422297 0.38737515 0.23090054 -0.9088463 -0.23574807 -0.027301535
122 -0.28332487 -0.48874992 0.51860523 0.077898435 0.2755384 0.38891467 0.68057257 -0.17240639 -0.15266095 0.05440252 0.08891865 -0.9471401 0.031935453 -0.34255412 -0.009975852 0.15772054 -0.6502047 -0.5229432 -0.57188183 0.43779153 0.70048946 0.83563393 1.1110455 -0.21093845 -0.00926587 0.31616166 -0.51702595 -0.5087872 -0.47765565 -0.40067813 -0.23401177 0.19907005
123 -0.26481473 -0.5711428 0.3841631 0.15124804 0.38449213 0.42573455 0.60283685 0.00851163 -0.1156667 0.041239277 0.13087359 -0.96904784 0.02841537 -0.18228799 0.01953994 0.06786855 -0.50661147 -0.5021012 -0.7072037 0.40608943 0.6041928 0.7422165 1.1394156 -0.30509934 -0.051762268 0.18435194 -0.5428827 -0.5366987 -0.52952164 -0.3353455 -0.16600795 0.13902669
132 -0.32155722 -0.62696093 -0.17288731 0.110563055 0.13435994 -0.54178524 1.1329397 -0.059581824 -0.7051479 -0.077422686 0.4446758 -0.22303426 0.24363904 0.9944128 -0.37568328 -0.31903204 1.0067768 1.1788467 0.09119429 -0.048690416 -0.7453302 0.7756841 0.29629144 -0.112870276 -0.43084523 0.085897885 -0.22206019 0.44498277 0.20143355 -0.89330107 -0.2128134 -0.051944785
134 0.39404637 0.12517416 0.22217688 0.26306498 0.08438282 0.53189427 0.93371207 0.2704074 -0.13975434 0.40040612 0.39694783 -0.030632032 0.08875982 1.3037474 -1.1520094 0.1125154 0.51803607 1.1655978 -0.24461384 -0.04418604 -0.84803647 0.08570547 -0.056025177 0.36698648 -0.22288413 0.7758702 -0.39714578 -0.28536823 0.24486664 -1.0544132 -0.317212 -0.26672417
150 0.17132494 0.0107944915 0.6502051 -0.59672654 -0.23680358 -1.0155019 0.6309671 0.43553787 0.20513317 0.0392344 1.3662932 -0.4729105 -0.56051415 0.31981683 0.34365216 0.45680574 -0.10462174 -0.0040253308 -0.15343888 0.02516319 0.9595931 -0.2563152 0.47024485 0.24110174 0.037236523 -0.45370775 -0.66223127 -1.1469197 0.38777497 -0.89821196 -0.9339502 0.737671
153 0.29955164 0.14673208 0.13939199 0.19445887 -0.032901432 0.3476004 1.1651368 0.02481403 -0.16228744 0.43138853 0.4130715 0.046368316 0.25218183 1.297684 -1.075568 0.2614329 0.6309993 1.0272219 -0.20265044 -0.12732647 -0.8667097 0.12713195 0.029348692 0.3340489 -0.27356002 0.55222076 -0.34644374 -0.17348427 0.38410765 -1.1146458 -0.39409631 -0.27917147
154 -0.4235926 -0.58763033 -0.2261103 0.069046535 0.056918774 -0.51851076 1.1504682 -0.104846865 -0.7493633 -0.06369572 0.33646274 -0.2610056 0.2382858 0.94346064 -0.38182458 -0.3013703 1.0905347 1.187375 0.001372793 -0.06780531 -0.7924475 0.8614381 0.38489446 -0.009031388 -0.389946 0.16957134 -0.26148576 0.41540378 0.21380372 -1.0044721 -0.27743888 -0.058934756
164 -0.17353015 -0.43314493 0.52173436 -0.015737897 0.25690767 0.36067373 0.61904347 -0.3541303 -0.14837757 -0.016806098 0.36249962 -0.9259227 0.033385817 -0.32758963 0.052230578 0.23735514 -0.56372744 -0.6865277 -0.79448265 0.5473291 0.6023562 0.6851302 1.2679374 -0.46480745 -0.19622688 0.2979834 -0.74467933 -0.6801435 -0.6811688 -0.6133356 -0.17844386 0.23268872
172 0.32492003 -0.064367995 0.5994206 -0.59823006 -0.18515426 -1.0281507 0.55763817 0.40921447 0.28402233 -0.016539706 1.3145866 -0.65981174 -0.5343024 0.39684528 0.34012944 0.38306332 0.013759419 -0.0070570796 -0.20256653 0.020706816 0.8746869 -0.30474874 0.606223 0.31503746 0.012253623 -0.49533978 -0.65672714 -1.1669645 0.36434773 -0.9695395 -0.9528892 0.699293
179 0.17619519 0.08789963 0.7171348 -0.46477193 -0.13737851 -0.94190645 0.71937263 0.4707288 0.36969805 0.044095237 1.3585137 -0.6332563 -0.45528612 0.1506737 0.52486163 0.4757552 -0.04063628 -0.13745594 -0.17229186 0.022116913 0.89927846 -0.313894 0.5686893 0.24107137 -0.060977004 -0.47573093 -0.61972785 -1.1323295 0.4252808 -0.9491666 -0.9226161 0.7252184
181 -0.121433355 -0.4684975 0.4660394 0.05568168 0.32574505 0.32032388 0.6975213 -0.2624126 -0.11850594 0.0022423258 0.36059338 -0.9388788 0.0013547972 -0.2344762 0.08677912 0.21179037 -0.61754733 -0.61666644 -0.73497593 0.5417788 0.66738474 0.7281333 1.2222888 -0.43076926 -0.16125016 0.17296435 -0.6639868 -0.66842544 -0.6261002 -0.5008119 -0.2232751 0.16680387
184 -0.19067341 -0.53941244 0.42813137 0.15431125 0.38921255 0.37013057 0.68183815 -0.2766255 -0.032561596 -0.03997179 0.399481 -0.9705421 -0.039671514 -0.19288643 -0.013310237 0.068503834 -0.5780934 -0.6221908 -0.7134437 0.456614 0.6471037 0.6736036 1.2186538 -0.45464447 -0.13249904 0.103895575 -0.6591085 -0.6653027 -0.63354474 -0.40051305 -0.16209438 0.17191073
185 -0.2564846 -0.42652404 0.49075377 0.05447356 0.33991757 0.3350565 0.73624253 -0.2769215 -0.14741367 -0.027187267 0.33657053 -0.9464747 0.092601 -0.3237051 0.18425542 0.18924452 -0.5335322 -0.7222257 -0.71744204 0.46482256 0.64009756 0.63632 1.2354134 -0.43049377 -0.16262405 0.1338051 -0.6914782 -0.7036625 -0.55634797 -0.55144525 -0.19915934 0.24751624
194 0.17274097 -0.08400314 0.024808634 -0.0054739043 0.00738612 0.46296504 1.0193267 0.141452 -0.30712 0.25561765 0.40425068 0.10860141 0.31109044 1.4319396 -0.8394856 0.09825937 0.76287943 1.0774298 -0.2860981 0.021259272 -0.8786464 0.102292195 0.11122268 0.28217304 -0.19170925 0.65490973 -0.3250158 -0.2224889 0.29387692 -1.127221 -0.31817818 -0.26087126
196 -0.24767147 -0.5261667 0.685254 0.0930389 0.36632898 0.46029872 0.7816293 -0.16158175 -0.05395129 0.021375395 0.27869043 -1.0112303 0.07915849 -0.40322915 -0.011527773 0.12905313 -0.5962499 -0.7458745 -0.69473094 0.43196166 0.6676297 0.67971635 1.2817298 -0.41677955 -0.12541318 0.19851163 -0.6494299 -0.62765634 -0.47368443 -0.4173641 -0.17826426 0.29754043
205 -0.23809251 -0.4615412 0.58315325 0.029732395 0.31798476 0.4615591 0.6873616 -0.20496105 -0.15412384 -0.010535897 0.33459985 -1.0022893 0.071207754 -0.37592477 0.061221443 0.22607434 -0.6293056 -0.7249646 -0.7794081 0.57725215 0.6300347 0.67467993 1.2445991 -0.41716418 -0.20337898 0.34830412 -0.73644817 -0.7350893 -0.6512048 -0.56199366 -0.16452566 0.27598074
209 0.14353892 0.14601912 0.6016052 -0.45276383 -0.07343542 -0.88540167 0.8780961 0.4383446 0.17503111 -0.0058466764 1.2180048 -0.6209492 -0.2956412 0.012621794 0.5539682 0.50998867 0.02192322 -0.28697178 -0.17831 0.04528478 0.6832565 -0.20968813 0.59915835 0.01887954 -0.20067818 -0.50728434 -0.62236154 -0.882995 0.30989736 -0.8230029 -0.84349924 0.6237766
222 -0.55318844 -0.6036132 -0.17079134 0.10973254 0.008182508 -0.5999866 1.1622597 -0.17008716 -0.7331877 -0.07200708 0.3707976 -0.26326257 0.2470831 0.80795467 -0.3000904 -0.31483072 1.0410627 1.0798863 0.07662789 -0.08510413 -0.7554335 0.7533231 0.3217098 -0.081479914 -0.45754352 0.107195064 -0.17481692 0.44690582 0.23017164 -0.9664919 -0.23593965 0.013126998
223 0.3254789 0.02302021 0.65361536 -0.5758332 -0.27422306 -0.9249669 0.503071 0.4596623 0.30975524 -0.041092124 1.4415317 -0.4464431 -0.47276038 0.49186954 0.38170865 0.3983587 -0.044503126 0.044230845 -0.2809286 0.14140669 0.8930327 -0.4130852 0.5216997 0.33113208 0.00029937364 -0.5268351 -0.6803249 -1.4594305 0.38827473 -1.0191034 -1.0414625 0.7494013
240 0.33923748 -0.034571186 0.106232144 0.08670533 0.06619479 0.47174194 0.97987247 0.17012532 -0.30858344 0.30456582 0.39450052 -0.062412627 0.21982732 1.3408339 -0.8983483 0.1918366 0.6863371 1.0610772 -0.24598321 -0.008556743 -0.9456887 0.10711781 0.17816727 0.32167292 -0.23669596 0.68715525 -0.4252072 -0.20449735 0.22481595 -1.1376475 -0.3294064 -0.29702526
242 0.36683154 0.049168885 0.7540261 -0.5170201 -0.15820199 -0.94275665 0.63231957 0.45405874 0.30185065 0.08991928 1.3939914 -0.51454145 -0.48155072 0.34386545 0.22165842 0.47124788 -0.03880523 0.038020477 -0.13913858 -0.035664007 0.8126321 -0.2848399 0.52986956 0.2694565 0.06968094 -0.38827786 -0.66523576 -1.0752864 0.45112777 -0.86493886 -0.90133727 0.6278262
253 0.37639838 0.079007305 0.65714407 -0.41349885 -0.008140505 -0.93780947 0.8507036 0.4365597 0.3482705 0.027015116 1.3701209 -0.7158543 -0.48081854 0.21097292 0.39233664 0.47536865 -0.084002815 -0.19415396 -0.18395913 0.011089225 0.8611151 -0.22296877 0.63218826 0.108843006 -0.08588033 -0.5382266 -0.6557783 -0.9803826 0.37555763 -0.81723225 -0.8122888 0.5771367
255 0.3916974 0.023187106 0.6366737 -0.51001465 -0.13826251 -0.9111263 0.49706745 0.37178838 0.28585938 0.11045826 1.3960172 -0.3923623 -0.6454828 0.42293295 0.3591199 0.430613 -0.14569001 0.07286048 -0.20800233 0.11657224 0.90697485 -0.19791086 0.6283313 0.32972428 0.14273618 -0.5045126 -0.67569953 -1.3253044 0.34348458 -0.96310556 -1.0106614 0.56589305
267 -0.46166953 -0.5739933 -0.1457201 0.14652948 0.003314291 -0.47397953 1.1508079 -0.10509565 -0.65353197 -0.010082292 0.3083041 -0.2565546 0.2728976 0.9066142 -0.4551065 -0.29873598 1.0630697 1.1212746 0.08471706 -0.05573742 -0.74428856 0.68644565 0.26491383 0.017418358 -0.44008076 0.10259931 -0.1906657 0.37224686 0.2582573 -0.9044527 -0.22569145 0.046629258
271 -0.09667801 -0.29998508 0.4645188 0.06632091 0.30884078 0.26896667 0.77251434 -0.2195026 0.012146291 0.022913747 0.38233373 -0.8890051 0.0081270235 -0.24500553 0.116255924 0.23815916 -0.55538887 -0.69526476 -0.7161077 0.42870405 0.5652166 0.56444323 1.0995849 -0.4439718 -0.22124238 0.116810285 -0.59592086 -0.5303277 -0.46427643 -0.46794528 -0.21963044 0.19334301
272 -0.904721 -0.73276496 0.68721366 -0.22547325 -0.23773837 0.4016234 0.07446226 0.88186234 -0.3250895 0.3036655 -0.5259073 -0.8434404 -0.21124509 -0.26119173 -0.73731124 0.027799506 -0.72332764 0.40418726 -0.46424702 0.059129734 1.0376515 1.1652102 0.7339171 0.6682404 0.61003 1.0254971 -0.18888052 -0.5391472 -0.08128597 -0.27125308 -0.4217379 0.84293324
273 -0.20188828 -0.41899374 0.517967 0.037145775 0.38029617 0.4825058 0.78485256 -0.30312353 -0.08199268 0.07220651 0.33662754 -1.029613 0.063269295 -0.2876369 0.030722322 0.28855586 -0.63310736 -0.7506359 -0.7538852 0.42009053 0.63238806 0.72825 1.259867 -0.4007119 -0.18006553 0.33748648 -0.76856846 -0.6684002 -0.64978933 -0.62438357 -0.23278807 0.15340906
275 -0.88912153 -0.13451266 0.02324187 0.55879873 0.11239182 0.24290861 1.1167259 0.20512447 -0.35186532 -0.114030905 0.6576086 -0.10167261 -0.041316587 1.4379557 -0.7289714 -0.3171314 0.26325968 1.1720569 -0.29922912 0.43243608 -0.55250144 -0.14398398 -0.57275975 -0.45851964 -1.0424501 0.22764258 -0.17570895 -0.20204705 -0.2771763 -0.4112416 0.047470022 0.5011923
285 -0.9953361 -0.53080386 0.768912 -0.26629493 -0.21385738 0.6202749 0.09926538 0.8753134 -0.32622838 0.25366077 -0.5634442 -0.8754357 -0.09625816 -0.28741482 -0.5169018 0.10411515 -0.6793431 0.2046478 -0.59663963 0.17813228 0.854442 0.85475564 0.6900717 0.5625809 0.3912038 1.0190893 -0.30115128 -0.6739164 -0.20471 -0.31486234 -0.33867273 0.8896218
311 0.3787413 -0.037816707 0.21949115 0.20389529 0.18229571 0.48352483 1.0944386 0.25424698 -0.09250021 0.36209226 0.45280778 -0.15219358 0.11942339 1.5002577 -1.015807 0.16382085 0.6258998 1.1090137 -0.21296325 -0.14031059 -0.8409922 -0.015071441 0.10384008 0.3040781 -0.23446631 0.63806456 -0.37843013 -0.13433003 0.2862556 -1.1578581 -0.34288186 -0.36407638
335 0.21471278 0.09893641 0.09277648 0.074976474 0.00045584416 0.36073127 0.82363385 0.13871232 -0.27077505 0.32096228 0.38682777 0.013790513 0.043830827 1.3417652 -0.9711879 0.12839647 0.52410465 1.1646639 -0.26190266 0.004145481 -0.76070637 0.12323872 -0.13497524 0.3040759 -0.34841582 0.78273296 -0.4107247 -0.32447746 0.083124615 -1.1280494 -0.33894557 -0.2330223
374 -1.0282408 -0.7640497 0.9686074 -0.096235685 -0.3083128 0.4404883 0.14093715 0.731142 -0.301578 0.26716563 -0.5292743 -0.9943441 -0.3374031 -0.31374335 -0.9591769 -0.0195363 -0.7712841 0.40348065 -0.23100694 0.21633361 0.99639153 1.0167195 0.6521612 0.5822968 0.52773494 0.9819005 -0.3457548 -0.574692 -0.13337117 -0.10667768 -0.271286 0.94623643
431 0.51471627 -0.049121 0.6760511 -0.46661338 -0.06998127 -1.0061713 0.67714345 0.48066047 0.33576313 0.07916271 1.3748964 -0.6369634 -0.5632613 0.34744123 0.26886556 0.43434337 -0.07627103 0.037456814 -0.17601757 -0.015556227 0.90014553 -0.1676161 0.688776 0.2958219 0.14648248 -0.5854479 -0.6373567 -1.0860796 0.51208436 -0.7565027 -0.92125523 0.63061935
448 -1.0962733 -0.13653868 -0.051470518 0.46962154 0.09276306 0.33847126 1.2002352 0.25466365 -0.35926923 -0.13313296 0.53381747 -0.18592879 -0.05275813 1.2821745 -0.53484607 -0.26433694 0.42965534 0.94396925 -0.3242851 0.4386706 -0.66608065 -0.22833894 -0.5154669 -0.47062144 -0.9574868 0.16120954 -0.22726262 -0.14873192 -0.26711172 -0.3754029 0.027309125 0.5677142
481 0.29708317 -0.006881911 0.07109949 0.18726489 -0.013904388 0.3017086 0.88795775 0.106762104 -0.23938666 0.30111203 0.4432957 0.072723724 0.07472618 1.4524788 -1.0248468 0.042122524 0.51733255 1.2034087 -0.26572496 -0.0630404 -0.76942927 0.20575851 -0.022559702 0.2826432 -0.25158313 0.7106848 -0.3221181 -0.19426684 0.22557262 -1.1284984 -0.3136769 -0.22483033
492 -0.46915868 -0.6864812 -0.1706556 0.22026531 0.087475896 -0.587322 1.1645031 -0.1874541 -0.62835294 -0.08857604 0.34501213 -0.29288685 0.20665497 0.9148004 -0.42142648 -0.39546052 0.9690538 1.0998244 0.04093643 -0.108065486 -0.6496149 0.86570543 0.31879145 -0.10883289 -0.42123538 0.0653374 -0.14397405 0.4849429 0.21732944 -0.84429485 -0.16503029 -0.027227353
494 -0.5339073 -0.47225127 0.57551646 -0.0073717297 0.23822802 0.4085996 0.6281926 0.026279192 -0.258685 0.045874525 -0.05054443 -0.9962162 0.17066981 -0.43738988 0.06549636 0.17206551 -0.46602127 -0.5631365 -0.5955298 0.47837505 0.5831645 0.6917119 1.0698867 -0.21741898 -0.082071096 0.23173267 -0.5256493 -0.53225833 -0.47774696 -0.35239917 -0.20280175 0.37723422
496 -0.10409491 -0.5070644 0.35202402 0.064711735 0.3870514 0.28693503 0.66633034 -0.3205776 -0.13033912 -0.015711263 0.3586107 -0.84703356 0.075137705 -0.19882086 0.05422639 0.20432515 -0.658724 -0.59147483 -0.8165798 0.44402692 0.73318475 0.85949266 1.3028263 -0.42387226 -0.08973382 0.22865751 -0.6557081 -0.64054227 -0.6675362 -0.52798957 -0.19557162 0.16527344
499 -0.47534496 -0.52901673 -0.2556898 0.14134182 0.057636928 -0.40949953 0.96571517 -0.018225508 -0.65807694 -0.08096985 0.42916915 -0.13632993 0.1384886 0.97867006 -0.39778742 -0.3742673 0.85883456 1.1765251 -0.049249314 -0.018332625 -0.71803117 0.72233313 0.13090736 -0.0937841 -0.4223422 0.17377503 -0.15577078 0.2870185 0.024892492 -0.8139004 -0.1962314 -0.0032784631
511 -0.7388626 0.06624936 -0.010727014 0.47827068 0.025377542 0.16720146 1.0478034 0.075546004 -0.2797102 -0.060747135 0.637873 -0.13825046 -0.15185046 1.2805364 -0.72057533 -0.21886149 0.21098511 1.0327737 -0.28365737 0.29067537 -0.567948 -0.10022324 -0.5975193 -0.34105313 -0.9255111 0.31364736 -0.27019563 -0.21436276 -0.24232264 -0.50991994 -0.04928236 0.35478705
513 -1.0431232 -0.16023287 0.08990402 0.5727675 0.13498302 0.32701263 1.3368553 0.25145042 -0.22823055 -0.21650282 0.71897936 -0.18737972 -0.04321416 1.3893508 -0.58841085 -0.36575598 0.3475742 0.96144533 -0.29544705 0.48307213 -0.6250492 -0.35519284 -0.50802857 -0.6009329 -1.1024456 0.05964972 -0.17146409 -0.13338085 -0.16551977 -0.27630204 0.12422706 0.63023144
601 -0.42001972 -0.46793264 0.56855243 0.070133634 0.31940317 0.5348709 0.6415586 0.28128105 -0.24987441 0.063891694 -0.036423877 -0.8794404 0.17630927 -0.44755065 0.04959562 0.1453778 -0.35915267 -0.45761064 -0.49822983 0.5022707 0.47362223 0.66486055 0.93688136 -0.28076625 -0.07364209 0.31756172 -0.46875677 -0.48495814 -0.36851448 -0.16273965 -0.09575241 0.26506972
603 -1.059117 -0.09358458 0.024662023 0.5795355 0.100088194 0.3252702 1.3082995 0.22837023 -0.29628906 -0.15649365 0.57537013 -0.1924571 -0.02847029 1.2148577 -0.65099466 -0.28671014 0.4501339 0.8967188 -0.24039784 0.4456451 -0.6990105 -0.27060476 -0.60531044 -0.4182841 -0.9319057 0.10256959 -0.22597149 -0.1789672 -0.1776817 -0.3191715 0.09069484 0.54551977
662 -0.5623672 -0.38832617 0.82802176 0.34963617 -0.09582754 0.43772456 0.94503826 0.85221475 -0.13522735 0.021738434 0.17931062 0.7642705 0.97585386 -0.49169412 -0.5766081 0.055862714 -0.5064403 0.3373831 -0.34377864 0.5530009 0.6771779 1.1626608 0.6412527 -0.29024553 0.52138686 0.45186186 0.37655944 -0.31883413 1.021181 0.108291276 -0.3911903 0.99341387
709 -0.37682933 -0.40807763 0.7427245 0.34138763 -0.055371497 0.56014556 0.926221 0.7552707 -0.13169175 -0.14718015 0.2503368 1.0684292 0.95364916 -0.21074525 -0.43363088 0.023764193 -0.637527 0.38567525 -0.36158866 0.65512276 0.7719498 1.1786038 0.4688558 -0.37064007 0.5566809 0.41023275 0.2944517 -0.5390672 1.1342326 -0.1838591 -0.42864135 0.9326055
762 0.21267144 -0.035743583 0.6826723 -0.6522668 -0.31657362 -1.0106242 0.5932485 0.4328459 0.17661883 -0.08815701 1.3674536 -0.46387202 -0.4658334 0.2780069 0.37319905 0.37705734 0.010131979 -0.024578203 -0.07945025 0.10461662 0.86791646 -0.32245156 0.5258559 0.2251525 0.05580617 -0.50117403 -0.7022243 -1.2222952 0.4171457 -0.8969644 -0.9079305 0.76223445
765 -0.18172951 -0.3123118 0.56344026 0.09464596 0.30114236 0.12846522 0.84183466 -0.122782715 -0.079375096 0.10113001 0.3549889 -1.0438502 0.009849117 -0.3918711 0.15475588 0.24615991 -0.52884674 -0.6451875 -0.6024054 0.43250665 0.591612 0.6002936 1.1059623 -0.38741258 -0.28439933 0.115048654 -0.5514239 -0.44238052 -0.48171967 -0.44494137 -0.22484185 0.14497544
771 -0.1988528 -0.5795402 0.5324472 0.16871439 0.45991033 0.3721742 0.7766842 -0.2415003 -0.065617055 0.042343654 0.46276248 -1.1343497 -0.039149627 -0.3488854 -0.044359613 0.12136261 -0.63366014 -0.6805411 -0.8116028 0.5907119 0.6357742 0.7805744 1.3609267 -0.46505442 -0.20451865 0.26991814 -0.7268129 -0.63219506 -0.75136447 -0.4932955 -0.11343405 0.14787589
778 -1.1351639 -0.1613487 0.022500362 0.41677344 -0.011396741 0.2540259 1.1940895 0.27873686 -0.4172058 -0.24498582 0.62570304 -0.08898645 -0.013879716 1.3074647 -0.58173597 -0.33531034 0.407467 1.042729 -0.2624275 0.51122296 -0.66340506 -0.28124347 -0.64428616 -0.4415404 -1.0018212 0.11960122 -0.21424915 -0.30955565 -0.20867985 -0.349543 0.118726194 0.69305736
779 -0.51747096 -0.31453934 0.7268787 0.35115096 -0.008776544 0.49050602 0.9584872 0.76716614 -0.07207182 -0.17676912 0.23731105 0.98088205 1.0446109 -0.37441674 -0.4303344 0.06720277 -0.5534096 0.18576926 -0.45009163 0.61713547 0.74104595 1.0948637 0.47780335 -0.39412585 0.44122508 0.3886283 0.27014837 -0.4491296 1.1087589 -0.13421158 -0.4970638 1.1370714
782 -1.1292945 -0.7236678 0.74884695 -0.21578285 -0.2763156 0.49568805 0.113256454 0.90316224 -0.31729105 0.2555658 -0.5702214 -0.9630912 -0.1487317 -0.28894025 -0.7115652 0.061665427 -0.7051391 0.32770896 -0.5786886 0.16535819 0.8949325 0.9803409 0.6938698 0.59215015 0.3896922 1.0122252 -0.18629399 -0.6104646 -0.22142573 -0.20183183 -0.33477202 0.94777536
786 -0.5717346 -0.5664888 0.53726774 0.10707959 0.20999363 0.63467836 0.38529572 0.34888372 -0.34332895 0.04440101 -0.20019071 -0.941013 0.11137732 -0.48560676 -0.073307216 -0.027171789 -0.37879556 -0.32092327 -0.53064066 0.5584844 0.5703325 0.81247467 1.0040256 -0.01876649 0.114887245 0.33528996 -0.5612202 -0.63642234 -0.39878535 -0.2218654 -0.17450811 0.40110806
791 -0.8860834 -0.7072001 0.6614678 -0.12249961 -0.08593323 0.5067185 0.104792245 0.8091995 -0.27717325 0.2151642 -0.5091899 -0.99466366 -0.20383628 -0.14049095 -0.5995979 0.03337576 -0.74220026 0.24887694 -0.5416909 0.18204378 0.97263587 0.98840594 0.724501 0.4231694 0.39759198 0.9258977 -0.2725463 -0.6035567 -0.2748203 -0.14610788 -0.27516007 0.7594
804 -0.32128087 -0.4539463 0.6771148 0.21423736 0.13793042 0.6958705 0.5577404 0.6955772 -0.22905 -0.051512145 -0.012358106 0.32922184 0.6624355 -0.45980388 -0.27845427 -0.0041091875 -0.28885803 0.09604412 -0.23109771 0.654562 0.4314231 0.8025899 0.61660737 -0.18481188 0.43893996 0.33467 -0.04004342 -0.5022145 0.60083866 0.05870671 -0.23768245 0.6062449
819 -0.42299965 -0.64866906 -0.10465953 0.25999233 0.11815146 -0.570218 1.1794659 0.058757413 -0.5019023 -0.026484478 0.44987297 -0.4669432 0.0468781 0.9880123 -0.48948985 -0.33901265 1.0199863 1.2012521 0.16004625 -0.09933992 -0.7084009 0.6666354 0.2458981 -0.007414047 -0.37781933 0.039987337 -0.15941307 0.44093582 0.27674824 -0.7772673 -0.16399631 -0.0062700943
826 -0.93691283 -0.035060987 0.022786818 0.65825236 0.081563696 0.3194327 1.2992429 0.1928036 -0.35479602 -0.09750089 0.60646605 -0.23183396 -0.010029123 1.1948229 -0.6504158 -0.29826972 0.4112626 1.0181714 -0.23953305 0.47203198 -0.70862514 -0.0907437 -0.6096813 -0.48206562 -1.0057372 0.10390976 -0.3151406 -0.27773538 -0.2172732 -0.34476617 0.034708567 0.5270507
845 0.47382158 0.023785131 0.12566003 0.26405612 0.14921401 0.33551154 0.8759402 0.20774204 -0.09945388 0.3201506 0.52827096 0.066719286 0.045222104 1.4230368 -1.006843 0.08649466 0.5627452 1.206399 -0.22812386 0.019720014 -0.731722 0.032642152 -0.012369374 0.2426189 -0.246632 0.66734356 -0.37835246 -0.3185405 0.3199172 -1.1928914 -0.2995427 -0.21179838
875 -0.83775514 -0.20993137 -0.059697837 0.5613364 0.13076581 0.14139822 1.1370058 0.18831761 -0.3410279 -0.1691749 0.6730724 -0.20886095 -0.15768006 1.3710352 -0.65078396 -0.38065553 0.31089324 1.0767629 -0.25371864 0.44965667 -0.5903087 -0.05228 -0.5407913 -0.44603547 -0.92731106 0.13487875 -0.24646398 -0.23765075 -0.29786864 -0.3719304 0.078512326 0.51658046
938 0.105164155 -0.0060797767 0.70168144 -0.5206365 -0.25317726 -1.0156269 0.6690405 0.53664255 0.21779703 0.012188384 1.2974962 -0.52104187 -0.49995828 0.12751025 0.45940328 0.41023764 -0.033162665 -0.0899283 -0.0656233 0.08358421 0.8882244 -0.29009992 0.5404233 0.23285268 0.054553773 -0.48911783 -0.65495837 -1.153579 0.4096364 -0.8485904 -0.9509294 0.7513168
939 0.25763562 0.15152638 0.79332227 -0.5518825 -0.21587458 -0.898545 0.682654 0.5012853 0.2865899 0.086256444 1.3880368 -0.45153958 -0.44303173 0.23327354 0.39465502 0.53449017 -0.0072475956 -0.0760623 -0.10642108 0.059205923 0.84695184 -0.36060458 0.5108466 0.24661495 0.011768512 -0.43103155 -0.7072654 -1.2625607 0.4760917 -0.97304714 -0.9895008 0.7409998
987 -0.46581167 -0.56049997 -0.1966645 0.18867816 0.046020404 -0.6395508 1.2295753 -0.14866401 -0.6184666 -0.005710781 0.41082758 -0.28002483 0.14133629 0.97251385 -0.41471463 -0.31737673 0.9793666 1.1413279 0.0621627 -0.1311586 -0.70734537 0.80977243 0.20853384 -0.077928536 -0.42394128 0.08424459 -0.11205766 0.5043136 0.23973425 -0.88516 -0.21601482 -0.05455921
101 -0.82882065 -0.074995555 0.51845324 0.5544601 -0.12693906 0.45496613 1.1730379 0.45843256 0.0037259462 -0.34701592 0.41273227 1.283899 1.03718 -0.09520753 -0.40072566 0.020095635 -0.97555965 0.1745788 -0.77485394 0.630482 0.90028226 1.0530788 0.16057211 -0.8403301 0.04698954 0.55992216 0.49790144 -0.4651648 0.8731671 -0.15278588 -0.4488744 1.3108125
131 -0.4901012 -0.5083819 0.9324985 0.39739138 0.083137065 0.5415914 1.0201595 0.90156215 -0.1987031 -0.04545242 0.15425241 0.7210548 0.8460463 -0.4613413 -0.40699598 0.008364132 -0.52542686 0.29708898 -0.11941286 0.62103117 0.72588134 1.2947494 0.5827353 -0.36481896 0.5747745 0.3939563 0.25349 -0.31676233 1.0902579 -0.00011641276 -0.32352358 0.85770416
265 -0.30527154 -0.59666187 0.86710364 0.45009613 0.041881252 0.5844245 0.84650785 1.1362231 -0.19512877 0.066179365 0.17486277 0.50375557 0.7951385 -0.4621799 -0.58204037 -0.040397413 -0.27443448 0.4518326 -0.12849812 0.7220264 0.53868693 1.0765895 0.74662274 -0.07443829 0.7374118 0.15189667 0.24272613 -0.4875869 1.0461925 0.34219474 -0.2775477 0.79366446
751 -0.52211964 -0.56416965 0.89794016 0.1198468 0.009177626 0.6191354 0.7002572 1.0019852 -0.42187706 -0.10964912 -0.09641868 0.46809202 0.8707605 -0.6003066 -0.32452437 0.04097523 -0.2319767 0.21376064 -0.087370425 0.71223545 0.5245168 0.9590813 0.67049426 -0.15627782 0.5699882 0.35266936 0.041763026 -0.5055627 0.8611581 -0.009664976 -0.2754006 0.8582901
784 -0.53476685 -0.46872064 1.0345 0.27196854 0.044011556 0.6277422 1.0044309 0.9650014 -0.29646984 -0.08552059 0.07267726 0.7947855 1.0259857 -0.541946 -0.34902582 0.16148956 -0.43543515 0.29276434 -0.05643557 0.78701013 0.58847976 1.0990851 0.6440838 -0.32098415 0.62616706 0.43996543 0.1752406 -0.5137208 1.0882356 -0.09002881 -0.31876543 0.88636357
210 -0.6398754 -0.4225516 0.1984745 0.39484972 -0.1542448 0.38004377 0.75713336 0.38754827 -0.119683616 -0.46447212 0.5326674 1.4819748 0.89631915 0.15473928 -0.36405224 -0.25439176 -1.0604506 0.43868998 -0.89404994 0.81368095 1.0642246 1.3370384 0.3016232 -0.68745345 0.267723 0.45997384 0.5083497 -0.6531473 0.79340094 -0.10092844 -0.55146474 1.2969817
268 -0.5844008 -0.5748608 0.86915606 0.30093348 -0.05623573 0.52958786 0.95063436 0.8618566 -0.26005593 -0.10275146 0.047472954 0.7317799 0.8954749 -0.43735185 -0.35491842 -0.012958716 -0.46464399 0.37575233 -0.12618154 0.6716315 0.6442295 1.2426689 0.549661 -0.31037745 0.549239 0.39530948 0.2916644 -0.40861955 1.026758 -0.046121266 -0.31918356 0.8187689
533 -0.5560635 -0.4053337 0.62921244 0.46277463 -0.064908504 0.6087633 1.0041815 0.5799077 -0.18615206 -0.21941276 0.29432464 1.1926666 1.0962998 -0.23719573 -0.38130254 -0.08369701 -0.6243874 0.291759 -0.49078077 0.74063885 0.67668504 1.2337556 0.45923692 -0.5450698 0.34027866 0.43502787 0.4116501 -0.46534538 0.99851716 -0.10406462 -0.388243 0.9554168
211 -0.50666934 -0.3567458 0.5960855 0.62961435 -0.0065068123 0.3397509 1.1494313 0.5244761 0.11614394 -0.294294 0.40868112 1.1222374 0.9301748 -0.113549314 -0.43081385 0.018589778 -0.95812875 0.20645116 -0.6436297 0.58407897 0.9770982 1.3144095 0.46935654 -0.68487006 0.36009344 0.42158714 0.5613423 -0.33853137 0.98705137 -0.08859386 -0.4255623 1.044062
