15 -0.50424707 0.24243455 0.29354286 0.35255563 0.23117955 0.36795464 1.0412832 0.8105254 0.589127 -0.358399 -0.0013976381 -0.7720658 0.7272277 -0.019767608 0.63909054 -0.44396555 0.053461254 -1.1090544 -0.26418826 -0.20428638 0.27704617 1.0849483 0.31276834 -0.32311755 -0.33060074 1.2273824 -0.009617786 -0.9306523 0.40925285 -0.38220143 -0.85455406 0.34813887
17 -0.16460852 -1.5129055 0.3308162 -0.7023527 0.2598639 -0.48237884 0.02830509 -0.1650167 -0.8245663 0.3268475 0.4338776 -0.34117797 0.0031742447 0.22483934 -0.6757174 -0.5012988 0.63798535 0.23004492 -0.6231261 -0.72493875 0.65947336 0.78467476 0.8473928 0.3674443 -0.3502724 0.08033188 -0.35332358 -0.04701709 -0.3051969 -0.13760445 -0.7619174 0.43503532
21 -0.48722833 0.27756792 0.51830024 0.43234402 0.49800667 0.9617955 0.8876876 0.44422907 0.44363597 -0.28453365 0.21695578 -0.38440695 0.46613786 -0.05581374 0.27032432 -0.50571775 -0.58480006 -0.53508836 -0.2863856 -0.061462957 -0.0055806176 0.82631725 0.39246562 -0.03950769 0.24193858 0.57055813 -0.5713725 -0.93374395 0.29340053 -0.5993488 -0.6811891 0.063135296
29 -0.5603366 0.56827885 0.13585004 0.39558354 -0.15911397 0.39027625 1.0648965 0.59024626 0.35336897 -0.31305858 -0.14593999 -0.75083035 0.60000974 -0.28625268 0.49792808 -0.40034196 -0.26268536 -1.0893441 -0.44614604 -0.44863176 0.28087035 1.1985935 0.45355743 -0.36808136 -0.11145665 1.0870746 -0.028819622 -0.7474617 0.31487432 -0.4621234 -0.84639794 0.44437584
35 -0.54679644 -1.3642917 0.28447002 -0.2787812 -0.6856958 -0.33520287 0.83124804 0.48982838 -1.0167103 -0.30768418 0.37815344 0.31054425 -0.6352329 0.511846 0.12501952 0.17990237 -0.4152488 0.78530985 -0.4395946 0.54104954 0.31692913 0.829244 0.34836757 0.025852371 0.31725547 -0.07860722 -0.16523139 -0.025570529 0.5981401 0.06588725 0.06272786 0.01999031
39 -0.39872822 -1.1569811 0.40162864 -0.21699885 -0.5737869 -0.26769117 0.78573555 0.64054215 -0.79684734 -0.35302284 0.449776 0.34272087 -0.64131534 0.43326837 0.034734976 0.2787085 -0.15962929 0.72243255 -0.6462185 0.48936418 0.35405645 0.7362608 0.46595487 -0.35188073 0.26051325 0.04572851 -0.19998984 -0.13005497 0.53776056 -0.0015708606 -0.017392354 -0.15420094
48 -0.29433525 -0.06188037 0.4719029 0.31873897 0.20317173 0.78038824 0.91122 0.3274724 0.60924405 -0.5016525 0.1454106 -0.7702038 0.38228506 0.06224071 -0.12305055 -0.3544804 -0.6255973 -0.69894594 0.00932143 0.09490622 0.09422658 0.82870185 0.93763816 -0.12217592 0.39191225 0.3784635 -0.23783614 -0.5514814 0.23638932 -1.0604118 -0.64205575 -0.17072982
50 -0.23466343 -1.5705012 0.1764722 -0.71339995 0.3303448 -0.35309848 0.14201796 -0.26031986 -0.97335225 0.21694769 0.5105405 -0.24594891 -0.017400637 0.35954374 -0.7920802 -0.5071658 0.43745074 0.26280165 -0.58207136 -0.7957362 0.58850944 0.82576287 0.62033993 0.5094012 -0.23551169 -0.14600334 -0.34239152 -0.03841079 -0.24170817 -0.239098 -0.7453212 0.49990562
56 -0.46149075 -1.257459 0.10566932 -0.27092147 -0.58661985 -0.4799752 0.8315499 0.42682713 -0.8060663 -0.12215154 0.40376768 0.31008318 -0.6926753 0.431486 -0.1535425 0.198723 -0.31699413 0.59684324 -0.38533837 0.19022599 0.41160658 0.90977424 0.46853667 -0.2049936 0.21153599 -0.093542226 -0.16764747 0.27158126 0.5112726 0.022951609 -0.25899166 0.009579157
63 -0.23404798 -1.7153383 0.46859604 -0.70551527 0.29044244 -0.5139814 -0.046526697 -0.26278278 -0.9422796 0.38415062 0.4971412 -0.29156038 -0.04055204 0.29572943 -0.7860409 -0.6098316 0.5767299 0.3246782 -0.5720976 -0.5580535 0.6701536 0.6826927 0.86918515 0.6710763 -0.37561947 0.10792869 -0.45887956 -0.142655 -0.382562 -0.10377525 -0.81537974 0.7829098
66 -0.48134375 0.2751087 0.20456795 0.48219925 0.81922114 0.84904605 1.041571 -0.031678688 0.0042772708 0.19312836 0.2855 -0.13439932 0.45720848 0.104891375 0.30972213 -0.15303342 -0.5919305 -0.5671239 -0.14160544 0.0633659 -0.20951334 0.6869002 -0.12955292 0.5175984 0.47990248 0.45537168 -0.8581126 -0.5411741 0.09859264 -0.29659104 -0.6757979 0.5713546
79 -0.31774318 -1.2555084 0.097063355 -0.3627631 -0.099183 -0.20399188 0.5614103 0.02632627 -0.7325023 0.079755716 0.32965994 0.07622691 -0.5208196 0.2775555 -0.5067658 0.07135164 0.18786456 0.15467258 -0.5493676 -0.39191023 0.36350232 0.6917863 0.3990876 -0.14952663 -0.07186226 -0.13514173 -0.14938055 0.02818731 -0.049332064 -0.030278353 -0.43965724 0.011109344
80 -0.38580012 0.2493592 0.28036314 0.42089224 0.9008174 0.82466066 0.966676 0.06610816 -0.021820711 0.07735259 0.29696593 -0.13710962 0.4379051 -0.0076610222 0.34265482 -0.32195905 -0.4440777 -0.57344717 -0.25211048 0.069414064 -0.23059216 0.6077019 -0.14651471 0.6151083 0.4649918 0.4087285 -0.84013134 -0.82140994 0.12293602 -0.48848507 -0.6974749 0.69920194
89 -0.35274282 0.5803694 0.4837698 0.14075631 0.5850197 0.061912023 0.595658 0.25439766 0.02059365 0.82801694 0.34383437 -0.025874073 0.2328472 -0.49692506 0.55509937 0.2873119 -0.049491804 0.12246302 -0.109690875 0.7902876 0.17963512 0.24233347 0.76462615 1.0411906 0.29320562 0.70270044 -1.1758229 -0.74192137 -0.2777602 -0.3172301 -0.7899981 1.077668
95 -0.24815647 -0.10608468 0.59199667 0.35049847 0.21241604 0.7774234 0.8279974 0.39721835 0.5658259 -0.5208604 0.16354835 -0.6797549 0.4184825 0.09003815 0.0029666305 -0.3769153 -0.5177646 -0.6377821 0.0071284655 0.25061655 0.14164995 0.6955028 0.7998837 -0.054865275 0.4055692 0.45789555 -0.15468058 -0.6715509 0.3296676 -0.94501954 -0.54753226 -0.099005744
102 -0.48173198 0.22003286 0.4457083 0.37387264 0.46497858 0.89229447 0.86568564 0.21725756 0.2870735 -0.23239303 0.21147542 -0.43827164 0.45516148 -0.009110062 0.20637517 -0.40097907 -0.6009546 -0.5711857 -0.2582804 -0.24359563 -0.01775263 0.81742835 0.38752058 0.082840696 0.26191196 0.4746732 -0.4693691 -0.81262183 0.2110116 -0.57687163 -0.5644107 -0.069268614
105 -0.47414303 -1.3606066 0.20779482 -0.33523506 -0.58620965 -0.57433397 0.8283571 0.48421714 -0.88094467 -0.14102638 0.4639562 0.3354948 -0.71859086 0.458088 -0.2120583 0.21298297 -0.22365841 0.6733351 -0.4952853 0.20866828 0.43669096 0.89534676 0.5195973 -0.29125923 0.17382258 -0.03324121 -0.21638535 0.23456788 0.4615074 -0.02990317 -0.24365333 -0.02469322
113 -0.459637 0.31092152 0.28012252 0.50706387 0.86691403 0.8554573 0.937157 0.10019741 0.06450673 0.39777136 0.3328677 -0.02404059 0.45900077 0.07543821 0.4334199 -0.23859185 -0.4587413 -0.44736424 -0.07979625 0.11214836 -0.24133046 0.69148135 -0.17937036 0.5423744 0.35413638 0.4528397 -0.95147634 -0.51073486 0.19088541 -0.27631766 -0.667464 0.70008856
116 -0.3649399 0.25797632 0.5217949 0.46904883 0.31766167 0.59892017 0.69736445 0.5387403 0.48399758 -0.35229516 0.12764578 -0.57440823 0.729272 -0.09114884 0.33578548 -0.57638013 -0.24580446 -0.59827 -0.17371856 0.03250873 0.1845878 0.88419974 0.4157192 -0.19781156 -0.009021991 0.9818211 -0.30399698 -0.72136515 0.38705322 -0.44201982 -0.6699251 0.15359533
118 -0.38538617 -1.0933709 0.03218679 -0.6480063 -0.43164444 -0.22183166 0.80037236 0.28508517 -0.94941807 -0.22076525 0.4663019 0.3122715 -0.73975337 0.41886422 -0.08175315 0.4541521 -0.09490377 0.55810714 -0.7723737 -0.14714763 0.3292615 0.7673354 0.4386965 -0.09278979 0.30125913 -0.23518516 -0.18473577 -0.17230645 0.19595963 -0.11946634 -0.23472399 -0.2890813
119 -0.6257718 -1.2325783 0.2638279 -0.3548171 -0.7757204 -0.5589221 0.84123087 0.6049398 -0.9525699 -0.26383194 0.47704434 0.31516784 -0.7825478 0.42918864 0.030247552 0.17048611 -0.3058196 0.8012153 -0.4209642 0.3621964 0.35771644 0.7628867 0.574198 -0.05734078 0.28040332 -0.012444205 -0.13983826 0.14096574 0.60293025 -0.10962352 -0.10770259 0.060688652
120 -0.5154621 -1.303028 0.32784972 -0.29683822 -0.6319586 -0.5386903 0.79677784 0.5313327 -0.8033965 -0.17030753 0.5100871 0.36686713 -0.63236994 0.4275602 -0.16251628 0.13012546 -0.2765034 0.7418274 -0.46322024 0.29597142 0.45604336 0.907487 0.56838685 -0.35573262 0.16106704 0.055020507 -0.22220092 0.22460254 0.56059384 0.05469355 -0.20411445 -0.0494265
122 -0.24680407 0.42755398 0.5171366 0.15942816 0.74458045 0.12083538 0.5911149 0.19829664 0.04597468 0.77693886 0.41366884 -0.030759491 0.25480583 -0.4739475 0.39381447 0.2329913 0.009665173 0.08295015 -0.0836909 0.85365224 0.18490426 0.17885023 0.7058818 1.051671 0.3694493 0.68051106 -1.152181 -0.7194005 -0.2900161 -0.4750306 -0.79083866 1.1098214
123 -0.48011464 0.1489631 0.41495875 0.5601386 0.4901371 0.8762779 0.80163765 0.36535797 0.5915999 -0.30892253 0.28155044 -0.45469865 0.60288393 -0.048555244 0.097341515 -0.63475233 -0.53541154 -0.5840437 -0.14605571 -0.1204619 0.12352642 0.9514005 0.5146027 -0.20893441 0.21349399 0.6582616 -0.5951122 -0.6827032 0.34707978 -0.5723814 -0.742207 -0.010907898
132 -0.40787217 0.4842992 0.44985187 0.28769544 0.7102776 0.103986114 0.66201496 0.3464509 0.09054086 0.85516256 0.39064106 -0.011380188 0.2927273 -0.37647486 0.55053717 0.22967947 0.009026255 0.10077588 -0.03553074 0.9624947 0.18005833 0.3202108 0.6965775 0.9986328 0.29502118 0.7951423 -1.2107805 -0.7339807 -0.20190057 -0.3407056 -0.7938965 1.2362655
134 -0.48173773 0.29949555 0.4974889 0.43520737 0.60779506 1.044126 0.91475314 0.34322006 0.32186678 -0.24074093 0.25862876 -0.37978843 0.49278533 -0.037974555 0.23884873 -0.47297308 -0.64809906 -0.5397723 -0.2731882 -0.124069765 -0.059680477 0.8671841 0.3025418 0.099519424 0.30116424 0.5403841 -0.5795173 -0.9021379 0.25642067 -0.6850667 -0.65508467 0.0447605
150 -0.364034 -1.1902419 -0.022789031 -0.37545255 -0.023750823 -0.3810968 0.48248664 0.09610297 -0.67771316 0.10545497 0.35783535 0.029665362 -0.45430332 0.32678914 -0.53441495 -0.024875125 0.113942556 0.13320312 -0.414358 -0.6129971 0.41190135 0.8097021 0.3580046 -0.042081643 -0.11259342 -0.07740647 -0.15929092 0.0777502 0.037333697 0.014640372 -0.43442917 0.13414869
153 -0.43264738 -1.1607974 0.21345855 -0.350065 -0.61132044 -0.39118746 0.7595142 0.51988906 -0.86919683 -0.30491793 0.46238717 0.28679666 -0.67989475 0.41166604 -0.10764189 0.22065663 -0.15144674 0.71627885 -0.6577744 0.17472008 0.4256785 0.81995773 0.5609616 -0.22313093 0.2284594 -0.08866209 -0.17806807 -0.028497914 0.3931951 -0.0551271 -0.18479161 -0.15979287
154 -0.33951205 -1.5270883 -0.022184812 -0.6928342 0.33085173 -0.5218016 0.16982509 -0.24700287 -0.9478202 0.15506107 0.60654914 -0.42962414 -0.02328614 0.48262125 -0.80103403 -0.6867198 0.46211162 0.03778137 -0.45193726 -1.0483972 0.427461 1.0235617 0.58141 0.6383174 -0.20819099 -0.11049908 -0.3538274 0.26231134 -0.1814063 -0.4455679 -0.7526241 0.7502022
164 -0.40143618 0.22774258 0.2783022 0.529266 0.7581541 0.73810387 0.8989024 0.1082347 0.094782844 0.24246544 0.26489994 -0.11112554 0.61872107 0.07819475 0.44268486 -0.2942323 -0.4687322 -0.4754538 -0.101197995 0.19988884 -0.24364924 0.6944081 -0.17602439 0.54455763 0.42676756 0.51940393 -0.7960274 -0.5082886 0.25926164 -0.25396267 -0.5808614 0.74292016
172 -0.25720266 -1.6421527 0.5454478 -0.66953963 0.22486138 -0.45503348 0.014824021 -0.3106644 -0.9080015 0.34848392 0.43871957 -0.32033706 0.021201327 0.24459459 -0.81294507 -0.7524031 0.5050799 0.33316863 -0.5517842 -0.7491287 0.6431578 0.7493832 0.9413778 0.70989054 -0.36684918 0.06428345 -0.39835617 -0.06953018 -0.25470343 -0.10403774 -0.74161184 0.70963156
179 -0.49032962 0.27560756 0.44692603 0.40490124 0.5654445 0.91674745 0.847626 0.3248441 0.3161405 -0.26749414 0.25754872 -0.3490999 0.46487403 -0.059813604 0.21370597 -0.44568205 -0.5620591 -0.52934027 -0.27971926 -0.1436236 -0.0053630574 0.79448706 0.2408007 0.026425684 0.19227196 0.5972823 -0.54969156 -0.80927527 0.22623473 -0.5811998 -0.68410474 0.026582837
181 -0.33970496 0.5123755 0.49051258 0.23000647 0.66652673 0.058973055 0.546378 0.2527197 0.12958296 0.86221296 0.32281408 -0.18143918 0.26339692 -0.4805342 0.43729502 0.16914591 0.05781426 0.06330906 0.006562372 0.8964186 0.1679191 0.23568976 0.8750294 1.18947 0.31881523 0.7321759 -1.1462212 -0.83940995 -0.35597804 -0.565623 -0.821785 1.2383513
184 -0.32022777 -0.058966868 0.5255662 0.40584677 0.105669536 0.8003619 0.87784725 0.35736504 0.6223898 -0.43624115 0.09775063 -0.7289101 0.36415654 0.10169155 -0.07079343 -0.32159466 -0.66434103 -0.66321033 0.040878672 0.17643867 0.12380634 0.8474915 0.83559525 -0.10955756 0.346311 0.42681053 -0.24642946 -0.5846221 0.24204989 -0.9906763 -0.59350437 -0.1497312
185 -0.1361606 -1.5012298 0.5780005 -0.74971646 0.28438267 -0.39103544 -0.04550255 -0.26577464 -1.0292118 0.3385481 0.47722375 -0.3771044 -0.07554263 0.22163275 -0.7365991 -0.7015533 0.5922746 0.38762036 -0.60108167 -0.67003816 0.5545013 0.6702627 0.9129019 0.86471516 -0.27236992 0.07266141 -0.44723287 -0.29554653 -0.40664378 -0.14404318 -0.5770398 0.6467994
194 -0.08439455 -1.6903639 0.6337949 -0.61397946 0.3994801 -0.39099443 -0.13846593 -0.2288486 -0.92613876 0.3859618 0.4731192 -0.2894676 0.12583482 0.2632681 -0.73702306 -0.7615224 0.59743476 0.42842305 -0.6721168 -0.526075 0.60146165 0.7060871 0.87544334 0.7168889 -0.36077297 0.16554558 -0.56926435 -0.11714929 -0.2981097 0.09189688 -0.6985459 0.66021407
196 -0.1090702 -0.1073905 0.57361054 0.3186057 0.078001015 0.7732302 0.9191385 0.33536497 0.4883232 -0.5563283 0.07911333 -0.6071166 0.352508 0.04532793 0.01644478 -0.10178948 -0.60175306 -0.64654154 0.0073273713 0.2834404 0.18012789 0.73411834 0.80390453 -0.19470204 0.46937197 0.4837783 -0.106401294 -0.5012705 0.32250798 -0.9127979 -0.6405089 -0.25394347
205 -0.23193906 0.00375122 0.5841233 0.3865258 0.09730033 0.8339856 0.7914162 0.45056623 0.5463084 -0.6873728 0.17120951 -0.74102986 0.34993052 0.06475131 -0.059239544 -0.37352434 -0.6266545 -0.5213837 0.0017471804 0.32449698 0.088188656 0.7054649 0.9662306 -0.057667393 0.4452567 0.40298823 -0.20465362 -0.54326916 0.3754822 -1.0820711 -0.44782197 -0.1733735
209 0.10136807 -0.4232254 0.73713243 0.36287305 0.08206194 0.7529938 0.9156746 0.19827342 0.47065333 -0.77929205 0.026745714 -0.817142 0.40075144 0.12412904 -0.21615797 -0.20893969 -0.6530772 -0.78382033 0.04927152 0.57390606 0.18256234 0.7352219 1.0251709 -0.006387226 0.67210793 0.42031538 -0.005719368 -0.37308863 0.36223537 -1.2549806 -0.5399325 -0.122679666
222 -0.69100994 -1.3392465 0.020785285 -0.25708055 -0.7176279 -0.7523652 0.9202225 0.4761391 -0.7015219 0.09715744 0.40622553 0.1693124 -0.64688545 0.46088365 -0.33974558 0.08890739 -0.101998374 0.34218705 -0.364001 -0.10943377 0.54566944 1.1878731 0.56233615 -0.5016316 -0.14258514 0.15954581 -0.108819485 0.45041576 0.4718826 0.1844641 -0.37441972 0.08677202
223 -0.250888 -1.5936829 0.545094 -0.5154068 0.38234994 -0.5554596 -0.13592209 -0.17111135 -0.72716266 0.39275807 0.55299544 -0.28527406 0.08376351 0.19974165 -0.86474943 -0.75661075 0.6676203 0.37186164 -0.4989091 -0.52411854 0.72960734 0.67229646 0.9902931 0.44404817 -0.5078309 0.26341605 -0.5107377 -0.025082055 -0.32714206 -0.06450099 -0.7757484 0.7030077
240 -0.48912528 -1.4032859 0.2732926 -0.2998525 -0.6086933 -0.49462742 0.80816144 0.39815378 -0.8198367 -0.024512438 0.46226346 0.315564 -0.67885756 0.41913256 -0.18231747 0.20256361 -0.10619307 0.5613927 -0.44730994 0.24214588 0.49124753 0.9094214 0.52347285 -0.3510941 0.12531652 0.046439752 -0.17696191 0.21634698 0.40307853 0.043488253 -0.23873109 -0.113031685
242 -0.08920762 -0.25570124 0.65874946 0.36617526 0.009319982 0.88937145 0.9625341 0.3305989 0.51138264 -0.78485 0.08885699 -0.92153925 0.27681044 0.24948296 -0.099155076 -0.22070652 -0.7071892 -0.77033556 0.057386898 0.48671272 0.046057746 0.80460584 1.033112 0.098068535 0.6634948 0.30835608 -0.036372144 -0.44983363 0.3379875 -1.3622193 -0.5564637 -0.16946708
253 -0.19154109 -1.5993772 0.4154267 -0.68161947 0.2490729 -0.4630998 0.092785835 -0.30344376 -0.98105663 0.3730803 0.45835623 -0.4125003 -0.004693621 0.22979021 -0.74287736 -0.614004 0.6230172 0.23120141 -0.5860903 -0.7564405 0.48528087 0.8258247 0.82180065 0.6178552 -0.35707682 -0.0055403654 -0.39992538 -0.012596018 -0.39409453 -0.19412911 -0.6511845 0.567745
255 -0.516078 0.5632836 0.53781134 0.17270856 0.56531835 0.15597671 0.74364465 0.23700939 0.0022652445 0.7947205 0.34389648 -0.102873 0.20775802 -0.43345043 0.5486469 0.2992567 -0.11363514 0.028184254 -0.055827554 0.7977036 0.10933317 0.26089066 0.68784165 1.1428838 0.35278538 0.7914776 -1.0517043 -0.889415 -0.38372982 -0.4541821 -0.8076068 1.1595246
267 -0.5857394 -1.341253 0.35863894 -0.21366003 -0.62627727 -0.35890618 0.89676774 0.5601388 -0.93949246 -0.20693769 0.56473845 0.48527917 -0.686957 0.48393336 0.024619186 0.3451763 -0.14096214 0.7632076 -0.6760801 0.53485614 0.33364743 0.8919666 0.3505708 -0.20853439 0.32790217 0.03542464 -0.27613088 -0.23192358 0.47227138 0.14679487 -0.015763955 -0.006608004
271 -0.28259078 -1.4436358 0.04500034 -0.8270109 0.40154657 -0.56615955 0.12450405 -0.092055134 -0.9802661 0.21566966 0.55462277 -0.3316081 0.06951077 0.27884752 -0.70546967 -0.5868391 0.5879538 0.2500716 -0.61575395 -1.069122 0.6905845 0.9739649 0.7971599 0.4210801 -0.3821372 -0.05975778 -0.42518848 -0.055333994 -0.285739 -0.27502295 -0.9171643 0.5125439
272 -0.3908529 0.5229347 0.42139673 0.14229634 0.631785 0.12036092 0.7208464 0.28916126 0.07332432 0.8328789 0.3581188 -0.068556376 0.16663519 -0.4062547 0.48049513 0.32215482 -0.08313379 0.0015117377 -0.113471806 0.86262864 0.107419014 0.27413663 0.7543433 1.0358061 0.30474153 0.69535476 -1.1537772 -0.7480217 -0.29447928 -0.43764222 -0.79679817 1.1836388
273 -0.26636806 -1.659388 0.030998953 -0.6632521 0.36417884 -0.55662936 0.16210487 -0.27176362 -0.8669889 0.45726883 0.5517847 -0.2635259 0.17181854 0.35851926 -0.638159 -0.42799056 0.5665338 0.050307993 -0.4762497 -0.9142446 0.5501198 1.092289 0.6102785 0.44645473 -0.24215373 -0.009856467 -0.369119 0.14784431 -0.3649779 -0.14440347 -0.89476305 0.52406704
275 -0.5106831 -1.4674833 -0.08712367 -0.3271344 -0.6799233 -0.74483305 0.93400997 0.24529499 -0.7448523 0.0376056 0.41817823 0.021688834 -0.6668039 0.55642915 -0.40247208 0.16382582 -0.10961565 0.14330636 -0.32727864 -0.27226135 0.35383844 1.2368684 0.49165246 -0.35238785 -0.04915544 -0.10382341 -0.051621072 0.5450889 0.35187575 0.015952684 -0.3655515 0.12711932
285 -0.46890107 0.3001445 0.15056908 0.42366633 0.823696 0.9020895 0.9608357 -0.05047707 0.037668265 0.3702227 0.29920524 -0.10506915 0.5230169 0.09449651 0.35158065 -0.1484349 -0.6173172 -0.5509902 -0.15192711 -0.015222632 -0.23090373 0.7804881 -0.11835885 0.6752909 0.4649786 0.38866836 -0.9694719 -0.7541148 0.13153893 -0.25729108 -0.7464339 0.578013
311 -0.17475031 -1.7459162 0.5015707 -0.6000593 0.36556822 -0.45312062 -0.11088209 -0.32269153 -0.8915502 0.4006473 0.5494068 -0.20771179 0.16863145 0.30238044 -0.78429043 -0.698746 0.49886408 0.3920449 -0.50750566 -0.5431851 0.6790945 0.77921605 0.77182853 0.63419574 -0.29511905 0.091517344 -0.5131237 -0.064346306 -0.36618233 0.0021263005 -0.7161441 0.60144967
335 -0.56530464 -1.2032423 0.34145966 -0.36204627 -0.66481304 -0.38350967 0.84422445 0.54026324 -0.9396882 -0.29950997 0.47570407 0.42683843 -0.7195869 0.50505894 0.075385995 0.31271258 -0.25418282 0.81869256 -0.66252315 0.39979774 0.29169533 0.7477199 0.5017258 -0.081808485 0.33116415 -0.040468477 -0.22710013 -0.081660844 0.5268646 0.0011604978 -0.039466035 0.0132458685
374 -0.28424707 0.5718954 0.45630866 0.093632706 0.59727293 0.052923694 0.57950366 0.27494583 -0.0015875978 0.84859294 0.30910528 -0.06362332 0.1820046 -0.4448368 0.5098251 0.3076023 0.022093698 0.07085694 -0.099814065 0.7768186 0.095234394 0.20033173 0.7963376 1.1244795 0.32102737 0.7029303 -1.1338756 -0.72575724 -0.34779936 -0.4858926 -0.7698017 1.1074303
431 -0.27083683 -0.18935603 0.5589663 0.33782452 0.072943635 0.8067679 0.89646894 0.3447042 0.5589134 -0.7429054 0.13938701 -0.9517768 0.23983884 0.17114443 -0.26435345 -0.38892528 -0.65920377 -0.78228146 0.13619214 0.28298798 0.04897447 0.770087 1.0990889 0.15824835 0.6295924 0.285569 -0.11089098 -0.35323325 0.32249087 -1.4052098 -0.5617763 -0.044607874
448 -0.44739944 -1.1709306 0.4261858 -0.2353123 -0.6439335 -0.27556798 0.8543783 0.64430404 -0.8821363 -0.2947025 0.45082664 0.5802541 -0.6204233 0.46767092 0.20468666 0.3759056 -0.32078433 0.97788894 -0.69853354 0.8142228 0.33320832 0.70594937 0.46436456 -0.15829687 0.4553959 0.07396864 -0.3125801 -0.17121063 0.67934054 0.16296041 -0.0069386447 -0.050304633
481 -0.21788375 -1.6741921 0.42830202 -0.54314816 0.37146863 -0.42886788 -0.054789297 -0.21883236 -0.8296189 0.2743144 0.5003789 -0.23390889 0.16468814 0.3178316 -0.7532995 -0.70830905 0.6192537 0.29706186 -0.56111544 -0.63861895 0.6303619 0.82616836 0.6844707 0.46455228 -0.3374756 0.09192982 -0.42528504 -0.1248722 -0.2520779 -0.07643948 -0.7133217 0.5550947
492 -0.5873821 -1.2004929 -0.036316365 -0.37910208 -0.43073097 -0.4340997 1.0618336 0.31110382 -0.9319093 -0.069873996 0.39497152 0.27875724 -0.89630085 0.2752175 -0.18455799 0.35481042 -0.1548527 0.31889635 -0.5820117 -0.23066455 0.45348194 0.97262704 0.32624984 -0.32027626 0.027377712 -0.08508262 -0.1378133 0.043748233 0.18545915 0.028567223 -0.46902126 -0.06653809
494 0.31575173 -0.6682178 0.78290445 0.33714017 0.015193164 0.9276481 0.95829767 0.17753896 0.35523465 -0.8433709 -0.020853817 -0.64821297 0.33284548 0.4461463 -0.07817354 0.026740761 -0.67632234 -0.70696825 0.08100534 0.9261736 0.176658 0.743988 0.80055684 0.019066824 0.87913597 0.32449093 0.065146245 -0.26995376 0.39756194 -1.1454003 -0.5700401 -0.23668142
496 -0.550924 0.32766762 0.3249172 0.35093856 0.47699353 0.85589063 0.965022 0.4050053 0.3872169 -0.20736033 0.19169432 -0.48775515 0.4846306 -0.053613726 0.32101232 -0.44451794 -0.5026779 -0.75643504 -0.30579907 -0.31452578 0.012739968 0.92183614 0.28707948 0.02668581 0.11330593 0.6259596 -0.49405444 -0.99810076 0.18176988 -0.5913061 -0.8451409 0.16327249
499 -0.40177792 -1.1045381 0.37345704 -0.39772013 -0.5778075 -0.22435322 1.0694275 0.53495294 -1.0347139 -0.23856805 0.4149104 0.5059574 -0.78397405 0.4669197 0.20207651 0.5617167 -0.34043878 0.7815545 -0.8414473 0.46816453 0.13172781 0.7305309 0.3354592 -0.073473155 0.42437702 -0.1150671 -0.3062784 -0.16467904 0.519642 0.0026736893 -0.0281711 -0.066421136
511 -0.5604302 -1.2955514 0.25198248 -0.43777928 -0.6463584 -0.5831034 0.7489201 0.510856 -0.8490221 -0.22557 0.42626378 0.18777572 -0.7877681 0.44076312 -0.24138433 0.054045156 -0.15884615 0.5233845 -0.4410792 -0.029359123 0.39157945 0.78606963 0.59150887 -0.20971757 0.09519814 -0.08948946 -0.099140264 0.27587298 0.44839543 -0.18884405 -0.21930976 0.024139855
513 -0.44559175 0.5734747 0.49246952 0.18046163 0.5682444 0.115505844 0.6647005 0.24342552 0.07334406 0.83199507 0.33403906 -0.11727294 0.2256793 -0.41233477 0.5743357 0.21856996 -0.10058309 -0.0089248065 0.030175129 0.8089724 0.030559793 0.33718714 0.75373286 1.1920153 0.36084732 0.7127706 -1.0907595 -0.8486592 -0.28018564 -0.49381608 -0.7822811 1.1979381
601 0.06841716 -0.43313184 0.65563035 0.4588837 0.16013372 0.89252883 0.9070193 0.1742044 0.46862197 -0.70275575 0.09586902 -0.74200743 0.4559102 0.30048904 -0.14008327 -0.24301583 -0.7079156 -0.76013154 0.21207651 0.71289283 0.07552951 0.75971365 0.79524475 0.13143025 0.80290425 0.37945515 -0.11803582 -0.3015611 0.3283857 -1.1921017 -0.5384578 -0.08968065
603 -0.37804937 -1.2522321 0.39759147 -0.3541025 -0.6555378 -0.27032468 0.85008836 0.5771987 -0.93168885 -0.32916564 0.41637105 0.48519403 -0.6745682 0.51654106 0.11807649 0.41544685 -0.50520533 0.9647409 -0.7031143 0.63981193 0.36163205 0.66150564 0.5753881 -0.20120391 0.47770444 -0.10451936 -0.2977385 -0.03383104 0.6700402 0.056933217 -0.17511278 -0.15811302
662 0.30212522 -0.1493414 -0.3699456 0.14246793 -0.26304382 0.16085327 0.9980672 0.40847266 -0.4494725 0.71168643 -0.45945063 -0.885685 0.6967596 1.3048503 1.8685532 0.049146883 0.3877601 -0.35688812 -0.84579796 -0.08268732 -0.4050976 2.0634143 0.39391485 1.0349935 0.23463638 0.66567886 -0.4034135 1.3831112 1.0624337 0.5846549 0.104662664 1.1719593
762 -0.15955792 -0.2482392 0.6400321 0.32016143 -0.03839439 0.8320458 0.90891886 0.27936056 0.42241287 -0.72433805 0.048144493 -0.93226963 0.26686832 0.20389704 -0.13490538 -0.27348873 -0.62464637 -0.80991143 0.072482295 0.3817587 0.12174258 0.742321 1.0254797 0.1445993 0.6096963 0.36177504 0.04651324 -0.56652 0.26687512 -1.3012068 -0.48837137 -0.027668841
765 0.40334716 -0.59792227 0.94157815 0.29402974 0.37195292 0.9863178 0.89234644 -0.007720803 0.24525194 -0.85566056 0.1542483 -0.8128901 0.59209716 0.34280127 -0.21787308 -0.2696603 -0.73944324 -0.70780134 0.17021663 0.7651842 0.11543595 0.7185478 0.95052046 0.22159939 1.0357693 0.3607264 -0.058161244 -0.06341241 0.46147797 -1.2475009 -0.49473915 -0.29491943
771 -0.08707976 -0.23243815 0.6251456 0.32370776 0.050142523 0.84977853 0.9669678 0.2871599 0.52058 -0.71454704 0.0986904 -0.92785156 0.3054738 0.18025035 -0.19599551 -0.2979446 -0.6882194 -0.7933319 0.07542048 0.31866264 0.102577165 0.8110668 1.0482283 0.052061062 0.602488 0.30641258 -0.072104 -0.39378417 0.3473716 -1.3063507 -0.5099469 -0.12182786
778 -0.6405749 -1.182205 0.5011083 -0.3510338 -0.7137631 -0.51079655 0.73132974 0.7754576 -0.7810445 -0.23763219 0.4196807 0.5827835 -0.55532753 0.54477507 0.27724272 0.2369667 -0.4942831 1.0682082 -0.5123924 0.8219263 0.50722146 0.5598017 0.5231619 -0.097911194 0.39253765 0.12824185 -0.23209453 -0.14872698 0.6741539 0.060966086 -0.115983605 0.11832308
782 -0.32247087 0.57325774 0.5157231 0.1831394 0.6895264 0.23191524 0.69370997 0.1627981 -0.03358534 0.77805513 0.35175538 -0.11179064 0.20502424 -0.4655949 0.5073511 0.25714907 -0.07116944 0.09530741 -0.118688166 0.79798514 0.032424536 0.27563745 0.73221254 1.1809075 0.39410648 0.5988104 -1.2063043 -0.7848609 -0.33714968 -0.5308598 -0.8039264 1.1297601
786 -0.5159898 0.24440266 0.48894787 0.40060836 0.46252665 0.8930429 0.8434181 0.28397837 0.4209301 -0.21384154 0.23181778 -0.37934738 0.5890331 -0.035598587 0.20394775 -0.51970255 -0.6291515 -0.49692628 -0.21516469 -0.22236243 -0.06506442 0.8978166 0.31445795 0.046362765 0.21089639 0.6343577 -0.5955749 -0.76761013 0.26789826 -0.5476904 -0.60670614 -0.004929033
791 -0.3878537 0.54860353 0.45281664 0.18612234 0.7297323 0.20438734 0.659189 0.22320871 0.073679306 0.851948 0.38115376 -0.08669472 0.21823065 -0.41702458 0.52116656 0.26939774 -0.04937999 0.038611736 -0.14197809 0.7912288 0.12416859 0.33379936 0.74585074 1.098019 0.2572977 0.7464929 -1.1945612 -0.81859946 -0.34985277 -0.38248268 -0.8709683 1.1385452
804 0.55359185 0.5789813 0.22313623 -0.150257 0.72326523 0.17992158 0.30985326 0.20762426 -0.29931286 0.40209487 0.039528485 -0.099307224 0.26050875 -0.25943625 0.78441733 0.28678507 0.17100066 0.25982893 -0.7757691 0.20923592 0.0041019646 0.27869952 0.7019922 0.5196914 0.20757003 0.3576694 -0.9842448 0.4420367 0.21242799 0.02170585 -0.5388858 0.4168291
819 0.007932068 -0.40509358 0.7636326 0.41917676 0.06762296 0.90131307 0.85772645 0.30065435 0.50283724 -0.83651054 0.16526732 -0.7809391 0.29647014 0.27831227 -0.1661391 -0.2489102 -0.7179778 -0.635612 0.19867212 0.79932487 0.12893605 0.7677119 0.99608684 0.082421206 0.84869653 0.39663836 -0.1035813 -0.20915304 0.39181003 -1.3655362 -0.54895794 -0.23813057
826 -0.46888098 -1.3439151 0.4227021 -0.2423605 -0.5970631 -0.20726608 0.78643036 0.5232766 -0.955905 -0.20296 0.3878001 0.51596594 -0.44232553 0.5876222 0.21363644 0.21688369 -0.535941 0.92511284 -0.4443928 0.8236619 0.34383336 0.73085314 0.26638517 0.066930935 0.48537195 -0.034784384 -0.27369466 -0.16970514 0.66604203 0.092132404 0.06559232 0.05695956
845 -0.5475606 -1.3481863 0.12599808 -0.24620554 -0.5434081 -0.47983322 0.82951605 0.44421104 -0.8357074 -0.21368387 0.56228864 0.23506355 -0.65960264 0.43714604 -0.22527404 0.14232324 -0.17231388 0.55379516 -0.43400514 0.116814084 0.384625 1.0506513 0.4775007 -0.34735045 0.11079559 -0.008064662 -0.22684923 0.3080909 0.4960248 -0.050055582 -0.15692943 -0.039365243
875 -0.36465406 -1.4771945 0.2799012 -0.23184061 -0.5872607 -0.38329378 0.8144468 0.43297178 -0.8430824 -0.15709633 0.5619776 0.26422018 -0.68421954 0.4337089 -0.16946422 0.33255205 -0.04145768 0.53244954 -0.4079005 0.36235538 0.35261652 0.89903766 0.551343 -0.38115254 0.29228386 -0.0025968936 -0.19030598 0.25400245 0.37582764 -0.10827544 -0.13962704 -0.24564657
938 -0.56306887 -1.5329868 -0.05082708 -0.2568425 -0.55004305 -0.6868355 0.92252684 0.27101663 -0.7226771 0.11841987 0.6208349 0.31092224 -0.63420683 0.62859213 -0.4347991 0.21413042 -0.2357872 0.30527487 -0.30307302 -0.104109034 0.4012315 1.2502921 0.4373356 -0.41567412 0.092952386 0.018286925 -0.28780684 0.531808 0.4177058 0.21569312 -0.41842094 0.056068182
939 -0.21238735 -0.192972 0.65909123 0.34261423 -0.12557046 0.8262528 0.8902065 0.30662718 0.45390144 -0.71139926 0.008660542 -0.95130014 0.22851062 0.12238442 -0.18049127 -0.31207862 -0.6674363 -0.8119623 0.07981825 0.3127537 0.083616346 0.7834775 1.0083852 0.08576988 0.5262622 0.4026727 -0.01738461 -0.5227423 0.2960818 -1.3275896 -0.47599825 -0.023442922
987 -0.4825894 -1.3487307 -0.099771656 -0.38815182 -0.5616583 -0.7099997 0.93213546 0.1919418 -0.6393487 0.22366701 0.5205497 0.14781101 -0.75524306 0.36801577 -0.5102281 0.49500704 0.0368235 0.17165542 -0.2714935 -0.18051311 0.5791392 1.1258316 0.6727635 -0.47853598 0.04934932 -0.09075727 -0.20411836 0.37141675 0.13421193 -0.13061056 -0.5199919 -0.025689375
101 0.6813202 0.19008695 -0.18255909 -0.3712431 -0.23168491 -0.03418073 0.49927896 0.62370926 -0.39036718 0.70783424 -0.53560483 -0.87304467 0.5340359 0.56325257 1.5887727 0.27842274 0.5450735 -0.031406537 -1.0436772 -0.072203465 0.07066806 1.3186508 1.1190927 0.92935103 -0.020730428 0.6139968 -0.63843167 1.0138279 0.7450564 0.54546505 -0.13196 0.8695252
265 1.2394377 0.5116652 0.4842549 -0.44642493 0.6235085 0.59051573 0.20907068 0.46268135 -0.57587224 0.13687018 -0.2433246 -0.4815435 0.4262956 -0.058922023 1.270315 0.18623587 0.30767825 0.569646 -1.5125291 0.17963931 0.09118865 0.68648636 1.440225 0.66881657 0.29343665 0.48593193 -1.1690861 0.75532883 0.61740756 0.102119386 -0.53784204 0.07221949
784 1.1039925 0.41386017 0.24562445 -0.18564266 0.59964204 0.37639132 0.27795967 0.36022162 -0.29742992 0.42008975 -0.1924869 -0.44886664 0.5437725 0.015042433 1.233329 0.32284543 0.45257366 0.51844007 -1.188106 0.33135659 0.15529966 0.8724549 1.3436093 0.5187618 0.23647514 0.54994065 -1.0198166 0.9034783 0.5075187 0.23528309 -0.4663358 0.089433186
210 0.9212696 -0.026582163 -0.29482907 -0.44044456 0.20757054 -0.012428705 0.5761053 0.27484834 -0.53943765 0.9811049 -0.46722922 -0.7608399 0.6654666 0.4461196 1.3340439 0.5587072 0.45735174 0.031286612 -1.019183 -0.14863741 0.10875692 1.3472512 1.1531633 0.9143269 0.16720445 0.34458593 -0.8242881 1.075469 0.50199515 0.61974275 -0.31824875 0.6577541
131 1.0660888 0.33759865 0.18267941 -0.27026412 0.34777936 0.2181148 0.29243195 0.5628792 -0.2676207 0.48543647 -0.27425292 -0.6246517 0.5296101 0.14883266 1.3307754 0.36222178 0.43317735 0.42988116 -1.140915 0.2968517 0.18915899 0.96091956 1.3384999 0.68737555 0.21352136 0.5381794 -0.95150596 0.99447995 0.65456545 0.29213387 -0.3645314 0.3401533
533 1.1112634 0.2169737 -0.027766762 -0.3663146 0.28158027 0.1375774 0.39072642 0.49953142 -0.3424996 0.7046756 -0.3361737 -0.6722908 0.66306806 0.11936085 1.2736702 0.4753388 0.4232111 0.20731926 -1.1004359 0.065925345 0.28992873 1.0472615 1.3977095 0.62284935 0.16718459 0.43727311 -0.9022503 0.9780109 0.5801459 0.45621347 -0.4411315 0.3274738
751 1.2303286 0.41062996 0.35516977 -0.22947073 0.6027283 0.4178681 0.1577933 0.51918083 -0.25947878 0.3040963 -0.13019817 -0.48930347 0.5166534 -0.05587741 1.123775 0.18882708 0.42670837 0.60822886 -1.2334584 0.28089067 0.19718494 0.8043827 1.5122309 0.448303 0.24335976 0.5291145 -1.099459 1.036995 0.6444111 0.1062726 -0.55996126 -0.02616493
779 1.1334884 0.19549088 0.016074143 -0.41847327 0.36467788 0.2610858 0.34890702 0.40315625 -0.40267405 0.6323775 -0.35249582 -0.6790251 0.61828744 0.2301347 1.278813 0.38942438 0.38398054 0.14105766 -1.0867444 0.008244902 0.22630852 1.0367322 1.2685375 0.62267923 0.1611419 0.4377824 -0.9752077 1.1247289 0.55596435 0.39352754 -0.47898698 0.3696981
211 0.9607979 -0.182379 -0.11694563 -0.44605017 -0.23857376 -0.14003235 0.48117122 0.65900004 -0.34959072 0.81394535 -0.56471395 -0.93791425 0.80176866 0.56999767 1.4794677 0.4264643 0.42829004 -0.11911619 -0.93252826 0.097943515 0.29426324 1.2762095 1.1533237 0.86634105 0.11668312 0.5162991 -0.7157178 1.0182512 0.81391776 0.69802743 -0.1855912 0.90757567
268 1.0872852 0.67307377 0.30950257 -0.41565493 0.3687827 0.32297882 0.30621067 0.54601854 -0.33576474 0.2948319 -0.22155567 -0.6695971 0.17899244 -0.12398108 1.3569679 0.4655015 0.41580075 0.5575996 -1.3208815 0.2232373 0.072394155 0.720899 1.7168093 0.73298013 0.25558168 0.47636992 -1.0287472 1.0796056 0.4809138 -0.17637992 -0.5313885 0.08183134
709 0.24130403 -0.0060142744 -0.35253435 0.056398872 -0.4155972 0.024025096 0.8743053 0.6609661 -0.3183678 0.4753233 -0.55389106 -1.0596114 0.63595116 1.2057083 1.964839 0.042264357 0.58625084 -0.23396425 -0.93125373 -0.075657435 -0.3308139 1.9820592 0.6318885 0.8845901 0.08922797 0.80402714 -0.185537 1.2144579 1.1556255 0.5608235 0.23542197 1.1212796
