15 0.28859538 -0.22606999 0.019070523 -0.5349734 0.4256716 -0.07746456 0.19295032 -0.20995453 -0.030126797 -0.064314194 0.022037683 -0.3967584 0.12824391 0.049965747 -0.14981894 1.009129 -0.31408268 0.38992235 -0.6900709 0.7616678 0.4723376 0.40561733 1.0528045 0.30004966 -0.25672507 -0.63358426 -0.7068479 -0.27292368 0.45710337 -0.09131492 -0.6237726 0.01678469
17 -0.24932265 -0.20633014 0.27001232 -0.39460832 -0.6150441 0.13941732 0.27430594 -0.16232744 -0.23797847 0.64517236 0.35972163 -0.31652725 -0.05611714 0.65228367 0.06547624 -0.22467963 -0.023568891 0.15673532 -0.45006967 -0.39966592 0.32705757 0.9483467 0.47568774 0.38358977 0.111880116 1.2985334 0.4500989 0.34343567 0.1892257 -0.19333836 -0.016177127 0.40679497
21 0.13668579 0.12297297 -0.0139860995 -0.36937052 -0.3481278 0.27105296 0.4255784 0.19120574 -0.41026616 0.64705956 0.37458023 -0.57883096 -0.32665408 0.13579272 0.049381495 0.30826366 0.26946732 -0.13884681 -0.17839353 -0.36856014 0.066438526 0.9407172 0.45775378 -0.1593247 -0.0010597116 0.79979706 -0.36556467 0.15439428 -0.017386856 -0.46526387 -0.10976931 -0.23960085
29 0.57769614 0.08347431 -0.13179831 -0.44383985 0.42681286 -0.07845724 0.6037051 -0.21382004 -0.13625264 0.040218037 -0.07181725 -0.3634623 -0.09354883 0.40585664 0.18667194 0.79715246 -0.3742788 0.6917948 -0.7128288 0.8342988 0.37125295 0.5537555 1.0984682 -0.058153093 -0.19845821 -0.45500562 -0.7256256 0.045432054 0.71620333 -0.3836824 -0.6111402 -0.22923276
35 -0.61931896 -0.45999515 0.28259608 0.27293026 -0.54114425 0.23346984 0.6908711 -0.38243756 0.030335845 0.22954562 0.119300835 -0.1577317 0.26709563 0.6958342 0.18853724 -0.59162056 0.3030774 0.31808186 -0.48169544 -0.35366106 -0.06877807 1.2553546 0.5209221 0.63595563 0.20716372 1.0604824 0.5956008 -0.027975822 0.11912328 -0.29249883 -0.18379393 0.57841796
39 -0.62468207 0.014917568 0.43640426 0.13467205 -0.588181 0.24548312 0.33879578 0.22096989 -0.3734998 0.4310443 0.37779555 -0.2230102 0.0075161876 0.46841803 0.11410247 -0.32843217 0.07991989 0.23144794 -0.3520754 -0.18528843 0.2803762 0.9702622 0.5353087 0.3155337 0.1200772 0.7796934 0.34706792 0.21991715 0.02678762 -0.3111951 0.18676537 0.1972758
48 0.47976258 0.0010640068 -0.21436179 -0.31312847 0.4564951 -0.06936763 0.5204729 -0.10344594 -0.07655506 0.17338848 -0.07489729 -0.57161605 -0.018154297 0.30016994 0.22140832 0.8606812 -0.157975 0.23237842 -0.6894049 0.7583434 -0.014200207 0.4096527 1.1509451 -0.028982675 -0.28007698 -0.3003743 -0.73961765 -0.13591613 0.5264152 -0.5598531 -0.7098986 -0.4089742
50 -0.35061496 -0.53836304 0.12195342 -0.43009636 -0.560631 0.2183245 0.51008564 -0.48826754 -0.13030899 0.46501428 0.25950107 -0.31544426 0.06992857 0.6965889 0.17800495 -0.31759855 0.3092351 0.25796717 -0.5089543 -0.31314966 0.14156659 1.103533 0.36027786 0.7409453 0.2916032 1.3949592 0.5558285 0.09654612 0.19927615 -0.11959153 -0.06626106 0.55045843
56 -0.70360565 -0.46271864 0.4708194 0.86366826 -0.39429337 0.6818933 0.86864823 -0.6490651 0.39994717 0.26119655 0.012506537 -0.16969682 0.40895662 0.5590943 -0.14044051 -0.6302727 0.18456572 0.32316622 -0.36374328 -0.31113666 -0.30404222 1.3647856 0.52883804 0.71591634 -0.1000799 0.94845265 0.43570766 -0.04157176 0.14781071 -0.5416933 -0.3383461 0.6888698
63 -0.88416517 -0.421678 0.5207117 0.9459013 -0.37834844 0.5245081 0.8557955 -0.6681383 0.13185501 0.37218392 0.031333547 -0.19735076 0.26278812 0.4498181 0.22547533 -0.6854513 0.28764924 0.56278133 -0.48449382 -0.3909735 -0.25327516 1.2436266 0.5783734 0.83157927 -0.04143656 0.9136485 0.31809947 0.013143573 0.09357006 -0.5051644 -0.36016828 0.55866224
66 0.41417518 -0.25876534 0.32913494 -0.009201532 0.11196806 -0.5490216 -0.31434423 0.13653475 0.54376876 -0.396153 0.18759355 -1.0850506 0.40658405 -0.10574259 -0.5865192 0.22250277 0.10692283 0.11214298 -0.14150849 0.38278845 0.5514891 0.19576992 1.1527511 0.43224883 -0.19489725 -0.77906257 -1.1115696 -0.81755745 0.62891114 -0.14547643 -0.93296957 0.9009017
79 0.07444702 0.42719516 0.2698349 0.06116823 -0.1915078 0.2290413 0.4746172 0.3052394 -0.44884413 0.7467805 0.26244816 -0.770156 -0.35920328 -0.17299494 0.28256503 0.22370355 0.16328432 -0.122178204 -0.13392314 -0.22754036 0.048612967 0.74534243 0.72408473 -0.12782705 0.040271085 0.6870792 -0.6004957 0.16103953 -0.09942034 -0.6319518 -0.14238663 -0.4558632
80 0.21491927 -0.19888058 0.31836548 0.101913355 0.1553199 -0.37943497 -0.26064348 0.07256402 0.48251888 -0.36259043 0.18496276 -0.96011126 0.39529428 -0.16065167 -0.6382052 0.27153078 0.18891425 0.24928728 -0.23354435 0.4654214 0.67718154 0.3270399 1.2134464 0.61476916 -0.18758066 -0.948323 -1.1420572 -0.7924608 0.67494714 -0.15453261 -0.9148962 0.8774977
89 0.090408385 -0.18420166 0.45322925 -0.010348932 -0.14095563 -0.57661444 -0.25662738 0.2502968 0.40600306 -0.78390527 0.35933962 -0.8855873 0.35893637 -0.2482908 -0.52969295 -0.14580844 0.30375862 0.13379331 -0.027839426 0.23282942 0.67087334 0.3685218 1.1353741 0.5060163 0.09919087 -0.7364798 -1.0994066 -0.8845402 0.35582265 0.065418735 -0.85318476 1.0441638
95 0.22795293 0.38881728 0.16077216 -0.1063073 -0.06080052 0.37639675 0.5491527 0.22658047 -0.4636165 0.7345568 0.33899865 -0.67071825 -0.39607775 -0.22636385 0.20387161 0.30817658 0.1748801 -0.030037029 -0.031478763 -0.21928231 0.020208988 0.827234 0.620564 -0.094794944 0.06897619 0.6490002 -0.7501842 0.118753366 -0.038127806 -0.57800484 -0.21408084 -0.50209135
102 0.38147566 0.25824046 0.0055984235 -0.3005323 0.31898096 -0.05833706 0.4598712 -0.11961212 -0.30973452 0.24096482 -0.12473337 -0.60569966 -0.05691738 -0.09375462 0.107875966 0.66886526 -0.22606283 -0.0981401 -0.46811065 0.30492464 -0.1725782 0.8370803 1.1500183 -0.22486174 -0.30516595 0.06262806 -0.82341 0.13149063 0.14347032 -0.4349899 -0.46985674 -0.47213727
105 0.10461724 0.43932456 0.11627317 -0.046878934 -0.30941924 0.36917326 0.5469834 0.39112058 -0.4454287 0.7143047 0.3040147 -0.579671 -0.3395047 -0.04128467 0.18124837 0.17028892 0.19090773 -0.013056309 -0.02447148 -0.3301013 0.12273234 0.96513534 0.5723673 -0.19053543 0.18900666 0.7338254 -0.6479863 0.056258827 -0.065421075 -0.6472563 -0.15485276 -0.42056942
113 -0.0024988183 -0.18143347 0.19184314 -0.19205426 0.4271135 -0.16397408 0.076595284 -0.032118365 0.074704446 0.11124452 -0.04286214 -0.5225862 0.124514945 0.063991524 -0.11832099 0.99541366 -0.3553072 0.24709906 -0.72417957 0.8388552 0.5067282 0.2233433 1.1949233 0.36196363 -0.34431458 -0.75107026 -0.7081275 -0.43991667 0.37204376 -0.36150768 -0.71195126 -0.099414654
116 -0.061793525 0.48118463 0.325355 -0.02947462 -0.5317353 0.61087245 0.42204127 0.58002055 -0.4902213 1.212262 0.621481 -0.9425156 -0.5182938 -0.18033181 0.081652425 0.28216282 0.28527483 0.025185024 0.044054456 -0.251275 0.41907242 0.9179908 0.45261088 0.17351122 0.16616017 0.9177487 -0.615762 0.046652157 0.1135296 -0.6962538 -0.04578398 -0.27518854
118 -0.4703995 -0.6289966 0.18795422 -0.56047916 -0.48557782 0.011548977 0.5204571 -0.3546277 -0.48812017 0.55455595 0.3081207 -0.57029223 -0.06591751 0.63845843 0.38775498 -0.23233548 0.36636916 0.14044894 -0.5829447 -0.18055677 0.16533679 1.0574805 0.53608465 0.7585133 0.41034412 1.5560235 0.68188244 0.18143597 0.12217351 -0.16064773 0.07901188 0.44162664
119 -0.68248886 -0.5634554 0.41657275 0.5740112 -0.44901213 0.5701182 0.876526 -0.7508722 0.26743048 0.25626034 0.020433733 -0.123885274 0.31724995 0.445646 0.015143198 -0.48405042 0.24876586 0.2793068 -0.49101028 -0.46474272 -0.3438589 1.4476362 0.50371695 0.71471393 -0.05194907 1.0928413 0.3799784 -0.021144494 0.03896456 -0.42594478 -0.38267714 0.55349237
120 -0.82997257 -0.41967037 0.5578665 0.8582277 -0.48026896 0.48897427 0.7751031 -0.66509086 0.24215803 0.42467672 0.059361987 -0.12567192 0.330923 0.5145669 0.05688623 -0.66005754 0.2851044 0.5470455 -0.45735136 -0.43049586 -0.19846243 1.2418568 0.59563816 0.70123696 -0.14339916 0.99006027 0.35288036 0.06265414 0.09384274 -0.5004797 -0.3373121 0.61641526
122 0.10889045 -0.23040898 0.33729887 -0.09012776 0.031270504 -0.61289 -0.106857285 0.2747406 0.29641107 -0.8846117 0.396762 -0.7504254 0.24377303 -0.15737875 -0.5055078 -0.13839135 0.18317516 0.24174817 -0.031639423 0.17404182 0.7472402 0.41939542 1.0392033 0.42283723 0.1542933 -0.7864345 -1.1006761 -0.7864752 0.34402964 0.13817644 -0.79402965 0.9335999
123 0.24481043 -0.00025298927 -0.10370059 -0.3227293 0.47507423 0.016409652 0.4126903 -0.07437835 -0.056921877 0.23543991 -0.06400889 -0.5957329 0.0331616 0.15484585 0.19983633 0.9427168 -0.22825481 0.13581818 -0.732581 0.79735315 0.052045956 0.37414208 1.1663896 0.13687108 -0.2818413 -0.39242142 -0.7664219 -0.20136353 0.35539728 -0.50736284 -0.65693444 -0.44452047
132 -0.21176662 0.576271 0.24061076 0.12606825 -0.5062713 0.59911567 0.5985732 0.61374485 -0.44631436 1.1014328 0.5413996 -0.6164583 -0.49512395 -0.084181 0.20208691 0.20451868 0.38038757 0.095167354 -0.0023037859 -0.3608686 0.45099872 1.0364635 0.41922966 0.14562242 0.34597576 0.81849056 -0.6881431 -0.0053982125 0.01697416 -0.7658285 -0.075396664 -0.31759274
134 0.26743898 0.3628787 -0.11546018 -0.30437523 0.33356887 0.007812963 0.6726388 -0.08461549 -0.31413832 0.21385185 -0.16710299 -0.44630295 -0.08606732 0.020213736 0.16741426 0.588054 -0.1656642 -0.004123766 -0.45343778 0.18810338 -0.19895874 0.9334655 1.1420791 -0.31451932 -0.12578765 -0.037076794 -0.9104057 0.07351705 0.102963 -0.5199979 -0.5258686 -0.60130167
150 0.4230133 0.42747167 -0.11620618 -0.064776555 0.3155897 0.2392852 0.7364685 0.04857498 -0.33526435 0.19352075 -0.06493441 -0.53774536 -0.05856524 -0.042864222 0.10128146 0.5002906 -0.09753205 -0.07918018 -0.27776647 0.20695628 -0.32655632 0.98712134 1.0601419 -0.35412398 -0.17950396 0.08863968 -0.86153674 0.09053011 0.10534235 -0.56456614 -0.3698694 -0.576984
153 -0.7546002 -0.4273051 0.31317744 -0.27954757 -0.39497247 -0.08234023 0.49472317 0.009459448 -0.8574262 0.11087361 0.405552 -0.56774557 0.14629576 0.6097595 0.54383206 -0.6166202 0.47677827 0.4405589 -0.51841116 0.09607459 0.14750142 1.0951554 0.94461846 0.53007776 0.5272182 1.2376262 0.6894761 0.26836726 0.05037666 -0.11552363 0.49124876 0.36117142
154 -0.60398674 -0.36196485 0.20360565 -0.20101382 -0.48868278 -1.6724458e-05 0.52789235 0.054148424 -0.76607573 0.19918637 0.4093493 -0.64464194 0.13576493 0.70699364 0.4793716 -0.70599526 0.57251996 0.5101706 -0.48274687 0.09819277 0.17050649 0.9876729 0.83514386 0.6098096 0.5347294 1.1874648 0.68370855 0.23863941 0.22962897 -0.1826191 0.42252484 0.42480904
164 0.3035525 -0.252659 0.26338008 0.14743462 0.12310167 -0.3895711 -0.3790213 0.17786929 0.51761997 -0.32486305 0.22818373 -1.1953799 0.404211 -0.2968984 -0.7181113 0.1894178 0.24352576 0.13660885 -0.084554695 0.4140853 0.5450166 0.23486212 1.1825272 0.6163439 -0.22538976 -0.86833256 -1.0765449 -0.79758245 0.6095333 -0.15447912 -0.91172004 0.9047649
172 -0.1225153 0.42710778 0.3710737 -0.14044937 -0.5534285 0.6975709 0.49036792 0.4164965 -0.461924 1.095757 0.59078586 -0.76820093 -0.5236195 -0.3018909 -0.036845166 0.36397752 0.2282966 -0.079491615 0.04471804 -0.38144064 0.3890037 1.0653832 0.4403457 0.17631526 0.075409025 0.83810335 -0.60914284 0.053750932 -0.01936487 -0.65580577 -0.04903926 -0.3021221
179 0.05313667 -0.0101478305 -0.13129 -0.27549332 0.33814928 -0.059782125 0.49067843 -0.024294304 -0.19171356 0.28002593 0.010048618 -0.41122636 -0.029798353 0.18821868 0.17976785 0.97580993 -0.12634972 0.32819086 -0.7901939 0.8038221 0.19258508 0.44228297 1.1393403 0.14107382 -0.19263646 -0.55020875 -0.8144809 -0.2977558 0.3628765 -0.54595196 -0.76326364 -0.42893636
181 0.40148214 -0.1155189 0.09628206 -0.29535216 0.46482918 -0.1703709 0.007874998 -0.13877594 0.19022197 -0.1516909 -0.03729838 -0.6954472 0.23912533 0.0917535 -0.2595786 0.8634417 -0.24794447 0.2643477 -0.5457921 0.8633543 0.5628581 0.3599962 1.123502 0.33269957 -0.28909537 -0.7723819 -0.6949467 -0.29786903 0.5117953 -0.14462402 -0.6145788 0.14858378
184 0.051875558 -0.040039897 -0.035364326 -0.34712994 0.45094454 0.03818072 0.449927 -0.12737314 -0.14110781 0.25600433 -0.008399583 -0.4079115 0.09178344 0.11671394 0.03832958 1.110334 -0.32051408 0.20346034 -0.8600873 0.89464694 0.065199465 0.55902374 1.2427274 0.14558671 -0.37794593 -0.4706683 -0.79562956 -0.20143937 0.30964866 -0.47742346 -0.6606499 -0.4239502
185 0.4757308 0.4312986 -0.07460596 -0.2586414 0.24066159 0.06883212 0.6249167 -0.022590637 -0.29503232 0.39968818 -0.114511415 -0.6099887 -0.1599385 0.08004073 0.21583666 0.5466884 -0.14180991 -0.14169115 -0.40818575 0.008140176 -0.24172238 0.89986694 1.0748343 -0.33959183 -0.24178848 0.23939258 -0.84407276 0.1894429 0.19831824 -0.6343676 -0.46596736 -0.53744394
194 0.37820894 0.22473262 -0.19376364 -0.2807331 0.32320735 0.062370073 0.72786075 -0.056682944 -0.39343405 0.258111 -0.072522014 -0.46666506 -0.14297883 0.067469776 0.11288833 0.541536 -0.070831634 -0.10650286 -0.345271 0.106030956 -0.3841556 0.8880413 0.98515034 -0.3700124 -0.057875168 0.14567532 -0.82814467 0.11537476 0.0587813 -0.5918466 -0.49640343 -0.53674096
196 0.48923874 0.41135126 -0.093154 -0.3187409 0.15417778 0.18919739 0.7102737 0.024168162 -0.3482869 0.31642067 -0.022048334 -0.66249275 -0.18731493 0.06989365 0.15341425 0.42408532 -0.13365895 -0.27361155 -0.26970333 -0.15083918 -0.26238295 1.1698233 0.9926258 -0.43375614 -0.16032748 0.45910802 -0.7780384 0.1880853 -0.019819444 -0.60302883 -0.4435754 -0.596768
205 0.5717397 0.4269101 -0.095217675 -0.23696461 0.20463428 0.22607256 0.7140955 -0.011038345 -0.18070151 0.41447416 -0.05801665 -0.6165216 -0.17160247 0.090094954 0.18178172 0.53801364 -0.19403914 -0.3428681 -0.27148247 -0.10060969 -0.3393704 1.0285823 0.9971478 -0.3956528 -0.19340849 0.49613822 -0.8849968 0.055082377 0.0002833562 -0.66039467 -0.53166115 -0.5902908
209 0.4265783 -0.044195604 -0.16982482 -0.37408477 0.4393529 -0.07363142 0.48739448 -0.0558956 -0.13516934 -0.020735579 -0.05676497 -0.52617764 0.13169636 0.42072445 0.12393062 0.91743404 -0.22805879 0.5160258 -0.8051561 1.0546606 0.25698927 0.48359618 1.2949761 0.07708139 -0.21481384 -0.65604657 -0.7238541 -0.2181547 0.66830456 -0.42867094 -0.6270446 -0.23665273
222 -0.61442775 -0.34154162 0.27680102 -0.21091287 -0.40026 -0.020012584 0.37264824 0.08388831 -0.81950533 0.29730335 0.44160777 -0.75441366 0.13918547 0.70586765 0.47510538 -0.6466227 0.48537135 0.23275143 -0.54179597 0.052290596 0.012213702 0.817022 0.98347443 0.5829481 0.4239763 1.2153221 0.67120093 0.23851016 0.12960652 -0.24007893 0.45364952 0.40993845
223 -0.06868523 0.486592 0.30448294 0.08768899 -0.53969604 0.667363 0.5184959 0.47885692 -0.38146654 1.0851367 0.42173845 -0.81699234 -0.3646275 -0.16773504 0.096606284 0.2360101 0.3161103 0.0064732977 0.039857484 -0.23472562 0.27188858 0.9991152 0.46325585 0.1895346 0.19163716 0.8981332 -0.55456185 0.009172531 0.056638274 -0.6791185 -0.03527618 -0.20081513
240 -0.63272804 -0.41735038 0.31905413 -0.16912368 -0.3597297 -0.009907547 0.42914516 0.0988535 -0.7118675 0.21493739 0.4042538 -0.6384958 0.18511097 0.77492166 0.44002733 -0.61226076 0.3772441 0.20705919 -0.48857525 0.11940248 0.12727293 0.9301882 0.89931816 0.5516341 0.42859718 1.2525308 0.76719373 0.22162575 0.07499792 -0.22361584 0.44709343 0.4045582
242 -0.11015403 0.45102513 0.24708205 -0.026814846 -0.5181368 0.69743675 0.58870584 0.45471922 -0.56115186 1.0821058 0.5524377 -0.7507606 -0.47700942 -0.20085555 0.14278695 0.19924036 0.29928604 0.13672456 0.06353612 -0.27193415 0.29269072 1.0846254 0.41398373 0.14594446 0.2188571 0.8697147 -0.5849184 0.077585064 0.01741695 -0.65739137 -0.0051225238 -0.31624275
253 0.3468415 0.01928449 -0.023007525 -0.3189901 0.49576735 -0.022178328 0.62147355 -0.24376452 -0.15008877 -0.010241615 -0.16077481 -0.35008705 -0.043443248 0.28968462 0.27791303 0.7916486 -0.3483735 0.5718212 -0.7758918 0.73589283 0.24745989 0.5774561 1.2072214 -0.03296417 -0.26805124 -0.39614317 -0.7374553 0.023401506 0.4052279 -0.38591507 -0.67953205 -0.4222194
255 0.18099931 -0.11834495 0.3981647 0.10504566 -0.06685858 -0.54748195 -0.223194 0.17512286 0.48116967 -0.6791287 0.28491095 -0.96224356 0.34854272 -0.22430328 -0.52533233 -0.17678407 0.3572598 0.16074209 -0.034418467 0.22087935 0.6216681 0.35089377 1.1431642 0.62442744 0.03065236 -0.76325417 -1.1278062 -0.8553124 0.58805907 0.02551246 -0.9159359 1.1126205
267 -0.75924736 -0.36364886 0.2986396 -0.23318705 -0.45862046 0.09012359 0.48237914 0.063488275 -0.78820515 0.2344037 0.38705337 -0.6062963 0.29318967 0.7255128 0.48523837 -0.62302846 0.42803714 0.3947006 -0.5869763 0.23008098 0.23959534 1.1311275 0.9002885 0.70695066 0.52446204 1.208238 0.8563307 0.13584135 0.21464676 -0.13352995 0.5456373 0.49517098
271 0.6351001 -0.009099926 -0.19875678 -0.28037137 0.64146805 0.06338843 0.6262739 -0.29875088 -0.09004946 -0.09498343 -0.12876026 -0.57955104 0.011814166 0.39828822 0.25803596 0.7782389 -0.23640378 0.53368 -0.7796585 0.8621627 0.11879072 0.5509647 1.2002714 -0.06306936 -0.3628273 -0.36242688 -0.6773256 0.0751777 0.6088439 -0.39603704 -0.5934078 -0.38935256
272 0.036387466 -0.2651334 0.3560985 0.094164 -0.19461147 -0.5840535 -0.2559299 0.3542948 0.419835 -0.75968754 0.36861745 -0.93142736 0.36964256 -0.22957192 -0.5664931 -0.21448217 0.39347225 0.24693274 -0.015282753 0.24888784 0.5738297 0.354472 1.1458534 0.523842 0.09069717 -0.8040677 -1.0823311 -0.917492 0.37702718 0.029332258 -0.9029594 1.0062842
273 0.5442532 0.39212885 -0.08833327 -0.3154614 0.33135945 0.1935344 0.78054965 -0.09949533 -0.33403066 0.3591118 -0.06598802 -0.7024419 -0.21565714 -0.041397415 0.2520903 0.5507165 -0.2017866 -0.28006256 -0.35556057 -0.101031795 -0.26305917 1.1014314 1.0633016 -0.416698 -0.23369183 0.46276397 -0.91999716 0.27209234 0.04963146 -0.6389809 -0.52540267 -0.6377493
275 -0.06685178 0.5124119 0.18215513 -0.13617568 -0.5069556 0.6441097 0.5572158 0.4410734 -0.45175377 0.9225856 0.45743978 -0.5683074 -0.5040311 -0.18552251 0.09655352 0.19188811 0.2627756 0.12602828 -0.004776101 -0.241547 0.3829789 1.0969754 0.3680376 0.10062787 0.2358179 0.77484 -0.68828326 0.06201532 0.15194865 -0.5196014 -0.014411468 -0.16318808
285 0.27863786 -0.1739116 0.27291802 0.043642014 0.016528208 -0.3892005 -0.2954886 0.13723975 0.50005716 -0.25494725 0.1798356 -1.0481684 0.41812342 -0.19040889 -0.6100833 0.3310194 0.19288917 0.10705207 -0.15704869 0.4551655 0.52792245 0.27011436 1.1306669 0.5233917 -0.19349693 -0.7796068 -1.0191346 -0.8478961 0.5230853 -0.15811744 -0.86930376 0.79618543
311 -0.7475682 -0.43142915 0.38335776 -0.114881426 -0.5131593 -0.1382759 0.47259018 0.14832036 -0.83628815 0.2583927 0.47859952 -0.7302147 0.13458444 0.69873255 0.5184875 -0.68023986 0.47697133 0.33038145 -0.4918662 0.08695999 0.13834336 0.995358 0.94441515 0.53176653 0.4427379 1.2904115 0.7936155 0.28194556 0.076317795 -0.30296752 0.4313532 0.42968014
335 -0.3129373 -0.5506905 0.16505082 -0.5809277 -0.5008414 -0.090863384 0.3055446 -0.32088512 -0.40148762 0.57764804 0.35582197 -0.6744827 0.0139561035 0.68421686 0.35285607 -0.3399727 0.27244386 0.03994204 -0.5710005 -0.25667974 0.14777182 0.84543586 0.57228047 0.7435865 0.29306445 1.5827005 0.72563446 0.26276916 0.19578606 -0.12945907 0.07966827 0.5938925
374 0.026873602 -0.119722016 0.37058994 0.18419532 -0.044081513 -0.5814036 -0.13038047 0.28708923 0.40069312 -0.7130785 0.27803898 -0.7408912 0.38881645 -0.2061052 -0.4547747 -0.12361237 0.38328972 0.3553436 -0.025074651 0.29416233 0.71328545 0.3632236 1.1534907 0.538197 0.17694555 -0.9164012 -1.2435862 -0.9530884 0.40712577 -0.014693775 -0.8763234 0.99618155
431 0.041917667 -0.19544427 -0.17666748 -0.34809545 0.38420743 -0.039814178 0.4400466 -0.11733883 -0.07101126 0.1303473 0.01658706 -0.3548422 0.13653652 0.18007128 -0.060687892 1.142269 -0.10965072 0.39166006 -0.82364637 0.9183262 0.2111037 0.45514128 1.1500664 0.23852852 -0.2345026 -0.78680295 -0.80780745 -0.39329845 0.42038357 -0.43194574 -0.8113469 -0.20253122
448 -0.7900637 -0.44420865 0.45220533 0.76274616 -0.44595623 0.6327326 0.8477719 -0.646352 0.26828292 0.240881 0.060952723 -0.13872577 0.40164697 0.45712855 0.008371711 -0.6395304 0.29144216 0.4401135 -0.44048935 -0.41351536 -0.30795303 1.4794196 0.5572456 0.8126471 -0.053992394 0.94188577 0.39616418 -0.074251376 0.094378576 -0.46738094 -0.341682 0.5859882
481 0.6903899 0.330568 -0.16249709 -0.4050433 0.16260216 0.017328568 0.6783825 -0.09358251 -0.28187057 0.40946913 -0.035981975 -0.6821978 -0.15009524 0.15586093 0.049007487 0.5755601 -0.052222032 -0.43843964 -0.32009193 -0.2928112 -0.51968396 1.1022569 1.13773 -0.63593465 -0.27137053 0.5372854 -0.9470829 0.14363316 0.039095044 -0.74686384 -0.6289516 -0.5373168
492 -0.8565491 -0.622608 0.5201964 0.7162982 -0.40371463 0.60036296 0.73395896 -0.7064565 0.33263406 0.3900203 0.03524144 -0.23176448 0.36797968 0.42061517 -0.15230978 -0.50071883 0.21852325 0.2700546 -0.45440996 -0.3170154 -0.27609566 1.2965634 0.48929533 0.84301007 -0.14355214 1.0150243 0.4561887 0.063747145 0.09680122 -0.40577835 -0.34533605 0.7560605
494 0.4264954 -0.036825422 -0.21419717 -0.31969804 0.5016057 0.10479919 0.59319574 -0.18654044 -0.17883551 0.16587792 -0.060645305 -0.47198686 0.004400572 0.29019606 0.10796401 0.9100646 -0.18276015 0.46175265 -0.77594566 0.8808096 0.029423151 0.51762605 1.1495049 0.010569214 -0.3121088 -0.3752976 -0.699664 -0.047230292 0.6218532 -0.46023136 -0.61813945 -0.35484213
496 0.18674485 0.059630875 -0.07031126 -0.30940008 0.4065753 -0.17571771 0.5180656 -0.061022304 -0.26207373 0.16283819 -0.015653532 -0.45215958 -0.017342167 0.21231103 0.23474942 0.90598845 -0.20767581 0.3557328 -0.73010373 0.82078713 0.13125509 0.43163702 1.2542459 0.0029036207 -0.17076044 -0.46275595 -0.7994854 -0.13227837 0.43721953 -0.51057535 -0.60785055 -0.37795335
499 -0.6464462 -0.7773861 0.29051426 0.41203752 -0.5331498 0.42373002 0.7403308 -0.62258196 0.33362532 0.4176467 0.15351734 -0.32943118 0.31737986 0.6223542 -0.1976288 -0.39271048 0.3786221 0.08707992 -0.48028466 -0.51095986 -0.47296032 1.202555 0.4207578 0.8313446 -0.084749326 1.1255381 0.5283414 -0.17766933 0.12332726 -0.49593163 -0.41890633 0.8002154
511 -0.6195512 -0.6401303 0.44324207 0.6412066 -0.33254248 0.54990757 0.75292695 -0.6776611 0.505976 0.50937515 -0.018006569 -0.20787935 0.27543402 0.5071627 0.056303985 -0.24786147 0.20086733 0.13199344 -0.580367 -0.35779697 -0.2445872 1.0473789 0.3588941 0.7896458 -0.22995025 1.0845464 0.43756378 -0.16350919 0.11031151 -0.50609046 -0.5177363 0.5260915
513 -0.15352394 0.46091574 0.2848578 -0.18892936 -0.5840475 0.659414 0.58481276 0.52419555 -0.6128664 0.96979535 0.6073952 -0.5981002 -0.47119555 -0.08240455 0.15951025 0.18687652 0.3044987 0.14525394 0.02917978 -0.270028 0.40241373 1.1718479 0.40206307 0.1018812 0.24337013 0.8509794 -0.50331354 0.063139334 0.032623135 -0.57760113 0.06751885 -0.30506223
601 0.69408524 -0.21011691 -0.16230768 -0.4987757 0.4329335 0.020944346 0.23951761 -0.27193895 0.14562589 0.095399134 -0.0710338 -0.70303863 0.12374806 0.43751594 -0.13582866 0.9739136 -0.31205136 0.42698053 -0.7986883 0.9246281 0.34205878 0.34226808 1.1213287 0.18168852 -0.4845273 -0.48388863 -0.584197 -0.20239729 0.7762479 -0.33234257 -0.7147324 -0.031652354
603 -0.7171246 -0.36794677 0.4397757 0.77414936 -0.541935 0.5992222 0.74417573 -0.5408825 0.31862015 0.33783966 -0.026911724 -0.20053492 0.42560565 0.47193173 -0.10670406 -0.5759464 0.2638619 0.31954798 -0.42455497 -0.32107526 -0.32866058 1.3799506 0.5272554 0.7756473 -0.14919432 0.922029 0.41886625 -0.048623163 0.18011878 -0.5084059 -0.33622888 0.6244242
662 0.00095976854 -0.97130156 0.51444125 0.3952128 1.3385929 0.00026074407 0.7536996 0.513369 0.22220807 -0.8998108 1.1073415 -0.719039 -0.21979702 0.82883793 -0.36731067 -0.47711915 -0.5303378 -0.24680091 0.79886705 0.4193027 1.1189177 -0.09511477 0.5301438 0.18232064 0.72723573 0.14419542 -0.5086886 -0.4259204 0.015337714 -0.76157606 -0.4175052 0.5181321
709 -0.067693904 -1.2643478 0.62548053 -0.052603826 1.4562832 0.022938062 0.7444634 0.15302877 0.03694897 -1.234706 1.1255379 -0.65921545 -0.22447564 0.3684499 -0.5990551 -0.27319142 -0.7200369 -0.2706696 0.8402841 0.4763246 1.1192042 0.21474671 0.6700321 0.13410045 0.5419227 0.048627235 -0.7233955 -0.3235671 -0.2376424 -0.4479721 -0.4236459 0.62023896
762 0.08148418 0.024732346 -0.12048937 -0.23356605 0.34569588 -0.08630723 0.58855647 -0.0481598 -0.21598801 0.13962072 -0.005889778 -0.30476227 0.021909075 0.29072443 0.22782305 0.9451125 -0.14002451 0.31894705 -0.8583775 0.7683651 0.0790728 0.5613615 1.257551 0.016658325 -0.22601825 -0.53677154 -0.79024225 -0.25994453 0.28049624 -0.53762025 -0.7192866 -0.5399074
765 0.55209243 0.3371058 -0.16809708 -0.47909924 0.09792442 0.116928644 0.72376674 0.022881601 -0.35261446 0.5690316 0.074543655 -0.54868335 -0.30617094 0.20659207 0.13794252 0.49670482 -0.16806456 -0.33303744 -0.28809446 -0.40347415 -0.12778789 1.0213957 0.82644576 -0.46026742 -0.032565318 0.7032978 -0.7535991 0.14048514 0.0380212 -0.69201434 -0.48564985 -0.539375
771 0.5171045 0.35559145 -0.023771577 -0.4878299 0.16782436 -0.04606398 0.6573546 -0.046965502 -0.36152032 0.30270964 -0.13610709 -0.57062876 -0.1463185 0.043922115 0.22204867 0.48716065 -0.17728224 -0.37185115 -0.39539608 -0.2399793 -0.2929939 1.0179503 1.1597928 -0.42839703 -0.08060788 0.6020853 -0.8277491 0.13963926 -0.13829556 -0.5434654 -0.43468642 -0.5875564
778 -0.5944394 -0.4640595 0.34748265 0.66887456 -0.4993698 0.5279065 0.8248226 -0.64329934 0.29047537 0.383897 0.059232995 -0.32253805 0.31956953 0.501709 -0.03839012 -0.5585538 0.3599412 0.23982292 -0.4380413 -0.4766048 -0.43984035 1.3461546 0.5061055 0.76338065 -0.061772026 1.0872256 0.35846344 -0.0133085605 0.15070787 -0.49333796 -0.42036498 0.6814619
782 0.09781029 0.00064200757 0.4285638 0.046663553 -0.17748286 -0.5619437 -0.2311045 0.27979112 0.39834094 -0.7487684 0.22467689 -0.83061284 0.35278162 -0.24234577 -0.49394873 -0.15430896 0.29961663 0.23540434 -0.11126007 0.2989675 0.6725255 0.4544882 1.2189529 0.50570965 0.028002042 -0.8082471 -1.1688142 -0.8015709 0.5413085 0.063588694 -0.8794608 1.0517945
786 0.24562761 -0.28054118 0.14715192 -0.45313364 0.20294337 -0.16575158 -0.23083536 -0.18625155 0.24986064 -0.2162373 0.016540945 -0.7503416 0.35121694 -0.16669519 -0.6281291 0.82683396 -0.23795842 0.11897687 -0.5155086 0.7434636 0.5144105 0.4393298 1.1614014 0.49835676 -0.41401762 -0.81743646 -0.7761442 -0.52181137 0.50607693 0.0059397644 -0.73183703 0.38210222
791 0.04592745 -0.15569611 0.39513794 0.11240281 -0.13910605 -0.5006335 -0.24249516 0.24003005 0.43613786 -0.72787094 0.381778 -0.8954354 0.3339822 -0.33488426 -0.5927354 -0.1403189 0.37014127 0.2715091 0.02954932 0.19988978 0.7154968 0.42837435 1.178091 0.46694297 0.075863265 -0.85862523 -1.2333859 -0.90659434 0.35895562 0.014569441 -0.8793256 0.9354057
804 0.09237722 -0.9442593 0.30307847 -0.30097675 0.89422756 -0.1831561 0.39055574 -0.022294106 0.16488498 -0.9962198 0.56015325 -0.39365447 -0.025914295 0.20224883 -0.40611213 0.03518713 -0.5811288 -0.279671 0.31574744 0.54743725 0.6657879 0.07758167 0.6094923 0.1915198 0.3460015 -0.1392341 -0.53233933 -0.41726524 -0.06767676 -0.10603235 -0.48729464 0.5017823
819 -0.8544577 -0.51461583 0.6073624 0.8505315 -0.4975594 0.49453768 0.7611471 -0.6934734 0.3047424 0.5113784 0.0070630424 -0.2621054 0.28395674 0.29145193 -0.0329275 -0.6301502 0.26238704 0.28819522 -0.39858022 -0.51254666 -0.25320154 1.2681408 0.5271863 0.8036344 -0.14464007 1.0960443 0.30633172 0.044618532 0.08677702 -0.5441912 -0.4132791 0.71543497
826 -0.80131376 -0.6348802 0.40691507 0.7179517 -0.5726366 0.44473687 0.71142274 -0.57902604 0.35196844 0.48692864 0.0845022 -0.21683025 0.34852695 0.51630783 -0.071999006 -0.4712041 0.42610833 0.24536502 -0.51457304 -0.43032643 -0.4056331 1.1259749 0.5680097 0.7650293 -0.060713828 0.9999758 0.41202414 -0.15683483 0.11247751 -0.52097917 -0.43500283 0.7874937
845 -0.55431956 -0.51560307 0.12232155 -0.38579735 -0.3682396 0.10585261 0.5415716 -0.10092129 -0.63189065 0.3047207 0.44777623 -0.5497708 0.12646589 0.69928217 0.2992255 -0.39691043 0.47555777 0.26694918 -0.48179233 0.08072653 0.07534963 0.936481 0.64893156 0.7273265 0.48805404 1.2105913 0.75298005 0.17893067 0.22189875 -0.14598808 0.3433649 0.5038036
875 -0.3854107 -0.62303454 0.06403621 -0.62128854 -0.46559665 0.14298372 0.38895538 -0.28632647 -0.49800092 0.4358407 0.45053992 -0.66483206 0.031541746 0.6288785 0.24052812 -0.22311492 0.43071708 0.108234644 -0.5186713 -0.06978992 -0.027377702 0.9173165 0.5579443 0.8316468 0.32797706 1.3924674 0.6899137 0.1749219 0.18544485 -0.035991356 0.1747237 0.53670347
938 -0.22449021 0.47821477 0.29779887 -0.019726716 -0.564023 0.5730892 0.56629056 0.5324515 -0.52026486 0.98740727 0.52494013 -0.6057935 -0.47611398 -0.18648301 0.20490909 0.1976471 0.30779248 0.14418872 -0.016412858 -0.29458648 0.42104006 1.0750155 0.41358292 0.10657484 0.24882762 0.79988265 -0.6731698 0.032452323 -0.053475007 -0.58675134 -0.08374332 -0.25028256
939 -0.2073748 0.5212537 0.26458666 -0.03602832 -0.46596053 0.542711 0.61547995 0.51360893 -0.4628245 1.1065873 0.49701002 -0.614379 -0.48031023 -0.19121997 0.25394738 0.30759233 0.33707863 0.032559365 -0.063930556 -0.35502857 0.46255523 1.0126042 0.43403694 0.21348827 0.36386052 0.8838401 -0.6830577 -0.06590731 -0.02088242 -0.67314386 -0.041852683 -0.29039216
987 -0.7432507 -0.3248086 0.35272425 -0.09226472 -0.3817583 0.013434667 0.49391174 0.06948687 -0.67934865 0.22596216 0.36254346 -0.4948214 0.16039409 0.7650231 0.5000677 -0.6284871 0.38281262 0.27780724 -0.5221714 0.005430595 0.24796478 1.0207647 0.87277967 0.6431311 0.50259733 1.1688923 0.68183523 0.1625803 0.054139543 -0.15746899 0.40316597 0.417426
101 0.45540127 -0.8681066 0.28046995 0.45405594 1.5546129 0.2827588 1.003566 0.9199706 0.30691195 -0.7214038 1.3273151 -1.1744967 -0.18154998 1.160098 -0.30972978 -0.6543343 -0.44652522 -0.506697 1.2742869 0.6162145 1.04871 -0.04945192 0.49458852 0.3080869 1.1249844 0.29493856 -0.5374358 -0.70430046 0.36334866 -0.9854497 -0.30497864 0.763868
131 -0.21514775 -1.3038409 0.77726823 -0.116989784 1.3045135 -0.08300346 0.6400149 -0.007545733 0.09488919 -1.1321361 1.0273925 -0.4445351 -0.25786754 0.37749556 -0.4301076 -0.29123023 -0.9227386 -0.262305 0.64781207 0.436284 1.1147952 0.18985066 0.5977175 0.28258577 0.546419 0.21414241 -0.47982538 -0.26522556 -0.23698248 -0.39652538 -0.5320001 0.66706467
265 -0.21314864 -1.4672292 0.76749563 -0.31479287 1.3490934 -0.19875613 0.4808609 -0.15814014 0.010588033 -1.2351874 1.0217578 -0.69347054 -0.16314553 0.04165155 -0.6525044 -0.15064557 -0.9414815 -0.50638044 0.66172177 0.39053276 0.98558676 0.26530126 0.8271306 0.15083534 0.29491043 0.22193246 -0.6737596 -0.1663075 -0.40534988 -0.23175605 -0.4955864 0.7696933
751 -0.15307094 -1.3515005 0.65849245 -0.5047091 1.1486465 0.018790534 0.553722 -0.19321913 0.07528515 -1.1563604 0.8762907 -0.3305533 -0.19309235 0.16328229 -0.56178594 -0.047799934 -0.8396172 -0.19237392 0.5036074 0.5459592 1.0957294 0.35725504 0.47439203 0.35566637 0.44980738 0.09271003 -0.60674495 -0.37841547 -0.21250848 -0.1300727 -0.56093794 0.7294511
784 -0.10568209 -1.3305247 0.7300453 -0.2025887 1.3555629 -0.11220354 0.6907401 -0.20851529 -0.00045296393 -1.3820536 0.905737 -0.55027926 -0.18526812 0.10949915 -0.5351785 -0.3260029 -0.96660346 -0.3068719 0.63265336 0.4042 0.8834176 0.394681 0.7625536 0.16224681 0.40789136 0.15845205 -0.7177253 -0.19486049 -0.3218255 -0.28067377 -0.58845824 0.732941
210 0.14710563 -0.9217919 0.5513027 0.10890115 1.2969183 -0.022745885 0.64038336 0.7086874 0.058463704 -0.82993037 1.2666984 -0.9388676 -0.26083505 0.76125014 -0.2940335 -0.526805 -0.55948794 -0.37566873 1.0196639 0.38153753 1.1805462 -0.08401944 0.56034184 0.18368047 0.8795859 0.33636853 -0.48983455 -0.35179043 0.09174639 -0.6766878 -0.24942005 0.6017706
268 0.03386779 -1.4010618 0.7264249 -0.40245694 1.3123173 -0.082115 0.4746759 -0.11011768 0.21242955 -1.1237141 0.95849067 -0.7077327 -0.23242526 0.19541465 -0.58544725 -0.19879276 -0.9706911 -0.4694113 0.64009804 0.3914594 1.0119758 0.1328068 0.58963954 0.24584936 0.37877908 0.30451345 -0.63242054 -0.26568756 -0.14691839 -0.3364303 -0.5721111 0.8375894
533 0.09280357 -1.0898539 0.7200588 0.1964769 1.3380773 -0.23889014 0.4411069 0.43207157 0.17208438 -0.858637 1.1634945 -0.9448618 -0.22461465 0.5839815 -0.3341284 -0.534969 -0.77373505 -0.4276791 0.8495333 0.39168492 1.1372147 -0.21271633 0.64907414 0.20880145 0.6235757 0.35088864 -0.505579 -0.2854053 -0.008638924 -0.6429799 -0.43506753 0.69989675
779 0.14043933 -1.2134942 0.47934005 -0.12397691 1.4113796 -0.039298926 0.6484075 0.33531693 0.21219082 -1.0280584 1.1333494 -0.82031405 -0.2738733 0.7227956 -0.50530195 -0.29140568 -0.70061487 -0.46376294 0.82499313 0.47045606 1.1657147 -0.016067365 0.5749058 0.1345171 0.59021455 0.32371575 -0.4718434 -0.33527455 -0.031691294 -0.58309966 -0.3892891 0.56740683
211 0.3630016 -0.962909 0.4566451 0.31358814 1.4123031 -0.034386046 0.53169143 0.88232744 0.31921634 -0.5920587 1.3232933 -1.3403536 -0.30878407 0.9749123 -0.42538512 -0.47401172 -0.4827299 -0.6992031 1.020527 0.5118363 1.1962515 -0.37179434 0.61448044 0.20921221 0.74249715 0.4520109 -0.31172362 -0.40099898 0.29277587 -0.9323633 -0.32378694 0.7237768
