15 -0.29014948 -0.40994424 0.56184304 -0.118899636 0.5310269 -0.33790463 0.5327145 0.119579926 -0.11036849 0.064622566 0.2126581 -1.3330508 -0.043675203 0.30721974 0.2650246 0.4423106 -0.20538205 -0.44151866 -0.5023314 0.058531627 -0.46973804 0.6136024 0.3698181 0.2259037 -0.12478179 -0.26053944 -0.7458479 -0.35808846 0.20765668 -0.13621739 -0.2869195 0.56987506
17 0.34819597 -0.1196624 -0.7489767 -0.23275958 -0.03194504 0.4319518 0.23863205 0.46887404 -0.20860375 -0.45168963 0.2380499 -0.08929089 -0.14216222 0.12593259 -0.66698384 -0.4383984 0.17794974 0.6956472 -0.06022103 0.31232435 1.016791 0.7789684 0.19652334 -0.3984896 -0.22738717 0.14208591 -0.39505494 -0.14030229 0.38852805 -0.24714582 0.21833557 0.5106338
21 -0.006322285 -0.12068837 -0.1945726 0.43259045 0.23153692 0.5542417 0.42210776 0.20869605 -0.13559501 0.34101698 0.18497615 -0.05344986 0.3620074 -0.07825006 -0.48276415 -0.11002299 -0.12445991 0.5619732 -0.40451548 0.374086 0.45337027 0.8624684 0.36062512 -0.6004911 -0.416527 0.5780514 -0.5678015 -0.20533854 -0.1510647 -0.6836419 -0.37332782 -0.1280969
29 -0.10917524 -0.5746151 0.96620953 -0.061382383 0.38583806 -0.24876279 0.631389 0.31990448 -0.004752723 -0.18082789 0.3532652 -1.2807631 0.1369884 0.3665761 0.32887653 0.46406588 -0.29380953 -0.4829357 -0.6707098 0.07379141 -0.43703988 0.7137861 0.48944557 -0.06448513 -0.07201589 0.0008004774 -0.7209276 -0.76723474 -0.065953456 -0.4738448 -0.44058615 0.6015196
35 0.49941635 -0.5852004 -0.55050015 -0.48721746 -0.16416785 0.67432404 0.10177483 0.4321252 -0.08713933 -0.6811622 0.057733227 -0.2921398 -0.5214882 0.29511964 -0.60954094 -0.3163733 0.16911201 0.755683 0.044383746 0.5092616 1.4766734 0.6388055 0.3112264 -0.13618995 0.45348856 0.2839013 -0.07056685 -0.6882329 0.516591 -0.19682094 0.292381 0.31414154
39 0.3181663 -0.40077123 -0.1317273 0.05756631 -0.023801623 0.42041814 0.18569747 0.1707388 -0.0009713177 -0.42206547 0.36106724 -0.026502974 -0.21290873 0.25129402 -0.76885676 -0.5581009 0.21858628 0.53146243 0.31038782 0.10473738 1.2063498 0.5541417 0.4344466 -0.1725358 -0.16138951 0.17740558 -0.41899264 -0.08181818 0.21482547 -0.24843994 -0.08312141 0.39990294
48 -0.13982633 -0.2708165 0.660381 0.064914845 0.3285135 0.094596155 0.5862518 0.26382044 0.012575731 0.036468092 0.25040188 -1.2077806 0.23738144 0.18436591 0.2785228 0.43012613 -0.35426968 -0.47682777 -0.79840595 0.039642263 -0.24848124 0.73465043 0.54071677 -0.19521864 -0.124733284 0.063198216 -0.749081 -0.3918586 -0.07702806 -0.3933385 -0.49634057 0.44977015
50 0.5166894 -0.24734914 -1.0603304 -0.68540865 0.14124483 0.59606886 0.2922401 0.36740428 -0.2117133 -0.7098253 0.2454351 -0.120055646 -0.27167642 0.24001716 -0.66533214 -0.4050179 0.3086633 0.603326 -0.05186575 0.15362889 1.2323813 0.68835765 0.33080637 -0.4621999 0.020963263 -0.14351802 -0.42216596 -0.1357441 0.56517994 -0.32757285 0.16519879 0.593537
56 0.4566834 -0.37229562 -0.5104973 -0.57125527 -0.2888454 0.7580601 -0.036470357 0.59676296 -0.045012366 -0.42154968 -0.2471734 -0.5380173 -0.488448 0.33521235 -0.6343206 -0.10810887 -0.13824432 0.69517744 -0.0024889896 0.6914279 1.4546767 0.69395894 0.47567883 -0.07388539 0.502228 0.742845 -0.0026231117 -0.99644965 0.578885 -0.16599533 0.6287267 0.0032956975
63 0.5622076 -0.6694866 -0.30821535 -0.55666125 -0.009117208 0.72118473 -0.09500145 0.57734674 0.033926558 -0.63385046 -0.18038733 -0.62932837 -0.4326207 0.4201071 -0.6938349 -0.034090213 -0.06765738 0.7765205 0.2643996 0.5873563 1.3889765 0.67172945 0.48620948 0.010742023 0.68229145 0.84454113 0.15563543 -0.9563477 0.47551298 -0.27063853 0.60229677 -0.13625534
66 -0.42506018 -0.33569464 0.25641626 0.06075609 0.10385164 -0.6042827 0.4800553 -0.15373048 -0.6821221 0.75440985 -0.4178597 -1.1948442 -0.80155784 0.23412928 0.22392355 0.5703953 -0.16759399 0.67466754 -0.6988489 0.288641 -0.34083107 0.46804124 0.7287553 1.0245696 0.15629038 -0.34033236 -0.8152876 -0.0058747614 0.45095703 0.42617705 -0.32959247 0.40432897
79 0.0014596884 -0.21026479 0.2838062 0.47918892 0.17599948 0.3737694 0.34696966 0.17971733 -0.041735183 0.41481504 0.20430687 0.023792703 0.49388057 0.15378922 -0.41391158 -0.19745582 -0.19121297 0.5977834 -0.20571524 0.16816741 0.39075416 0.8259927 0.573742 -0.42441928 -0.47851738 0.6671568 -0.69232476 -0.2551691 -0.23382936 -0.6937347 -0.4679359 -0.23051682
80 -0.45478845 -0.34681657 0.22657761 0.03494456 0.22380008 -0.58580476 0.49641356 -0.09398876 -0.6491458 0.64949733 -0.4466137 -1.256164 -0.8127413 0.15304598 0.13579412 0.52155757 -0.12297681 0.79236066 -0.69990206 0.3124274 -0.2592405 0.5293575 0.6493706 1.0512102 0.1880346 -0.34137622 -0.7995698 0.11101079 0.5403431 0.41042238 -0.237975 0.44478273
89 -0.51831853 -0.5221559 0.2543047 0.0031902858 0.19311367 -0.66358846 0.51280916 -0.2358117 -0.8129159 0.52976453 -0.38049835 -0.9563889 -0.7405628 0.23366036 0.21590543 0.49450728 -0.09814272 0.85328877 -0.30992183 0.45831802 -0.45831424 0.31849062 0.88291883 1.0651594 0.43058476 -0.15686491 -0.6753132 0.02485475 0.38303438 0.28867713 -0.22195016 0.18857005
95 -0.01164754 -0.15289813 0.20962445 0.52681816 0.15225177 0.2842479 0.3585324 0.21199386 -0.10840707 0.40110916 0.33093268 0.002112257 0.50644916 0.1595558 -0.35941535 -0.1857065 -0.15333006 0.41886938 -0.31363842 0.28149292 0.36019164 0.90333426 0.6378504 -0.44685826 -0.6443587 0.66829056 -0.8245266 -0.3204181 -0.31977907 -0.6679513 -0.5012433 -0.09374755
102 -0.047486596 -0.3557989 0.51798517 0.40802538 0.1405567 -0.010415554 0.6838414 0.37946478 -0.28445438 0.18188865 0.38765308 -0.54503316 0.54796857 -0.013294632 -0.009249678 0.3545038 -0.27838594 -0.25456905 -0.5513375 0.30732745 -0.15101026 0.8620759 0.7719129 -0.495776 -0.12790509 0.51165813 -0.64322203 -0.3397927 -0.34783527 -0.6603896 -0.53118974 0.05049818
105 0.0076581845 -0.22926064 0.109467864 0.43954113 0.2101812 0.4043237 0.29252118 0.22904727 -0.020653216 0.32946923 0.26219583 -0.028004 0.4862613 0.11629936 -0.5041457 -0.20804723 -0.1100846 0.562887 -0.25139648 0.23091678 0.41740546 0.81602895 0.50781906 -0.49205112 -0.5059106 0.6893809 -0.66302353 -0.33174855 -0.2008492 -0.68057245 -0.45749673 -0.11584634
113 -0.44193846 -0.24970634 0.4109005 0.028551199 0.5158379 -0.20614699 0.5852782 0.17242251 -0.19181578 0.21841985 0.10578882 -1.4074109 -0.05649108 0.14917976 0.28422785 0.43267202 -0.24254762 -0.2610643 -0.8093333 0.07486834 -0.4185203 0.6933479 0.34490198 0.2256515 -0.1952507 -0.25238538 -0.8493733 -0.100583866 0.34029636 -0.020617973 -0.3455945 0.64137226
116 -0.1034171 -0.10252377 0.20822048 0.45933887 0.17668132 0.6074233 0.077388 0.19512051 0.13298343 0.23689122 0.15716648 -0.07775873 0.39337194 0.25079834 -0.71585053 -0.6805565 -0.12709707 1.0216585 -0.09951066 0.20011067 0.72007835 1.0118113 0.5006361 -0.3482365 -0.8823433 0.918121 -0.92329377 -0.31588882 -0.041962314 -0.58137816 -0.28739712 -0.059658345
118 0.44899023 -0.20232244 -1.1040962 -0.62043625 0.21940196 0.52449775 0.19094111 0.49870786 -0.21138082 -0.78948116 0.48039243 -0.028592728 -0.099177636 0.24681044 -0.845942 -0.475326 0.38447163 0.5300606 0.00495453 0.11531748 1.2025787 0.8134045 0.49638972 -0.5022592 -0.1671895 -0.0046411175 -0.6799332 -0.10316941 0.36965525 -0.49301472 0.0763066 0.56983703
119 0.44054618 -0.44795597 -0.5033268 -0.48967373 -0.17730734 0.6125103 -0.076511994 0.65761715 -0.04044603 -0.57692444 -0.107137546 -0.4679247 -0.38455972 0.35300678 -0.6583325 -0.07228523 -0.012793985 0.68359905 0.026655098 0.7476555 1.3596332 0.7296535 0.426948 -0.10448451 0.45167044 0.7965972 0.043883648 -1.0046169 0.5452432 -0.22309558 0.6921682 0.036339942
120 0.58217174 -0.49881744 -0.37058675 -0.5376529 -0.29851693 0.58542 -0.06275045 0.49540436 0.009963288 -0.46040007 -0.12527904 -0.49729204 -0.5791985 0.4127263 -0.71266896 -0.17901286 -0.09070646 0.7024942 0.14409418 0.55131525 1.4987358 0.68453485 0.42209283 0.024530629 0.48448324 0.5511399 0.0013087542 -1.1497402 0.5699268 -0.11346893 0.54132015 0.12859285
122 -0.4093353 -0.63513744 0.1103037 0.035145555 0.08438626 -0.73540735 0.48775974 -0.13410713 -0.7937527 0.6483681 -0.18500064 -0.90870214 -0.8365738 0.23224738 0.1147223 0.44665155 0.1285371 0.9151376 -0.3810308 0.45157903 -0.3750067 0.28645217 0.79477423 1.1917872 0.36305025 -0.3003743 -0.63072073 -0.0182391 0.29072204 0.31177664 -0.40835127 0.2553826
123 -0.23990093 -0.26432452 0.5325285 0.16052349 0.3709478 0.12185112 0.6972232 0.31188422 -0.18027662 0.048470233 0.32201505 -1.0298749 0.25196004 -0.0032891477 0.2682889 0.44403943 -0.31085056 -0.39279807 -0.76078343 0.15438686 -0.2777786 0.70932114 0.56993955 -0.17697752 0.0020785872 0.0626038 -0.7964401 -0.10853494 -0.11738932 -0.44062176 -0.52917826 0.36594445
132 -0.21658589 -0.29985943 0.203445 0.48276535 0.37216416 0.6932925 0.1773297 0.32515478 0.13350362 0.24885692 0.34606862 -0.06731417 0.48569643 0.22025259 -0.6670218 -0.6359691 0.037070204 1.0270877 -0.018795306 0.33930346 0.62166625 0.9324991 0.28802508 -0.32419875 -0.80444634 0.8873934 -0.77589226 -0.33820704 -0.023549683 -0.7376885 -0.21487738 -0.042169265
134 0.047160227 -0.40050605 0.526783 0.46819898 0.11482871 0.18740335 0.75281376 0.3102604 -0.34382337 0.20859979 0.35687265 -0.5159546 0.4328662 -0.06546203 0.06174816 0.40881246 -0.2803561 -0.16856128 -0.53495646 0.38604283 -0.049554832 0.79260916 0.7995089 -0.48820093 0.09799492 0.5094806 -0.5952652 -0.19245815 -0.49489406 -0.7274342 -0.66345257 -0.10662235
150 0.07554264 -0.39353433 0.43766734 0.44420356 0.12792511 0.23205924 0.7746233 0.2391159 -0.28581554 0.32492977 0.30463508 -0.4770863 0.50628376 -0.021384194 0.021433594 0.3369722 -0.27194625 -0.14055946 -0.5332858 0.29296368 -0.0596861 0.8339825 0.7633757 -0.59149307 0.008603392 0.46622506 -0.52443385 -0.2818329 -0.42205405 -0.7234143 -0.63046724 -0.06822143
153 0.35351536 -0.61724794 -0.792599 -0.46640447 0.36586887 0.80034363 0.3520256 -0.0075187813 -0.13088353 -0.8641708 0.52447194 -0.053969827 -0.31206268 0.2177706 -0.86548126 -0.65693146 0.5573493 0.72465926 0.44579697 0.055571232 1.4264735 0.6681959 0.6607503 -0.30804452 0.15395881 -0.10661908 -0.7103563 0.20163149 0.42721534 -0.3766573 -0.18723398 0.56374013
154 0.42008016 -0.43520993 -0.55161697 -0.40845624 0.25702918 0.88441736 0.29861963 -0.19951303 -0.06444251 -0.7752645 0.2149262 -0.14305776 -0.41531998 0.24181098 -0.76644576 -0.5748878 0.38241148 0.76398504 0.28314513 -0.02991517 1.4813827 0.5813472 0.69623286 -0.22869998 0.16261585 -0.099464774 -0.6583199 0.2851319 0.4166975 -0.2030373 -0.24891634 0.50903213
164 -0.40392897 -0.46862116 0.3714942 -0.052493025 0.32345572 -0.8539234 0.39443284 -0.10880616 -0.65342003 0.5785775 -0.33615556 -1.2353632 -0.73520285 0.34987804 0.14395359 0.4534939 -0.050599623 0.66844577 -0.5881406 0.21261777 -0.36486205 0.5289179 0.6995826 1.0342813 0.06171296 -0.42464378 -0.87252355 -0.052971277 0.48370144 0.3089428 -0.23440339 0.47411314
172 -0.1848997 -0.11959962 0.1528833 0.44800806 0.23446837 0.5179518 0.16341774 0.26826712 0.10609957 0.27358893 0.17799602 -0.08028091 0.5634501 0.21687646 -0.68233603 -0.61857843 -0.16834663 0.865903 -0.100589834 0.24156018 0.55744517 1.0418657 0.47608712 -0.37903038 -0.9005674 0.92149675 -0.83484167 -0.35017756 0.009136989 -0.66090196 -0.14255032 -0.06502021
179 -0.4290669 -0.284728 0.6256419 0.21757731 0.35398334 0.09158704 0.6678305 0.23469745 -0.12017099 0.14259681 0.28603706 -1.2601984 0.17176616 0.008996169 0.2779867 0.50004953 -0.30838227 -0.42906666 -0.695813 0.16597037 -0.3723013 0.7858871 0.5613134 0.03384514 -0.14186965 0.12948814 -0.868726 -0.020733133 -0.033489842 -0.18471982 -0.40122414 0.43782774
181 -0.17874408 -0.35771775 0.50840753 -0.17818889 0.41839656 -0.59806156 0.35192102 0.02592968 -0.19474217 0.17065394 0.06684004 -1.2243558 -0.24918886 0.39368454 0.18418553 0.46457598 -0.16624643 -0.19110511 -0.4868106 0.05301552 -0.38925704 0.49284276 0.45219067 0.39357924 -0.066976205 -0.32972926 -0.6560883 -0.42513248 0.269826 -0.02924483 -0.19575815 0.5803737
184 -0.2981425 -0.38686433 0.666871 0.23018439 0.43803695 -0.0105682695 0.72551084 0.32047194 -0.20744611 0.017639706 0.44874105 -1.0885267 0.3420673 0.06338662 0.33198097 0.4092743 -0.23538975 -0.4019134 -0.7329349 0.21090639 -0.3641169 0.7774495 0.5525013 -0.14827617 -0.057271264 0.022771005 -0.8522168 -0.13294858 -0.11719837 -0.50232506 -0.56441593 0.38484022
185 0.05298597 -0.26757613 0.39782596 0.42500862 0.065463625 0.084666036 0.7643141 0.24403265 -0.2346633 0.35394314 0.4146251 -0.5579748 0.40316388 0.038327318 -0.002164435 0.37489888 -0.23256251 -0.4131622 -0.49550733 0.27416438 -0.008522842 0.82779604 0.86231667 -0.5221271 -0.12199055 0.39180174 -0.5907745 -0.33679765 -0.4141752 -0.62051916 -0.5707473 0.06351559
194 0.0473088 -0.30326605 0.42014742 0.44234815 0.08802135 0.0799983 0.7742327 0.2722787 -0.32917213 0.372514 0.40172276 -0.35606658 0.5146913 -0.033001967 -0.06446068 0.33125895 -0.26811662 -0.08401335 -0.49299926 0.28740495 -0.005247976 0.8277623 0.8686007 -0.5664155 -0.05115456 0.43435648 -0.58155674 -0.28218007 -0.3956606 -0.7327339 -0.65076923 -0.028469099
196 0.16173977 -0.21969078 0.08987669 0.4998869 -0.082442075 0.27205348 0.78235054 0.44866195 -0.4426465 0.44837213 0.31410566 -0.17066106 0.5528706 -0.029569216 -0.13748845 0.40003568 -0.29484802 -0.014522986 -0.7652447 0.40791222 0.12477153 0.8717791 0.95664257 -0.672684 -0.07989324 0.6863783 -0.5841709 -0.43048984 -0.514264 -0.7946758 -0.67823213 -0.16585776
205 0.08520969 -0.27988404 0.3166027 0.53036827 -0.04434196 0.23385268 0.8218431 0.4839097 -0.43140996 0.36861256 0.39235607 -0.16094266 0.62107027 -0.03531933 -0.106386505 0.35396755 -0.26227823 -0.08912045 -0.69690686 0.34786072 0.07779335 0.9083829 1.0374264 -0.6291041 -0.08653615 0.7175631 -0.6899448 -0.33044818 -0.5360107 -0.83333576 -0.7026729 -0.15143827
209 -0.06471648 -0.30576995 0.9059902 -0.058561068 0.3251323 -0.3429069 0.5690706 0.16593798 -0.03731664 0.060829706 0.218183 -1.4797281 0.045526735 0.3453533 0.26300856 0.5834645 -0.427037 -0.61799306 -0.78350955 -0.010106146 -0.29812208 0.8428962 0.6899912 -0.07989465 -0.13440554 -0.111895666 -0.962415 -0.6162652 0.09424667 -0.26755604 -0.50927854 0.71657807
222 0.42440388 -0.46308216 -0.73513097 -0.4292532 0.19964863 0.8130746 0.37622255 -0.04104608 -0.14641632 -0.6700696 0.45009255 -0.036288925 -0.39974147 0.23510529 -0.84879917 -0.58366036 0.428692 0.57381636 0.24493623 0.08862009 1.5544235 0.5690269 0.63226885 -0.29808888 0.089555554 -0.16427909 -0.6678525 0.10029898 0.4128901 -0.33069035 -0.3220279 0.6155809
223 -0.17539509 -0.26134047 0.38103768 0.46714312 0.29218984 0.61442035 0.16082774 0.2662354 0.14893624 0.048378848 0.3290519 -0.07115809 0.5823115 0.2702189 -0.6455098 -0.6387529 -0.08479101 0.9191347 -0.019701451 0.24391526 0.5886115 0.93084705 0.46332467 -0.37298712 -0.8055676 0.9217299 -0.8158513 -0.2939728 -0.08328782 -0.6544478 -0.23569483 0.047308847
240 0.54994404 -0.46841344 -0.5332989 -0.4744056 0.2399311 0.8670263 0.35681227 -0.04479313 -0.14049047 -0.82010406 0.29285955 -0.07691078 -0.20077962 0.24763966 -0.7198202 -0.55330837 0.3247075 0.60550076 0.36126685 -0.08001831 1.4361647 0.5925186 0.7684837 -0.36912158 0.15408461 0.029255882 -0.62490886 0.33400545 0.2950642 -0.2714356 -0.29675406 0.52549183
242 -0.110986985 -0.3971328 0.3113135 0.46403745 0.38522667 0.6116089 0.11846414 0.4034341 0.2884608 0.18743348 0.2490913 -0.21774158 0.5510149 0.3124261 -0.5438619 -0.70471936 -0.027612269 0.93966377 0.05993053 0.2679277 0.5065657 0.87725717 0.35341293 -0.2014564 -0.7983176 0.96973634 -0.6604531 -0.4692277 -0.10553388 -0.7347519 -0.19140133 -0.10996875
253 -0.033363856 -0.56011164 0.836292 0.058105774 0.56903094 -0.23571464 0.6241645 0.34992477 -0.045922626 -0.27413216 0.5092946 -1.2275358 0.26357475 0.26897657 0.20421803 0.44889963 -0.25883391 -0.6076105 -0.46222278 0.134604 -0.35768047 0.7228936 0.5133013 -0.20371936 0.0034152933 0.0497695 -0.80738616 -0.55339164 -0.108316876 -0.53944176 -0.45841515 0.5687454
255 -0.4651257 -0.7162874 0.45740628 0.05383712 0.27097374 -0.5263756 0.43286288 -0.18787162 -0.7592085 0.45696175 -0.26301306 -1.0904506 -0.79998803 0.11103456 0.18131343 0.5165484 0.08923474 1.0700413 -0.37887764 0.45839518 -0.42636862 0.33032903 0.83653975 1.2222602 0.56370604 -0.13590197 -0.764609 0.11337883 0.35313097 0.26250917 -0.46520877 0.2371863
267 0.5419597 -0.5375996 -0.66671807 -0.34960264 0.1940262 0.69777405 0.43305665 -0.11451009 -0.21703401 -0.6453431 0.2592991 0.016144976 -0.27494928 0.25249323 -0.90247345 -0.58971703 0.30837047 0.59036887 0.36891925 0.028169677 1.5597119 0.6733616 0.7712501 -0.3820391 0.0734457 -0.10238927 -0.61196834 0.17679201 0.502663 -0.26345173 -0.20327713 0.6173256
271 0.021549013 -0.3007456 0.7742726 -0.023718152 0.33944544 -0.25806963 0.5852265 0.27181163 -0.019619053 -0.012461616 0.31909195 -1.2907226 0.09532215 0.29505435 0.17060399 0.5207581 -0.4014479 -0.66957724 -0.53679585 0.005486987 -0.27589867 0.74669874 0.76098853 -0.14010718 -0.08674753 0.04541297 -0.86308116 -0.5594111 -0.097169444 -0.38698232 -0.5649097 0.51174706
272 -0.52665997 -0.64777815 0.22869976 0.068118155 0.2939849 -0.6705119 0.49810073 -0.08773937 -0.7508351 0.57768077 -0.36863047 -1.2115506 -0.88672084 0.18042105 0.07739963 0.5136432 0.08032057 0.9575778 -0.43913457 0.5664324 -0.39870515 0.39962026 0.7571159 1.298558 0.43611497 -0.24412756 -0.7520061 0.10378473 0.41869128 0.33769774 -0.30389208 0.30529216
273 0.14962593 -0.23595168 0.054338075 0.5013802 0.0026214735 0.14074083 0.80038273 0.4715669 -0.54183316 0.44216764 0.4132672 -0.12244846 0.63741285 -0.21774806 -0.19136474 0.5943673 -0.2184454 -0.04012988 -0.64720684 0.40975988 0.06194174 0.8933227 1.0033635 -0.6596243 0.079428695 0.57162845 -0.57736427 -0.2562286 -0.46004793 -0.8226413 -0.6399333 -0.18914157
275 -0.20925999 -0.07957726 0.05308367 0.5507503 0.17057402 0.6982283 0.19674104 0.2526791 0.104812115 0.37764364 0.24561943 -0.045052893 0.4298497 0.22400922 -0.68584263 -0.7105758 -0.056265276 0.8394659 -0.23312008 0.34576073 0.81013954 1.0505744 0.4025534 -0.38272107 -0.9848995 0.8163991 -0.8447043 -0.3200045 -0.033548716 -0.60967225 -0.166955 0.05249058
285 -0.4378232 -0.36754683 0.3464136 -0.013762659 0.17148344 -0.63599557 0.51014 -0.17846616 -0.65721995 0.5063107 -0.32226455 -1.1769768 -0.76082224 0.18496759 0.17024997 0.5480024 -0.09410953 0.7179304 -0.71607614 0.23947625 -0.36547315 0.44248897 0.7859393 1.0368634 0.17191719 -0.34260255 -0.97152597 0.04346287 0.4601305 0.40820745 -0.46171328 0.6003824
311 0.5530878 -0.41161388 -0.6842816 -0.44600362 0.16627966 0.8266504 0.39108628 -0.19476816 -0.2504159 -0.6712525 0.13265347 -0.012893599 -0.40746474 0.2517433 -0.89679015 -0.55290806 0.24967308 0.6704597 0.17133299 -0.08258867 1.5464816 0.5615673 0.819117 -0.3548685 0.14917858 -0.13971521 -0.63916487 0.24123718 0.48226216 -0.26375037 -0.27441207 0.6136166
335 0.5777693 -0.06503886 -1.1510649 -0.68934447 0.063680895 0.42767477 0.26074752 0.37344852 -0.33728272 -0.8069446 0.2856797 -0.09466148 -0.26495576 0.24146031 -0.84707886 -0.4307104 0.31501964 0.41802773 -0.14237398 -0.001019658 1.3712124 0.81656766 0.5926669 -0.5031602 -0.19099113 -0.14705262 -0.7372324 0.048491053 0.47426412 -0.23801252 0.08974012 0.7925801
374 -0.49256146 -0.73123324 0.23292671 0.030451162 0.21973962 -0.69430065 0.42366272 -0.07155138 -0.7567448 0.5813399 -0.19426794 -1.084819 -0.8477444 0.20902236 0.099664666 0.54027027 0.14146908 1.0311143 -0.3469185 0.5523799 -0.37123266 0.2203578 0.7252418 1.3064485 0.47184142 -0.23915628 -0.66788906 -0.059900142 0.30386487 0.24879803 -0.44220334 0.30491576
431 -0.41139704 -0.35582823 0.552439 0.13379309 0.5794817 -0.023184147 0.69404805 0.23401126 -0.1698037 0.022129593 0.259816 -1.3852922 0.09151319 0.02346803 0.2900487 0.57107365 -0.30629352 -0.42635524 -0.91798943 0.19391538 -0.35061228 0.7587327 0.34724396 -0.02836548 0.038504537 -0.13938896 -0.8627451 -0.17623037 0.15079486 -0.33372077 -0.40556592 0.55936396
448 0.49859187 -0.4233916 -0.46627015 -0.5496625 -0.13391754 0.65158814 -0.06358845 0.6100792 -0.014110476 -0.452172 -0.19343008 -0.5581965 -0.43036243 0.35823682 -0.687662 -0.13082013 -0.030157907 0.83020616 0.107362226 0.6540107 1.3923918 0.68597 0.38734356 7.591862e-05 0.45825347 0.72669137 0.04836774 -0.8936299 0.57728636 -0.16103832 0.619938 -0.026796876
481 0.110677555 -0.19027738 0.13816367 0.54824495 -0.1552322 0.2964841 0.8278986 0.35202742 -0.42867887 0.49795565 0.27867746 -0.2115395 0.40013397 -0.109334245 -0.055854406 0.48257726 -0.3089973 -0.15318848 -0.8455434 0.48744974 0.18667628 0.91762745 0.9019035 -0.75414765 -0.0031025568 0.5332073 -0.5830441 -0.42509165 -0.45779657 -0.7256577 -0.6652735 -0.05950848
492 0.4331973 -0.5403111 -0.49469486 -0.4527014 -0.23391998 0.672533 -0.0008675717 0.564901 -0.062182162 -0.43457726 -0.18747905 -0.49175575 -0.51055664 0.2686056 -0.70393187 -0.04277335 -0.0749646 0.68213826 0.08911006 0.69668 1.3893182 0.6748829 0.43812096 -0.074650384 0.59139585 0.675203 0.025124796 -0.96140796 0.5603372 -0.21939766 0.62461543 0.00013573669
494 -0.080964305 -0.37830943 0.6306557 0.07314278 0.36468172 -0.09989788 0.6834231 0.289384 -0.032912526 -0.022100847 0.4202501 -1.063565 0.197232 0.23699729 0.20501259 0.42878726 -0.2464108 -0.6591044 -0.70405555 0.080763735 -0.31755045 0.7789521 0.62559104 -0.22550577 -0.17258354 0.066735804 -0.8103884 -0.54808336 -0.05487424 -0.41270763 -0.6006827 0.5734192
496 -0.14676337 -0.36710706 0.8106894 0.1201744 0.53879297 -0.077450275 0.700052 0.299417 -0.13909765 -0.07932259 0.35048816 -1.2285929 0.28876626 0.06300411 0.25241542 0.5399784 -0.352363 -0.48981234 -0.64601004 0.108168475 -0.3063506 0.8967725 0.5992489 -0.2770175 0.019343032 0.065515004 -0.9362023 -0.15294202 -0.0546407 -0.5231673 -0.5819014 0.43156284
499 0.53575844 -0.31096345 -0.6860548 -0.613484 -0.18155418 0.61588335 -0.060248718 0.6496862 -0.07950391 -0.5011867 -0.14430667 -0.47435215 -0.40782064 0.31196782 -0.73626685 -0.027522372 -0.008570673 0.7036444 -0.128476 0.60933673 1.3790984 0.77922523 0.3628756 -0.15204646 0.41395015 0.5884683 -0.10557029 -0.88282084 0.51282585 -0.20145427 0.5802817 0.070561945
511 0.58125776 -0.5102838 -0.5039175 -0.548701 -0.1377172 0.54646975 -0.033392265 0.634273 -0.033920348 -0.62706095 -0.0033984038 -0.40751314 -0.4273098 0.36614147 -0.6835174 -0.096901 0.09144549 0.6210379 0.060982853 0.59690267 1.4284886 0.6419477 0.44369888 -0.07236845 0.407115 0.6042127 -0.058369417 -0.95521826 0.4886796 -0.2055258 0.47367 0.118081555
513 -0.19816332 -0.2564694 0.1220001 0.50887525 0.37986645 0.41668153 0.09340338 0.22385918 0.19715346 0.26734543 0.3368489 -0.07898852 0.44628948 0.25926402 -0.6601562 -0.65652543 -0.0017995418 0.8661358 -0.01347386 0.28215674 0.57574654 0.98939276 0.3252407 -0.252357 -0.97999954 0.79479116 -0.80958796 -0.39532897 0.008842542 -0.6981333 -0.16530624 0.013362415
601 -0.14871708 -0.3234854 0.62144434 -0.15021141 0.35761937 -0.49471375 0.6370709 0.27267116 -0.17672208 -0.066864625 0.30626655 -1.3465532 -0.12403889 0.39615822 0.20688294 0.44813472 -0.30632275 -0.6817815 -0.72484 -0.005739296 -0.3739256 0.6530723 0.52003527 0.051649496 -0.3356377 -0.3376446 -0.97510695 -0.6120378 0.14331885 -0.14819062 -0.3417006 0.8678119
603 0.49517485 -0.62377703 -0.35353547 -0.6046534 -0.22057004 0.74293196 -0.041741878 0.5876002 -0.002855377 -0.647092 -0.12811027 -0.5232378 -0.44053945 0.3418887 -0.57813394 -0.11011433 -0.037426643 0.7893018 0.13867752 0.65866613 1.3981373 0.62909347 0.44822258 -0.022039926 0.69079745 0.6757072 0.027623577 -0.97521937 0.5478632 -0.16879596 0.57193536 0.009429403
662 -0.46523115 -0.62666273 -0.46513677 -0.7337953 -0.018184062 0.15913348 1.4329854 -0.099831946 -0.98873174 0.48157236 0.00995393 -0.7985531 -0.31421363 1.1824776 1.1486169 -1.0066848 -0.006300013 0.26073742 0.664654 -0.15403056 -0.4202676 0.54919535 1.2481831 0.804323 -0.07383367 -0.023647761 0.13174869 0.09350065 0.115479834 -0.031803913 0.61288285 -0.16114467
709 -0.50963473 -0.8268507 -0.7420772 -0.7086943 0.087662324 -0.062346373 1.4281204 0.004274161 -1.1075006 0.49131715 0.34363943 -0.73211735 -0.49462056 1.0330149 1.0659823 -0.7267205 0.3121786 0.22425102 0.65952253 0.035967693 -0.49854252 0.38851583 1.1254947 0.8420938 0.109012455 -0.2757097 0.123870365 0.06108646 0.07051203 -0.14778928 0.49678338 -0.09648636
762 -0.26874742 -0.3941978 0.73899484 0.10318388 0.5049294 -0.041668706 0.6401866 0.24501242 -0.1840046 -0.037263088 0.32510754 -1.1782191 0.32497677 0.09129001 0.38142803 0.3642471 -0.32189202 -0.37499472 -0.5956732 0.13750474 -0.3726855 0.7762181 0.56851155 -0.11399339 0.07105183 0.072885655 -0.80760765 -0.0280454 -0.0940829 -0.46964365 -0.43871605 0.27516186
765 0.1737456 -0.27503803 -0.06879518 0.38085803 0.03665619 0.3478313 0.8113007 0.4023435 -0.4368192 0.32242844 0.38773495 -0.06833734 0.585272 -0.12076484 -0.114881314 0.31493834 -0.18450521 0.023179779 -0.6745428 0.35151565 0.22622594 0.895199 0.82631004 -0.81719893 0.03965406 0.61869615 -0.46573853 -0.43512025 -0.4512651 -0.88806206 -0.69063556 -0.14131868
771 0.14288856 -0.18226553 0.1989549 0.5561632 -0.13141957 0.18755996 0.9092047 0.36429977 -0.47760457 0.48690772 0.4313061 -0.18600993 0.51860106 -0.065872096 -0.12120193 0.4420372 -0.29510278 -0.21568637 -0.7337895 0.37079597 0.21077083 0.8977901 1.0629557 -0.7217765 -0.05754701 0.52242637 -0.6292201 -0.41348106 -0.52397084 -0.78699064 -0.7257462 -0.07105866
778 0.44398287 -0.5763754 -0.41556367 -0.49422315 -0.09797736 0.648199 -0.055987544 0.54029316 -0.03397199 -0.5750704 -0.14131229 -0.5614768 -0.5017565 0.3434278 -0.6866937 -0.0933548 0.0005527251 0.7408448 0.028414704 0.70965874 1.4286472 0.6583954 0.35625702 -0.03694063 0.5299071 0.62403035 0.044927802 -0.9524546 0.60362715 -0.23345742 0.5987113 0.07792088
782 -0.5353523 -0.6134467 0.29533544 0.06351686 0.2880872 -0.59759384 0.47893792 -0.2615943 -0.76714087 0.61063623 -0.39823154 -1.1734405 -0.979795 0.18384884 0.115042664 0.51306653 0.026595866 1.0780089 -0.39737734 0.5107707 -0.29268768 0.37546363 0.8169223 1.2422973 0.41026 -0.25389203 -0.8090564 0.1662023 0.45801482 0.3324195 -0.36294577 0.27218318
786 -0.35311076 -0.23312326 0.22668846 0.011539858 0.38427934 -0.72288203 0.45130798 0.0149099035 -0.4656388 0.5754311 -0.055179123 -1.1569917 -0.40514797 0.22921373 0.15051092 0.57605815 -0.1546076 -0.02938948 -0.8552671 0.22502485 -0.3594058 0.64980435 0.31271452 0.36381066 -0.2245348 -0.46960258 -0.85446286 -0.28578973 0.4515899 0.04686564 -0.21554561 0.5742752
791 -0.640354 -0.7794447 0.44662496 0.041370787 0.45192698 -0.6139878 0.4463285 -0.2773683 -0.73463213 0.49660388 -0.2502513 -1.2458531 -0.96386456 0.21104884 0.20772773 0.5125892 0.081687644 1.1039592 -0.232127 0.52838475 -0.39818865 0.3976629 0.7804106 1.3182684 0.49451602 -0.21498038 -0.78921145 0.107593596 0.4859174 0.2332918 -0.36970723 0.2821075
804 -0.32368773 -0.6642383 -0.39450726 -0.40713945 0.044699006 -0.42621645 1.0002968 -0.062471367 -0.8447045 0.36309963 0.29642493 -0.56650954 -0.49291995 0.7113352 0.68812 -0.23605216 0.15814723 -0.09031363 0.41563082 0.14908485 -0.4820297 0.16795367 0.91262007 0.74645936 0.19949326 -0.30294454 -0.062630154 -0.16142362 0.0699697 0.012490535 0.19982775 0.0600006
819 0.5186036 -0.47097877 -0.48310882 -0.5867556 -0.11598486 0.75757277 -0.030426363 0.5147682 0.014017658 -0.5196385 -0.22107433 -0.68161774 -0.5914136 0.40762842 -0.7266753 -0.12566213 -0.116665915 0.72851217 0.069025755 0.65040296 1.5532643 0.7432439 0.3503299 -0.061107714 0.4891677 0.6008788 0.011169357 -1.0550162 0.6936817 -0.20007539 0.7361175 0.113311276
826 0.5714787 -0.54468596 -0.32631862 -0.60005856 -0.17191918 0.8219472 -0.026315944 0.47883686 0.05167323 -0.54216945 -0.20841639 -0.51297057 -0.40301272 0.45699632 -0.64498246 -0.176069 -0.12902352 0.79082745 0.14271903 0.5224076 1.4716984 0.6649489 0.43931615 -0.09285598 0.54264575 0.61916596 0.009031865 -1.025959 0.5501404 -0.22291985 0.53484297 -0.007221206
845 0.52899593 -0.38872233 -0.85283065 -0.5838968 0.24786763 0.7975725 0.39085752 0.10249697 -0.24295309 -0.75978965 0.30777287 -0.06735958 -0.26793677 0.21841905 -0.84457064 -0.4546505 0.35141098 0.66021115 0.10441383 0.03467168 1.4608979 0.63516045 0.55195063 -0.44947 0.09964012 -0.13197891 -0.5724573 0.17736146 0.5049596 -0.35537097 -0.18090294 0.6684344
875 0.48263666 -0.1244569 -1.155202 -0.75614107 0.28246194 0.65950954 0.31061912 0.3876056 -0.29952407 -0.8127959 0.23111506 -0.21743388 -0.1987961 0.28449565 -0.73780155 -0.46696663 0.36910015 0.57893366 -0.14588031 0.032699507 1.2940291 0.72148716 0.47771022 -0.5157519 -0.16743281 -0.20599851 -0.67649287 0.14311635 0.49060345 -0.3082206 0.13268521 0.7097301
938 -0.18581103 -0.17789355 0.16728574 0.46972957 0.3056067 0.61259097 0.17215027 0.38501608 0.23239346 0.3864736 0.39662716 -0.17228663 0.47520494 0.27024865 -0.7027087 -0.6156072 -0.030054357 0.75992537 -0.18283254 0.33938676 0.71378905 0.9513327 0.333209 -0.35066622 -0.9482784 0.80440164 -0.85311276 -0.48886308 -0.117779925 -0.71650875 -0.24408941 -0.0021372112
939 -0.1746832 -0.23934753 0.22620289 0.46343562 0.2791509 0.667604 0.15471724 0.29744092 0.16786969 0.14691246 0.3201586 -0.12112208 0.4941029 0.22168851 -0.5973169 -0.6359189 -0.02862902 0.88277364 -0.036995705 0.31418663 0.60115606 0.95451236 0.2783101 -0.34270227 -0.8050932 0.8622469 -0.7892998 -0.41547167 -0.06833313 -0.659708 -0.21474688 0.005965983
987 0.47324863 -0.571826 -0.71627694 -0.41565105 0.36874458 0.80004126 0.37978196 0.038258597 -0.18103327 -0.74625427 0.36889133 -0.029909601 -0.17371595 0.24889928 -0.8521859 -0.51952744 0.36278105 0.69017845 0.3809922 0.101288 1.4476919 0.6353402 0.6453596 -0.37516522 0.12514222 0.00644685 -0.57535005 0.26395336 0.43799186 -0.38042867 -0.19591877 0.5146909
101 -0.46930188 -0.32137343 -0.47215775 -0.7804683 -0.412025 0.3643669 1.5557091 -0.010848612 -0.95094687 0.721457 -0.18033768 -0.6844656 -0.12906888 1.422054 1.2269248 -1.4561436 -0.24699754 0.20564486 0.58046854 -0.3543581 -0.19060858 0.7351076 1.5706792 0.7302632 -0.60162216 0.15229025 0.1400119 0.035563987 0.03374835 0.13802657 0.7591132 -0.1651278
131 -0.37867737 -0.94030124 -0.7511974 -0.7324129 0.09899791 -0.1770809 1.4622582 0.047829002 -1.2352985 0.36302543 0.3817824 -0.60702413 -0.418246 0.94061786 1.055442 -0.524908 0.32168344 0.11135321 0.6797012 0.12323574 -0.49496174 0.34030282 1.243772 0.78906596 0.35169438 -0.2645234 0.19961497 -0.029356305 -0.013218552 -0.17514348 0.45004106 -0.09718539
265 -0.3441577 -0.8427956 -0.8281165 -0.42663458 -0.021602344 -0.5115653 1.4383242 0.039221533 -1.2748959 0.6411134 0.54603666 -0.5175794 -0.6442584 0.938444 0.8886686 -0.39519364 0.40421534 -0.0025177044 0.64360034 0.37017754 -0.4303028 0.24246915 1.3194064 0.9411291 0.21874392 -0.34912932 0.0928794 -0.14034441 -0.05167512 -0.11856835 0.3208279 -0.08197626
751 -0.42414337 -0.9490341 -0.7477199 -0.48778918 0.017723676 -0.4423331 1.3254409 0.067676745 -1.2752208 0.52692187 0.44858342 -0.5742408 -0.621332 0.7848253 1.0426618 -0.33585325 0.3990995 0.15546145 0.3865772 0.32332644 -0.50301707 0.31597817 1.0169878 0.86657697 0.43504047 -0.34719643 0.18082316 -0.24061395 -0.010432476 -0.19270863 0.25568295 -0.037170075
784 -0.32352072 -0.93398035 -0.82832026 -0.6817611 0.13309783 -0.33795357 1.446265 0.04175924 -1.2612785 0.48791796 0.43891782 -0.53847563 -0.51060116 0.94539624 0.9593833 -0.43777764 0.3631849 0.0768407 0.6045615 0.17798619 -0.48459625 0.30078012 1.1705334 0.81147057 0.2620579 -0.36313733 0.12195653 -0.06614136 0.024843505 -0.16906546 0.32903028 -0.07216212
210 -0.5371263 -0.4690928 -0.5551551 -0.87001556 -0.1715152 0.27746427 1.4748968 -0.034675643 -0.9156984 0.565091 -0.013747257 -0.79031414 -0.22639243 1.2452146 1.0788506 -1.0942317 -0.046023406 0.14762124 0.6159316 -0.3135163 -0.38363692 0.59340376 1.4042393 0.7862512 -0.29973158 -0.045392394 0.033250563 0.09911527 0.11240594 0.0753207 0.6844051 -0.08433749
268 -0.3801283 -0.7581598 -0.96101725 -0.73549867 0.0056491513 -0.3145047 1.4695289 0.07087748 -1.3318079 0.5684875 0.32154587 -0.6057786 -0.49102443 0.91446674 1.0383286 -0.44387722 0.22646697 0.047859162 0.44068646 0.13393909 -0.5177944 0.38077414 1.2162641 0.73898554 0.26248062 -0.34770975 0.18003498 -0.14174196 0.12806745 -0.15446924 0.47145805 -0.06474362
533 -0.27760938 -0.5341849 -0.603063 -0.77043295 -0.22826104 -0.05969596 1.4789734 -0.078068994 -1.2607989 0.5046171 -0.07905471 -0.68000436 -0.3278114 1.0830953 1.0754418 -0.7700124 -0.10913513 0.14603034 0.59107095 -0.070975214 -0.39988485 0.5924962 1.5764517 0.75874436 0.05860559 -0.031428907 0.10799758 0.09118946 0.01693009 0.10233028 0.6117724 -0.2398591
779 -0.56912214 -0.51148796 -0.6998009 -0.7666012 -0.09416179 0.0077567324 1.4352105 0.00021449548 -0.97963226 0.641992 0.24216236 -0.8078286 -0.4358349 1.1351802 1.0006024 -0.9031249 0.14392522 0.09130925 0.62250715 -0.10682477 -0.40678623 0.4818361 1.273174 0.896124 -0.25803384 -0.24605583 -0.024576891 -0.007206995 0.07510083 0.011702241 0.63223654 -0.044633694
211 -0.55785763 -0.31494156 -0.51736325 -0.95318604 -0.17248192 0.4696767 1.5112913 -0.2765057 -0.85768837 0.6698548 -0.3261205 -0.9568315 -0.2606573 1.3138467 1.1437507 -1.2154909 -0.27679846 0.33166626 0.6011968 -0.4848978 -0.39738292 0.65586716 1.5155605 0.7371204 -0.24725127 -0.05232022 0.0102653485 0.180983 0.19117738 0.12282069 0.61402416 -0.18056841
