1 3
1 8
1 9
1 12
1 19
1 29
1 30
1 33
1 34
1 35
1 38
1 43
1 48
1 54
1 56
1 61
1 65
1 73
1 75
1 78
1 79
1 81
1 86
1 87
1 88
1 93
1 95
1 99
1 100
1 103
1 113
2 3
2 18
2 20
2 21
2 22
2 30
2 33
2 35
2 37
2 38
2 42
2 45
2 48
2 53
2 65
2 68
2 69
2 73
2 81
2 88
2 89
2 98
2 102
2 108
2 109
2 113
3 8
3 9
3 12
3 15
3 18
3 21
3 30
3 33
3 34
3 36
3 37
3 38
3 40
3 42
3 43
3 48
3 53
3 54
3 56
3 62
3 65
3 72
3 73
3 75
3 79
3 86
3 89
3 98
3 100
3 102
3 104
3 108
3 109
4 6
4 8
4 9
4 30
4 33
4 38
4 57
4 113
5 23
5 28
5 57
5 109
6 9
6 16
6 19
6 30
6 38
6 39
6 42
6 58
6 68
6 69
6 71
6 87
6 96
6 99
6 100
6 104
6 106
6 113
8 9
8 13
8 18
8 19
8 21
8 22
8 30
8 33
8 34
8 37
8 38
8 42
8 43
8 48
8 56
8 58
8 61
8 63
8 65
8 68
8 72
8 73
8 79
8 81
8 86
8 90
8 91
8 96
8 98
8 100
8 102
8 108
8 109
8 113
9 11
9 12
9 13
9 18
9 19
9 20
9 27
9 30
9 31
9 33
9 34
9 35
9 36
9 37
9 38
9 40
9 42
9 43
9 44
9 49
9 51
9 56
9 57
9 59
9 61
9 62
9 65
9 66
9 68
9 73
9 75
9 78
9 79
9 82
9 85
9 87
9 88
9 89
9 96
9 97
9 98
9 102
9 103
9 104
9 108
9 113
10 33
10 54
10 81
10 93
10 108
11 16
11 27
11 30
11 31
11 33
11 38
11 42
11 44
11 55
11 65
11 68
11 72
11 85
11 88
11 109
12 18
12 22
12 23
12 30
12 33
12 34
12 35
12 41
12 42
12 43
12 44
12 46
12 48
12 49
12 51
12 53
12 57
12 62
12 65
12 68
12 70
12 72
12 73
12 79
12 87
12 88
12 89
12 93
12 97
12 98
12 102
12 103
12 104
12 108
12 113
13 19
13 30
13 36
13 38
13 48
13 70
13 88
13 108
14 16
14 21
14 30
14 33
14 35
14 38
14 41
14 55
14 58
14 60
14 68
14 91
14 102
14 104
14 108
15 22
15 30
15 33
15 42
15 79
15 81
15 93
15 109
16 18
16 39
16 41
16 44
16 47
16 65
16 90
16 98
16 102
16 103
16 108
17 26
17 57
17 66
17 93
17 99
17 103
17 113
18 34
18 36
18 43
18 48
18 49
18 57
18 68
18 78
18 79
18 82
18 88
18 89
18 98
18 102
19 22
19 26
19 30
19 37
19 48
19 54
19 56
19 61
19 66
19 68
19 71
19 87
19 97
19 108
20 30
20 33
20 36
20 38
20 42
20 65
20 73
20 108
20 112
21 23
21 30
21 33
21 38
21 41
21 42
21 51
21 56
21 60
21 61
21 65
21 73
21 93
21 98
21 108
21 112
22 24
22 29
22 30
22 36
22 43
22 56
22 57
22 58
22 61
22 63
22 66
22 113
23 24
23 29
23 30
23 33
23 36
23 38
23 40
23 41
23 42
23 48
23 49
23 51
23 55
23 56
23 70
23 71
23 73
23 82
23 88
23 102
23 106
23 108
24 38
24 106
26 29
26 30
26 33
26 38
26 41
26 42
26 44
26 48
26 55
26 60
26 65
26 66
26 71
26 82
26 89
26 91
26 94
26 102
26 108
26 109
27 30
27 38
27 56
27 102
28 36
28 42
28 43
28 54
28 55
28 96
28 106
29 30
29 33
29 37
29 40
29 48
29 55
29 58
29 82
29 88
29 93
29 99
29 102
30 31
30 33
30 34
30 35
30 36
30 37
30 38
30 39
30 40
30 41
30 42
30 43
30 44
30 45
30 47
30 48
30 49
30 50
30 53
30 54
30 55
30 56
30 57
30 58
30 60
30 61
30 65
30 66
30 68
30 69
30 71
30 72
30 73
30 78
30 79
30 80
30 81
30 82
30 85
30 87
30 89
30 90
30 91
30 93
30 94
30 95
30 98
30 100
30 102
30 103
30 104
30 106
30 108
30 109
30 112
30 113
31 33
31 37
31 62
31 100
33 34
33 35
33 36
33 37
33 38
33 39
33 40
33 42
33 44
33 46
33 47
33 48
33 50
33 53
33 54
33 55
33 56
33 58
33 59
33 60
33 65
33 66
33 68
33 69
33 71
33 72
33 73
33 75
33 78
33 79
33 81
33 87
33 88
33 89
33 94
33 98
33 99
33 100
33 102
33 103
33 104
33 106
33 107
33 109
33 112
33 113
34 36
34 38
34 42
34 43
34 48
34 49
34 55
34 56
34 61
34 62
34 68
34 73
34 78
34 81
34 86
34 87
34 89
34 97
34 99
34 102
34 106
35 36
35 38
35 42
35 50
35 66
35 72
35 78
35 85
35 95
35 100
35 108
36 38
36 40
36 41
36 48
36 55
36 65
36 66
36 69
36 71
36 72
36 82
36 88
36 96
36 100
36 108
36 112
36 113
37 38
37 39
37 40
37 42
37 45
37 48
37 53
37 56
37 57
37 65
37 88
37 97
37 98
37 102
37 104
37 108
37 109
37 113
38 40
38 41
38 42
38 43
38 45
38 48
38 49
38 53
38 57
38 59
38 62
38 65
38 72
38 73
38 79
38 80
38 82
38 85
38 87
38 88
38 89
38 95
38 97
38 98
38 102
38 104
38 108
38 112
38 113
39 42
39 44
39 79
39 81
39 82
39 89
39 90
39 103
40 42
40 48
40 51
40 55
40 56
40 65
40 66
40 68
40 71
40 72
40 88
40 89
40 97
40 100
40 102
40 104
40 108
40 113
41 49
41 56
41 60
41 65
41 70
41 85
41 86
41 87
41 98
41 102
41 108
41 109
42 43
42 45
42 48
42 53
42 55
42 56
42 57
42 58
42 59
42 61
42 65
42 66
42 69
42 72
42 73
42 79
42 85
42 88
42 89
42 94
42 95
42 96
42 97
42 98
42 102
42 104
42 108
42 112
42 113
43 45
43 46
43 49
43 51
43 53
43 56
43 62
43 65
43 78
43 79
43 86
43 87
43 88
43 96
43 97
43 98
43 102
43 108
44 57
44 58
44 100
44 103
44 109
45 47
45 48
45 51
45 59
45 65
45 68
45 70
45 72
45 75
45 85
45 86
45 93
45 94
45 104
45 113
46 54
46 62
46 75
46 86
46 87
47 48
47 51
47 66
47 89
47 94
47 95
47 100
47 113
48 49
48 55
48 58
48 61
48 62
48 65
48 73
48 75
48 78
48 79
48 85
48 86
48 88
48 89
48 90
48 94
48 99
48 100
48 102
48 104
48 108
48 109
48 112
48 113
49 62
49 72
49 73
49 75
49 81
49 82
49 89
49 104
49 108
50 60
50 65
50 81
50 87
50 93
50 96
50 106
51 72
51 85
51 86
51 87
51 94
51 95
51 106
51 112
53 55
53 57
53 58
53 65
53 68
53 69
53 73
53 75
53 89
53 98
53 102
53 104
53 112
53 113
54 79
54 86
54 87
54 107
54 108
55 57
55 59
55 62
55 63
55 65
55 88
55 94
55 96
55 100
55 102
55 108
55 112
56 61
56 62
56 65
56 68
56 72
56 89
56 94
56 98
57 58
57 60
57 65
57 75
57 78
57 93
57 99
57 102
57 104
57 113
58 75
58 78
58 97
58 99
58 102
58 106
59 85
59 99
59 104
59 112
60 65
60 68
60 71
60 78
60 96
60 99
60 106
61 68
61 79
61 81
61 87
61 89
61 93
61 106
62 65
62 78
62 89
62 93
62 102
62 108
63 96
63 106
65 66
65 69
65 71
65 73
65 78
65 87
65 88
65 89
65 93
65 99
65 100
65 102
65 104
65 106
65 108
65 109
65 112
65 113
66 72
66 93
66 95
66 100
66 103
66 104
66 106
68 70
68 71
68 81
68 87
68 91
68 102
68 108
68 113
69 73
69 108
69 112
70 85
71 85
71 91
71 96
71 98
71 100
71 103
71 108
72 79
72 85
72 93
72 95
72 99
72 100
72 102
72 103
72 108
72 109
73 102
73 108
73 109
73 112
75 81
75 86
75 90
75 93
75 99
75 100
75 102
75 104
75 108
78 93
78 94
78 100
79 81
79 87
79 89
79 90
79 95
79 98
79 104
80 88
80 99
81 90
81 93
81 99
81 104
81 108
82 89
82 113
85 89
85 94
85 104
85 107
85 108
86 87
86 95
87 89
87 97
87 102
87 104
87 106
87 107
87 108
88 108
88 112
88 113
89 91
89 98
89 100
89 102
89 104
89 108
90 93
90 108
93 94
93 99
93 100
93 102
93 104
93 108
94 98
94 99
94 102
96 98
97 99
97 108
97 113
98 108
99 102
99 104
99 106
99 109
99 112
99 113
100 109
102 104
102 108
102 109
102 113
104 106
104 108
106 108
106 113
107 108
108 112
108 113
