1 0.23972271 -0.37334213 0.032917976 0.44063315 -0.50193924 -0.52861845 0.77316964 -0.07855728 -0.17952117 -0.08905522 0.5444809 0.1198377 0.11880718 -0.19401702 -0.20497315 -0.13329104 0.025564203 0.16500294 -0.24119815 0.15170449 0.79325163 0.91203445 0.47154734 -0.4552991 -0.14583866 0.06277309 -0.49096417 0.51003057 0.023741988 -0.26356754 0.07994411 0.03222343
2 0.25741422 -0.26423788 -0.04671967 0.40396228 -0.45983893 -0.5558479 0.6920424 -0.0762967 -0.16914038 -0.09570543 0.5929755 0.10282655 0.18628073 -0.16777413 -0.14925851 -0.24725977 0.0021331462 0.109326884 -0.1756372 0.1560955 0.7319012 0.98650277 0.45760918 -0.45565096 -0.086127914 0.043857325 -0.5835962 0.47021466 0.13464384 -0.30148464 0.05368512 0.11855048
3 0.24031268 -0.3311856 -0.15124378 0.47740725 -0.36074147 -0.5865942 0.8158988 -0.12636043 -0.23334739 -0.03385151 0.65236706 0.042832155 0.14612167 -0.14444864 -0.16595258 -0.13047843 0.05879007 0.17759266 -0.12888837 0.25996912 0.68570435 0.9074406 0.47239372 -0.54941654 -0.067519315 -0.05263843 -0.5079516 0.4419789 0.06665624 -0.26032552 -0.030991744 0.07393029
4 0.17627653 -0.1851901 -0.06043382 0.52729183 -0.47928825 -0.53611237 0.74938893 -0.0692658 -0.224451 -0.10927484 0.6656941 0.12692647 0.3365838 -0.07759365 -0.28748024 -0.21088086 -0.14194073 0.054959252 -0.23164625 0.1607513 0.7666374 0.8805558 0.59482443 -0.52961767 -0.18835132 0.0653417 -0.5096961 0.46483862 0.036828794 -0.3539779 0.055486817 0.081718154
5 0.08090286 -0.22268577 -0.11183155 0.3980301 -0.29342443 -0.531895 0.7281207 -0.06423518 -0.16490912 -0.05539402 0.7131361 0.1258024 0.078626595 -0.14131375 -0.12608995 -0.2028892 0.058871258 0.039490636 -0.1651953 0.1791195 0.67311585 0.92394614 0.5092645 -0.653371 -0.0036367977 -0.00045890905 -0.57740223 0.45258647 0.024846775 -0.44488585 0.017941821 -0.03823028
6 0.3367842 -0.28263175 -0.18388996 0.39813825 -0.29635313 -0.52141994 0.7089786 -0.03404956 -0.24347179 -0.00865357 0.62468433 0.08269827 0.15682273 -0.067904115 -0.21079652 -0.13182285 0.008394224 0.030216662 -0.24169418 0.14550392 0.8333128 0.9465358 0.52864045 -0.507754 -0.08236343 0.004941847 -0.47787902 0.4735743 0.12657702 -0.35659084 0.022418978 0.03408967
7 0.19131042 -0.30092946 -0.07454553 0.44634286 -0.35446724 -0.5498395 0.8122142 -0.10210551 -0.2312843 -0.00932196 0.64908147 0.17440158 0.21550895 -0.19568172 -0.23419665 -0.11238034 0.05701551 0.1725443 -0.19578129 0.21000288 0.69505996 0.8656489 0.5512076 -0.5041397 -0.05531473 -0.020518292 -0.5262106 0.4239312 -0.0120607745 -0.3351662 0.028366087 0.105267994
8 0.2901559 -0.2993935 -0.05239837 0.30813205 -0.3026948 -0.51341707 0.73843217 -0.09416965 -0.19512649 -0.097993866 0.6770963 0.19054891 0.11940917 -0.16314404 -0.10697407 -0.16274305 0.0630098 0.09543182 -0.23625247 0.122442216 0.742758 0.8922444 0.47574174 -0.5830089 -0.032231394 0.0922808 -0.5447879 0.4426231 0.20868818 -0.35456687 0.021142032 0.11151348
9 0.22751173 -0.3120897 -0.12884322 0.37775406 -0.4018697 -0.5349391 0.7297008 -0.09224284 -0.18312125 -0.035829462 0.62044895 0.07302874 0.17399485 -0.09971766 -0.2273814 -0.11981794 0.0088859275 0.069148324 -0.23782422 0.10225115 0.8244802 0.8966854 0.53429765 -0.5182316 -0.10545236 0.010604456 -0.5098714 0.515956 0.096023686 -0.33453768 0.056879822 0.021166703
10 0.21788707 -0.33223605 -0.09496223 0.514708 -0.42017466 -0.5832492 0.69994664 -0.05818335 -0.22524138 0.025433289 0.61754715 0.09257768 0.23772645 -0.039360322 -0.1875419 -0.16600491 -0.061043933 0.13652122 -0.26947623 0.20165698 0.753057 1.0149441 0.5577995 -0.671912 -0.05444574 -0.016105637 -0.5444976 0.49471334 0.08019414 -0.3244882 -0.01399933 -0.0059752883
11 0.29255876 -0.3650063 -0.0897864 0.3876952 -0.37077516 -0.4810151 0.8529223 -0.039847054 -0.17911756 -0.030515354 0.704515 0.15114109 0.1670363 -0.10185169 -0.25863454 -0.13437764 0.04196746 0.08735608 -0.18151625 0.22621897 0.7345221 0.88389057 0.474379 -0.6057767 -0.13634834 0.021881005 -0.51539624 0.40197915 0.13569036 -0.31064636 0.03516291 0.08808554
12 0.23607372 -0.37153953 -0.12922147 0.3590731 -0.36376032 -0.50855595 0.80653226 -0.06712007 -0.31333506 -0.0658909 0.71800244 0.14200793 0.16289648 -0.09888734 -0.18797655 -0.18489906 -0.004813361 0.067254685 -0.20884489 0.09541456 0.75242853 0.8581771 0.54037327 -0.6241702 -0.10213476 -0.005548537 -0.5266423 0.42644355 0.12596264 -0.4040254 0.0471464 0.09123109
13 0.24527724 -0.28215092 -0.081495486 0.5107182 -0.32557982 -0.46397385 0.76863945 -0.08860192 -0.23494208 -0.04349287 0.6820543 0.11107003 0.1244606 -0.122110695 -0.13541542 -0.10051747 0.0084241405 0.09778427 -0.23521172 0.20428085 0.7186161 0.93837273 0.4731641 -0.5794949 -0.16599041 0.06731326 -0.55668694 0.40970713 0.05733863 -0.3118068 0.094237104 0.05833594
14 -1.0849706 -0.37328506 0.32175142 0.03871976 0.39675146 0.22085273 -0.1475758 -0.12519 0.19308409 0.22775549 -0.37181756 -0.8047859 0.11012282 -0.5117328 -0.3996933 -0.17585869 -0.18468398 0.42246285 0.14718194 -0.48344636 0.34523895 0.097866006 0.9310157 0.610085 -0.15815759 0.41157877 -0.77913177 -1.0142214 0.35008895 -0.6990279 -0.009413026 0.34174535
15 0.21056949 -0.26276812 -0.11809908 0.39761594 -0.3681773 -0.5555722 0.8430765 -0.15577862 -0.19994807 -0.029810298 0.7199979 0.06021822 0.14627425 -0.115935855 -0.15970446 -0.18552805 -0.041686647 0.08157329 -0.13856457 0.19175157 0.6348763 0.8533541 0.5156024 -0.55189455 -0.07610148 -0.03806297 -0.5548585 0.4141362 0.01621862 -0.28002864 -0.0029712392 0.037872195
16 0.15912378 -0.2732822 -0.103680685 0.4249633 -0.2880673 -0.6008688 0.6841146 -0.17006905 -0.20966215 -0.09137586 0.7780602 0.20309241 0.20050828 -0.111452684 -0.20010181 -0.10496614 -0.018112348 0.067151725 -0.25374168 0.15689614 0.75491023 0.9488066 0.5823226 -0.6124676 -0.04866856 0.042780712 -0.529911 0.41925624 0.10391077 -0.36317033 0.01787064 -0.032473642
17 0.24070959 -0.34932 -0.17774953 0.04552276 -0.21476613 -0.57776576 0.7189888 -0.17024772 -0.3128684 -0.19127855 0.5978248 -0.07214077 -0.05777746 -0.29847693 0.05361618 -0.08127209 0.17852762 0.09057449 -0.32458076 0.14674531 0.74800617 0.8812395 0.46638128 -0.28595626 -0.076971635 0.14883657 -0.41798732 0.5305311 0.23937422 -0.34281427 0.18988413 0.05233495
18 -0.3866788 -0.33984384 0.22254993 -0.28603354 0.43857786 0.38462046 0.022879884 0.31443605 0.31852505 0.8990031 0.43209136 -0.9011343 -0.105275854 0.15278724 -0.22771387 0.07286742 -0.108542636 0.43098783 -0.16930163 -0.26471913 0.40599117 0.13954669 0.53646016 1.1320646 0.074610956 0.13642874 -0.73595023 -0.97599685 0.39387435 0.072283365 -0.120348856 0.65242076
19 0.24650498 -0.37827885 -0.1992292 0.014398272 -0.23494957 -0.62966174 0.7648336 -0.07863986 -0.31279498 -0.2515997 0.5765883 -0.07831818 -0.10792299 -0.2417724 0.10118804 -0.06978977 0.27078915 0.13494352 -0.17771469 0.23656382 0.7134029 0.89075214 0.4439896 -0.4241374 -0.025361294 0.13966408 -0.42790872 0.5613158 0.20126465 -0.3277734 0.1549333 0.11458241
20 0.17959508 -0.36698362 -0.19636396 0.17106307 -0.20918542 -0.6199313 0.8519193 -0.23062289 -0.30774006 -0.08463689 0.5523886 -0.19922309 -0.018592494 -0.30974805 0.02139834 -0.114091024 0.26063818 0.13857724 -0.30328873 0.22992486 0.6134636 0.8251513 0.4552719 -0.34399605 -0.08988849 -0.031825013 -0.39743215 0.56593263 0.06754 -0.22307764 0.08591794 -0.038515467
21 -0.29864016 -0.10977338 0.08412627 -0.17933246 0.45972 0.301327 -0.052995875 0.3072689 0.12129181 0.8892136 0.4524984 -0.8699446 -0.107230365 0.1504589 -0.31121945 0.0056052087 -0.2959978 0.3416765 -0.047001168 -0.3937709 0.43008053 0.2512233 0.5517186 1.18471 -0.057308644 0.15904906 -0.75875187 -0.99742216 0.09307365 0.0018522461 -0.057680324 0.47499353
22 0.19826569 -0.3639706 -0.30710813 0.027744753 -0.27894458 -0.63309574 0.7577003 -0.08479428 -0.34764552 -0.10490102 0.57460415 -0.12317539 -0.20136072 -0.35564026 0.03015432 -0.08896506 0.1395945 0.08445374 -0.20772086 0.09454169 0.7311154 0.90844953 0.34335163 -0.17408544 -0.054986957 0.063534245 -0.41985136 0.5839182 0.1359441 -0.20041059 0.28552848 0.005329922
23 0.1697735 -0.32118878 -0.21111296 0.16871046 -0.26427945 -0.6758037 0.68574774 -0.16432211 -0.35012472 -0.14427365 0.53859955 -0.13561669 -0.015414809 -0.23735103 0.015020153 -0.13911325 0.09525098 0.11115102 -0.38017803 0.223571 0.6182568 0.88942343 0.47205576 -0.35242712 -0.06626227 0.043214753 -0.4227267 0.54466504 0.13430403 -0.30199233 0.121956706 -0.078781754
24 0.19256817 -0.28250927 -0.1752965 0.10716013 -0.36384422 -0.69755715 0.71912885 -0.17849492 -0.28918165 -0.1372077 0.54368675 -0.09520011 -0.06780425 -0.33193922 0.0028363564 -0.037488118 0.21991634 0.19076498 -0.3453769 0.18064633 0.6874763 0.8423308 0.42464468 -0.23029803 -0.036019657 0.12697248 -0.38907146 0.55648917 0.18447843 -0.25784412 0.23521422 0.011763545
25 0.22918552 -0.36090845 -0.15091296 0.15174557 -0.30744335 -0.65237963 0.7604549 -0.0019275717 -0.36405528 -0.13333584 0.5038395 -0.096567966 -0.033185992 -0.19288477 0.021744585 -0.11098214 0.17019556 0.15805124 -0.24688408 0.29453954 0.66584194 0.90257007 0.38158774 -0.3483716 -0.111235976 0.08805082 -0.42601848 0.55100155 0.23000914 -0.33408096 0.24101827 0.04789073
26 0.19003412 -0.39744887 -0.24055625 0.05624149 -0.27821508 -0.6593697 0.7162359 -0.07142298 -0.37969258 -0.10295418 0.55326796 -0.24492887 -0.14347437 -0.19652909 0.12627871 -0.12131553 0.17471004 0.10975031 -0.29219005 0.2636891 0.6451078 0.86587465 0.37169918 -0.32155412 -0.081578 0.05036601 -0.4196814 0.6131506 0.1424953 -0.25747758 0.17824055 0.027752664
27 0.082610436 -0.28452817 -0.1414343 0.0670934 -0.28335327 -0.5845455 0.6988618 -0.22407342 -0.28434095 -0.21512054 0.5815931 -0.033234417 -0.04880016 -0.26229542 0.030007334 -0.10874764 0.12317687 0.07807565 -0.33387482 0.20101275 0.6842497 0.9022455 0.47372982 -0.25209042 -0.05408451 0.14571866 -0.40387285 0.6221067 0.056040015 -0.34175664 0.16119733 -0.07743528
28 0.2118076 -0.41690776 -0.23593628 0.08129913 -0.3036407 -0.70555335 0.89828527 -0.105964765 -0.4001941 -0.12883921 0.65573245 -0.14261024 -0.036916096 -0.27546003 0.03059719 -0.16366991 0.16200612 0.12969409 -0.17933962 0.12901673 0.6503066 0.8273773 0.39465728 -0.35432202 -0.059564866 -0.010694271 -0.4424597 0.5374535 0.14772917 -0.23786393 0.17928678 0.07396791
29 0.2627447 -0.31625906 -0.17552815 0.103502326 -0.27629852 -0.59675837 0.709791 -0.16259515 -0.26232883 -0.087082826 0.53118926 -0.001101568 0.00831775 -0.20447056 0.028316708 -0.04404975 0.24493438 0.14761157 -0.3249031 0.20127848 0.69747424 0.867056 0.47501406 -0.2835923 -0.051886506 0.04542436 -0.4420484 0.54123497 0.17815018 -0.37235257 0.12166242 -0.0043748873
30 0.2839963 -0.4429385 -0.11803052 0.03842723 -0.30155617 -0.62378466 0.7955902 -0.14366895 -0.3351356 -0.17604569 0.59766847 -0.058632158 -0.06238921 -0.23058496 -0.041425206 -0.010109853 0.20510986 0.14068621 -0.3686747 0.189059 0.7212898 0.8047888 0.49929708 -0.29078814 -0.08060419 0.06206213 -0.37106845 0.6217473 0.16933864 -0.291202 0.14818653 0.02165927
31 0.21090156 -0.40273732 -0.17853366 0.09615144 -0.27928883 -0.6364958 0.81178695 -0.04242387 -0.35243177 -0.1431789 0.5267567 -0.09571794 -0.048739344 -0.19461614 -0.018412659 -0.08466761 0.16218689 0.15644068 -0.28584525 0.20584649 0.70064723 0.8387616 0.4387366 -0.33898568 -0.1530182 -0.0037145463 -0.4438401 0.5718805 0.1049846 -0.2963156 0.19710144 -0.02587371
32 -0.8905532 -0.47546512 0.4195038 0.121492594 0.3712355 0.29901513 -0.18908471 -0.02956497 0.27945843 0.26232818 -0.3116585 -0.7525252 0.1013182 -0.3830894 -0.4514951 -0.19225898 -0.27835664 0.43104 -0.024381876 -0.31621358 0.38460496 0.11689774 0.8583148 0.55299443 -0.1328346 0.34730497 -0.76436925 -1.019596 0.37472254 -0.52240986 -0.07779194 0.4788184
33 0.13567162 -0.33177164 -0.16520733 0.06438712 -0.32071537 -0.5843398 0.7883147 -0.19634286 -0.2984602 -0.16661674 0.59865797 -0.026801264 -0.10463771 -0.3067582 -0.044021104 -0.073906034 0.21156316 0.059350338 -0.31569117 0.10909134 0.73682934 0.7748051 0.48839885 -0.2516237 -0.048517838 0.101895675 -0.4714541 0.55156875 0.084255464 -0.30270004 0.18512785 -0.08527153
34 -0.1504933 -0.20228784 0.40765005 -0.24478287 0.5504357 0.47537816 0.31432205 0.40826812 0.20118973 0.81564045 0.6893159 -0.8506019 -0.16899271 0.57221454 -0.2177843 0.112339504 -0.31639212 0.29286858 0.045618758 0.12515768 0.30541888 0.23705155 0.67946213 0.90167695 -0.10799064 0.25033662 -0.5508304 -0.7909291 -0.4435667 -0.07031501 -0.24534133 0.25796166
35 0.1674188 -0.34696358 -0.1836669 0.07208019 -0.21393 -0.57949173 0.7799153 -0.16406704 -0.36270735 -0.15487927 0.6312827 -0.06644396 -0.08723295 -0.26038983 0.08768252 -0.07236045 0.18780473 0.14632201 -0.24071124 0.28597036 0.606222 0.86397904 0.49926138 -0.3962328 0.03413152 0.032521967 -0.3941612 0.529598 0.1589957 -0.37864852 0.06218797 0.1239915
36 -0.46207634 -0.055152223 0.9025593 -0.5315954 0.50273633 0.38466492 0.40440595 0.5066276 0.30753848 0.866814 0.9718206 -0.62144035 -0.46236998 0.711879 0.09815237 0.2876714 -0.36769137 0.5698771 -0.07990334 0.46942568 0.10430456 0.4534763 1.0026802 1.0809759 0.025098903 0.7235572 -0.403939 -0.48529887 -0.69631064 -0.38112956 -0.4037852 -0.15507914
37 -0.40177563 -0.1225159 0.9615986 -0.48018646 0.35485575 0.50610346 0.43592083 0.49180156 0.3900165 0.6753235 0.9210789 -0.53978634 -0.48170003 0.74134004 0.039310727 0.35536942 -0.2598288 0.47678268 -0.39150226 0.6921883 0.2307294 0.34047872 0.9671279 1.0213386 -0.09960893 0.8739981 -0.34448835 -0.50653654 -0.5677506 -0.3216542 -0.19235803 -0.1152269
38 -0.37514034 -0.09098549 1.0248488 -0.52733934 0.45570907 0.2762436 0.39375478 0.5648682 0.18890719 0.7394956 0.718391 -0.7263427 -0.39324504 0.8525624 0.0030100914 0.27905613 -0.27788982 0.5369295 -0.49803552 0.89595073 0.11687319 0.41807348 1.112751 0.9755236 -0.061531622 0.9395479 -0.23406228 -0.2699391 -0.7275219 -0.4070801 -0.3039707 -0.3815859
39 0.13581675 -0.37558126 -0.16570033 0.039684992 -0.23623712 -0.5613064 0.7232616 -0.17816024 -0.34223711 -0.12068397 0.54422075 -0.049231138 -0.08247293 -0.18483771 0.037835345 -0.02693256 0.22880818 0.15897185 -0.32040656 0.27645004 0.69456625 0.8599714 0.4545677 -0.3736742 -0.034311056 0.122462 -0.36962277 0.5444123 0.1486731 -0.36171028 0.177295 -0.0177072
40 -1.0087512 -0.45681155 0.33184543 0.037058637 0.379735 0.15047956 -0.06077305 -0.078566104 0.19361076 0.2759784 -0.31336772 -0.6717231 0.106976725 -0.41234714 -0.29944065 -0.16711329 -0.16326308 0.4981847 0.08518971 -0.31282783 0.29543307 -0.014233318 0.91573846 0.62250084 0.004820466 0.31045675 -0.7766872 -1.0130657 0.3769296 -0.5766526 -0.10256521 0.54448766
41 -0.20917565 -0.32198828 0.9210516 -0.4339946 0.64447457 0.52211016 0.6673572 0.60337794 0.33666125 0.78194827 0.8962366 -0.73163635 -0.49102038 0.5452841 -0.0036289007 0.23686156 0.07762542 0.50438285 -0.018922284 0.68245953 0.02545295 0.1854788 0.8503402 0.902836 -0.05257294 0.6817277 -0.46844843 -0.664407 -0.56795776 -0.31905064 -0.29500315 -0.109988764
42 -0.9815679 -0.4185628 0.27944154 0.09606367 0.37847227 0.17955896 -0.07080824 -0.10133395 0.13001241 0.31868398 -0.3286855 -0.8509707 0.1670592 -0.43804452 -0.34704754 -0.19994813 -0.10793484 0.5080956 0.11699024 -0.3796275 0.22900985 0.082583174 0.87952006 0.59046406 -0.012944859 0.23440154 -0.7303361 -0.9979843 0.34173542 -0.5954869 -0.12942328 0.43298927
43 -0.38717222 -0.33016568 0.95403284 -0.7076557 0.5329378 0.4309009 0.5632869 0.56881547 0.3422916 0.66870725 0.8942195 -0.9668232 -0.6818929 0.7036266 0.27520984 0.372928 0.042581957 0.5930277 -0.3376189 1.0661327 0.0051183626 0.4293004 0.97976005 1.1382805 0.09352414 0.88767755 -0.24790221 -0.2276791 -0.64242285 -0.30980197 -0.360192 -0.25606185
44 0.1212377 -0.35324323 -0.2589691 0.12199926 -0.33869004 -0.63825953 0.73411995 -0.12859432 -0.3451279 -0.20820895 0.47437364 -0.20586105 -0.07237633 -0.3078461 0.05953335 -0.1153098 0.18607785 0.18081757 -0.3692791 0.29963386 0.6264072 0.8999095 0.40478185 -0.2847302 -0.051429458 0.05118522 -0.43603915 0.6094378 0.15893827 -0.28177086 0.12077171 0.038706537
45 0.22364773 -0.34435838 -0.17410684 0.13981418 -0.31217182 -0.5093449 0.6895205 -0.12214885 -0.27820987 -0.21073271 0.6116139 -0.05299913 -0.10173634 -0.20286696 0.1187516 -0.09764671 0.14953853 0.1352528 -0.31071186 0.24660031 0.7789735 0.9122518 0.443219 -0.3656812 -0.05220974 0.10716508 -0.4571276 0.6215816 0.12891594 -0.28024882 0.122564875 0.07949905
46 0.22690791 -0.31555203 -0.15109573 0.051256984 -0.2580993 -0.63044405 0.6457462 -0.08648311 -0.3052394 -0.268994 0.5646649 -0.05075925 -0.05113044 -0.19457349 0.09396425 -0.085949086 0.2037288 0.12957713 -0.25923333 0.26989138 0.70177275 0.919809 0.4152822 -0.3350731 -0.033481505 0.15870768 -0.4875352 0.51137215 0.2261667 -0.3164975 0.17145635 0.13266698
47 -0.9799811 -0.35977212 0.3784876 -0.006410367 0.33732092 0.17433323 -0.10501624 -0.06831533 0.24592033 0.28773692 -0.35136726 -0.6989045 0.098511524 -0.51955223 -0.40731394 -0.17610018 -0.24926075 0.461587 0.11453575 -0.5919483 0.4216384 0.08503523 0.9171351 0.765945 -0.22015877 0.41018817 -0.77936906 -0.9295807 0.3413184 -0.5704569 0.04023045 0.37452596
48 0.18156634 -0.30852857 -0.23032074 0.13632374 -0.29218903 -0.61310595 0.73819256 -0.1360571 -0.406372 -0.12063915 0.63567805 -0.028143669 -0.08235203 -0.14063552 0.1043613 -0.1214982 0.1459919 0.14503361 -0.35021493 0.20207639 0.7642265 0.91588944 0.49591482 -0.3593581 0.011141073 0.08942963 -0.4307394 0.5831772 0.1148635 -0.31216198 0.11115424 0.09696344
49 0.1679113 -0.30850366 -0.18831894 0.18770471 -0.2185758 -0.7231986 0.80541193 -0.1510683 -0.386854 -0.21595816 0.5568231 -0.18496868 -0.076496 -0.32871908 0.087525405 -0.15734203 0.19500196 0.22409607 -0.1726463 0.25859943 0.6462554 0.9046811 0.41259685 -0.3590791 -0.007142365 0.06847012 -0.43093547 0.5766309 0.039074343 -0.26380855 0.07938028 0.061444614
50 -0.30878228 -0.2837418 0.10695629 -0.16151734 0.42366925 0.43151957 -0.017029457 0.25338364 0.24309696 0.9610929 0.39429504 -0.9290207 -0.1588768 0.19305234 -0.20729735 0.05647001 -0.103971004 0.40594548 -0.20141776 -0.21193598 0.3516093 0.28914726 0.45856893 1.161715 0.07817838 0.07098072 -0.86675537 -1.0486822 0.24927528 0.10081913 -0.15301399 0.6077463
51 0.25671092 -0.41848654 -0.13278818 0.09124676 -0.23954992 -0.64765793 0.88478863 -0.038636364 -0.3874852 -0.124913864 0.5153581 -0.15150832 -0.08694509 -0.25786546 0.06691248 -0.07956901 0.27803016 0.18733978 -0.29982063 0.15420158 0.69133973 0.9058683 0.38649413 -0.35613087 -0.04684467 0.037538275 -0.3975404 0.59483135 0.20867188 -0.22371192 0.22255367 0.058116645
52 0.15161724 -0.45770442 -0.17686851 0.13607681 -0.3048594 -0.6086643 0.7806906 -0.1207877 -0.3209814 -0.18358862 0.52117896 -0.07058204 -0.08231293 -0.281878 0.10875308 -0.069466084 0.20315665 0.17377183 -0.26457125 0.14633444 0.7535615 0.82859087 0.4702437 -0.40375975 -0.039409768 0.12643962 -0.3980526 0.5640337 0.21496168 -0.33573723 0.14918171 -0.017178778
53 0.060529307 -0.25043023 -0.19880061 -0.008871005 -0.24419884 -0.6320167 0.6592784 -0.17052424 -0.3292509 -0.21453473 0.7293019 -0.06054278 -0.0867661 -0.2507337 0.15900874 -0.1771493 0.13551489 0.05632913 -0.2473297 0.14885108 0.7270324 0.90946406 0.44336748 -0.3181875 0.016913386 0.06685795 -0.45345166 0.5667018 0.13562614 -0.31600308 0.1597507 0.13590622
54 -0.9059904 -0.49608544 0.40403482 0.15041001 0.35162506 0.18563153 -0.0373666 -0.07689404 0.21605462 0.43497142 -0.330769 -0.85931385 0.1561743 -0.47973514 -0.40952912 -0.16089052 -0.23690571 0.5446816 0.15017235 -0.46201122 0.25658923 0.025262866 0.8798976 0.6118259 -0.1669854 0.2042859 -0.7490318 -1.0187737 0.2835514 -0.52725846 -0.15107694 0.27363685
55 0.20332056 -0.39538124 -0.14179944 0.052152988 -0.22238387 -0.6243586 0.78386045 -0.018050548 -0.26432794 -0.11721443 0.66185296 -0.14073539 -0.11593067 -0.3318159 0.041585684 -0.07587246 0.24130116 0.12149857 -0.114399046 0.21358402 0.629282 0.9033931 0.35691023 -0.39880306 -0.08620297 0.060396284 -0.40716168 0.58901346 0.09697116 -0.2560644 0.16756953 -0.025151446
56 0.20471081 -0.35661477 -0.19929224 0.07022655 -0.32672742 -0.61432815 0.7316526 -0.22565795 -0.32748607 -0.21004815 0.5569328 -0.08153648 -0.04554475 -0.20883949 0.08409616 -0.09721917 0.20910116 0.16700804 -0.30013907 0.32828116 0.63782716 0.8310732 0.4585447 -0.29125476 0.024012731 0.10563618 -0.4625166 0.5555786 0.16409612 -0.30009294 0.13345686 0.08059578
57 -1.1715919 -0.26443958 0.37839535 0.09983696 0.57935405 0.08765404 -0.3350792 0.16893451 0.35371915 0.23578456 -0.4419896 -0.9031058 0.26434198 -0.61174077 -0.43985254 -0.22403198 -0.090298906 0.45219088 0.2560233 -0.21974121 0.2737745 0.26570597 0.9592768 0.4492324 -0.06409344 0.48341128 -0.88439393 -0.8921581 0.53946227 -0.81644905 0.051698476 0.40737283
58 0.32239312 -0.2570833 -0.19006 0.040744197 -0.27096432 -0.5518687 0.6781704 -0.2850001 -0.28725538 -0.15837893 0.5472448 0.06512896 0.020703858 -0.16483596 -0.0059378706 -0.06988868 0.19921441 0.11348935 -0.4233923 0.24978583 0.79373676 0.9021668 0.5302703 -0.1969482 0.037683245 0.11994056 -0.46264848 0.59774286 0.26661146 -0.30918238 0.10051981 0.15961646
59 0.104963765 -0.27469432 -0.20196651 -0.02161261 -0.2810291 -0.6627787 0.6790668 -0.12381778 -0.3154572 -0.23094414 0.60272634 -0.08997376 -0.14117773 -0.21468109 0.11307336 -0.0960088 0.17215872 0.099865 -0.31173283 0.119899124 0.7457944 0.90592647 0.4046962 -0.2739795 -0.029305063 0.13275395 -0.4212504 0.5864991 0.19000109 -0.31492245 0.2507565 0.023714669
60 -1.1309941 -0.23082826 0.276834 0.19205303 0.5222382 0.044345554 -0.41867065 0.20983829 0.26862907 0.20568915 -0.48994422 -0.8974499 0.30797446 -0.56180453 -0.51063365 -0.25721604 -0.18045612 0.4487124 0.21009088 -0.19998947 0.31600183 0.34851706 0.90188867 0.43566144 -0.10895467 0.48562977 -0.78756 -0.8285076 0.45456943 -0.7296085 0.057443373 0.47631624
61 -1.046609 -0.24069564 0.32275823 0.15924504 0.5034004 -0.0024892753 -0.51118857 0.08521227 0.25422397 0.21550013 -0.63031447 -0.8525632 0.3037872 -0.4707584 -0.44310078 -0.21833044 -0.22373162 0.55879587 0.06990482 -0.06868134 0.29752678 0.36577374 1.0536969 0.4525302 0.003971116 0.49336296 -0.8684059 -0.8898875 0.61072016 -0.8147599 -0.029452926 0.45570627
62 -0.21781868 -0.05864043 0.8845591 -0.73175365 0.48015434 0.18701503 0.1400848 0.4780102 0.24725962 0.80475044 0.7353873 -0.840359 -0.4593046 0.9042907 0.10712794 0.37690148 -0.29413447 0.64572036 -0.43173742 0.8344835 0.16679043 0.50696796 1.0759451 1.1436613 0.13028361 0.8399665 -0.3679155 -0.24910942 -0.4646479 -0.2851128 -0.40134257 -0.22953478
63 -0.20775637 -0.20252043 0.88193697 -0.3505255 0.56553745 0.47212797 0.6392379 0.62833935 0.27403253 0.8201339 0.9489262 -0.7358563 -0.44803715 0.60467255 -0.118595526 0.25412998 -0.03160829 0.44114882 0.08364226 0.6587627 0.13429777 0.1720095 0.7978302 0.99102587 -0.074017875 0.6588534 -0.5771408 -0.7395308 -0.66386247 -0.27852142 -0.15469626 0.010841046
64 0.21412727 -0.3333631 -0.21378852 0.038074818 -0.23272233 -0.6265083 0.71316814 -0.10134149 -0.35090703 -0.15834872 0.5504444 -0.1550805 -0.106138036 -0.2688751 0.108606316 -0.079228655 0.17703545 0.17086163 -0.25369397 0.22734956 0.64790773 0.92567295 0.38882583 -0.2504144 -0.024551034 0.08759536 -0.4399061 0.63886124 0.13606404 -0.23820062 0.19331983 0.030123683
65 0.12671876 -0.38735253 -0.10480047 0.077249214 -0.32725456 -0.5785744 0.73009413 -0.16116336 -0.2944554 -0.22414295 0.5319093 -0.029944379 -0.12344568 -0.3102265 0.056626484 -0.050232653 0.20837651 0.12958705 -0.2923014 0.17011693 0.7078611 0.830713 0.40816426 -0.27539778 -0.030974036 0.17399052 -0.42011872 0.50631356 0.18536738 -0.33067057 0.20650119 0.051368676
66 0.13015157 -0.28750595 -0.22612524 0.09957251 -0.36722192 -0.6223426 0.6360824 -0.16065037 -0.3808045 -0.17942296 0.45774752 -0.12908348 -0.013164889 -0.14254642 0.038414374 -0.0684643 0.1442818 0.1488352 -0.44346046 0.196956 0.718461 0.88814384 0.49854913 -0.25713915 -0.059456922 0.14763282 -0.3879282 0.61192214 0.17437983 -0.3806684 0.22194499 -0.04589011
67 0.14504379 -0.22061588 -0.2559474 0.037611447 -0.27755556 -0.7111255 0.671833 -0.09397295 -0.37287143 -0.23294051 0.62666243 0.0014535188 -0.0611571 -0.23135553 0.04568057 -0.13016672 0.14594801 0.13280413 -0.22466776 0.12541133 0.7074697 0.93946725 0.42082337 -0.27646327 -0.082779676 0.15051895 -0.44833788 0.54181343 0.151811 -0.3667557 0.24468902 0.13146456
68 0.19125164 -0.4169644 -0.15750667 0.17853728 -0.23251194 -0.67158645 0.6632253 -0.08631956 -0.3428279 -0.20324516 0.57028323 -0.087065555 -0.054140683 -0.20236728 0.0901724 -0.09809224 0.08797155 0.17147338 -0.23522161 0.42741537 0.63192564 0.91866046 0.42853296 -0.46502775 0.008546848 0.15099017 -0.4087252 0.55141336 0.15825361 -0.25881183 0.08322493 0.070856586
69 0.30483255 -0.361349 -0.23763815 0.20841652 -0.29312283 -0.6384499 0.7891957 -0.0329395 -0.35383394 -0.10328372 0.58518386 -0.18987899 -0.05863293 -0.13629119 0.014886488 -0.076861165 0.1667989 0.17319432 -0.25000536 0.29979149 0.6581364 0.8919821 0.42341638 -0.32467055 -0.1519131 0.04378141 -0.39189798 0.5271041 0.10683645 -0.26893944 0.11657797 -0.028274685
70 0.15822569 -0.2645336 -0.25895464 0.07245887 -0.30328134 -0.62221503 0.66279346 -0.18308899 -0.3402952 -0.16788284 0.64845705 -0.006388846 -0.04360799 -0.19536346 0.03607414 -0.14127643 0.12739761 0.12488432 -0.26389313 0.14175436 0.73337644 0.92443 0.4563735 -0.30976126 0.013827624 0.16009484 -0.42459643 0.59349906 0.09420577 -0.34682843 0.03055074 0.10658683
71 0.26165894 -0.24292506 -0.14506076 0.050881263 -0.31242964 -0.5349456 0.74192655 -0.09553653 -0.2927973 -0.22623219 0.5564552 0.021423161 0.005072817 -0.20536944 0.0663392 -0.09938742 0.2135908 0.14726636 -0.2701828 0.13580625 0.70260954 0.83045524 0.48963776 -0.19446985 -0.04934525 0.21082945 -0.36459866 0.5602594 0.18587482 -0.34531194 0.06889026 0.15520146
72 -0.4224931 -0.39883998 0.8448495 -0.66328824 0.46843782 0.41249406 0.741696 0.5109283 0.20023498 0.5846004 0.79067945 -0.9255588 -0.5871845 0.6361819 0.21006152 0.3904969 0.005352529 0.5302333 -0.24947597 0.60769534 0.09007579 0.27887335 0.8966588 1.0944479 0.050257284 0.7694748 -0.20218644 -0.3785585 -0.69860977 -0.23065323 -0.28894585 -0.17040661
73 0.089932755 -0.32933727 -0.19273573 0.011789295 -0.21477915 -0.72017294 0.7635358 -0.185843 -0.40104476 -0.057264514 0.5823055 0.0039254045 0.007694696 -0.27818424 0.05065129 -0.085855916 0.21362197 0.1449401 -0.21492724 0.1555263 0.7019778 0.8996822 0.46949485 -0.30569366 0.0938319 0.034268044 -0.38945633 0.6098432 0.050249875 -0.32439005 0.13447213 -0.028923323
74 -1.0705291 -0.30364406 0.20287329 0.19594224 0.48409784 0.06609357 -0.30573013 -0.058126863 0.26725322 0.21528594 -0.54858434 -0.8996118 0.2566482 -0.5134404 -0.46804446 -0.20988621 -0.08530192 0.45086786 0.1465218 -0.1541115 0.24615638 0.25031605 0.9414209 0.3630247 -0.06416812 0.42680514 -0.84966254 -0.916589 0.5219503 -0.81946266 0.021026695 0.37846038
75 -1.0740277 -0.31421763 0.37320113 0.20734952 0.5439326 0.07874371 -0.36457786 0.09844199 0.31065133 0.19834104 -0.5232433 -0.8863128 0.25162166 -0.5412029 -0.4608105 -0.2232848 -0.1460825 0.52782357 0.28250048 -0.08463617 0.22876033 0.3288634 0.9499715 0.34891626 -0.030663095 0.47979385 -0.88667476 -0.9356081 0.49122688 -0.8318243 -0.011848266 0.35683584
76 0.13797404 -0.27799737 -0.19411059 0.07658276 -0.32542357 -0.688315 0.64683384 -0.15071653 -0.26836213 -0.1121904 0.58822525 -0.18813592 -0.060044866 -0.23148157 0.050503876 -0.107006736 0.17862988 0.1597551 -0.3420151 0.20975582 0.66336787 0.90534526 0.40375754 -0.2958907 -0.0052631493 0.07911896 -0.43911025 0.60211766 0.18390477 -0.23305464 0.17505014 0.046313915
77 -1.164036 -0.2751087 0.19869071 0.14310274 0.59328926 -0.0028626344 -0.43181083 0.057909846 0.25762755 0.17009506 -0.55417514 -0.9938523 0.36761913 -0.4656022 -0.35180238 -0.2522069 -0.042988908 0.5817804 0.26919714 -0.006766288 0.16129853 0.37464964 1.0243922 0.4654728 0.11360967 0.43138987 -0.91621315 -0.7745782 0.524802 -0.7820143 -0.12688705 0.5618811
78 0.10990202 -0.28596476 -0.18054704 0.14477174 -0.32421723 -0.7173165 0.8619204 -0.22463533 -0.39915872 -0.15664893 0.59569496 -0.06189979 -0.043072104 -0.359867 -0.0022620792 -0.057437785 0.24100542 0.17847346 -0.26323837 0.19305451 0.66229475 0.8533314 0.51843834 -0.27593186 -0.03929693 0.097987674 -0.39912677 0.61341584 0.0024321105 -0.32759067 0.13949034 -0.035389617
79 -0.30009645 -0.035459444 0.9924075 -0.4681219 0.43631223 0.6247954 0.5086293 0.6156967 0.35141453 0.5883875 0.8967455 -0.6991878 -0.49145088 0.6752751 0.056779493 0.20479472 -0.17017798 0.43457073 -0.119445875 0.50112784 0.22329096 0.3193164 0.81528825 1.0785308 -0.205835 0.8389669 -0.4985669 -0.5722395 -0.58815837 -0.33874303 -0.20933592 -0.0039512
80 -1.087261 -0.32555753 0.2897871 0.2595926 0.46316183 0.02637114 -0.44312152 0.11065906 0.26326886 0.29130924 -0.57398236 -0.94606525 0.3318078 -0.45296857 -0.5913687 -0.17610283 -0.21868876 0.45610422 0.09344538 -0.113405205 0.35469642 0.27051464 1.0005589 0.37352163 -0.20601395 0.50142306 -0.79503167 -0.8716418 0.50508726 -0.7796966 0.08297587 0.39890325
81 0.17420503 -0.34466872 -0.16594885 -0.02171396 -0.27148047 -0.6277021 0.84866655 -0.24720614 -0.27000138 -0.13811864 0.6306885 -0.080886744 -0.14168477 -0.35867992 0.03681663 -0.05539797 0.236954 0.08604331 -0.28207076 0.01129207 0.7128027 0.8108417 0.4299028 -0.2531557 -0.06469096 0.12015705 -0.46894884 0.632242 0.13367152 -0.32182452 0.19599074 -0.02591779
82 -1.1489192 -0.20987624 0.32866576 0.21832733 0.49249607 0.19391198 -0.29393247 0.1106178 0.3877318 0.13730715 -0.48752007 -0.8108264 0.22028683 -0.52074236 -0.45707905 -0.25896826 -0.14572145 0.43525982 0.30194044 -0.28427577 0.18071179 0.3997675 0.86523145 0.42428997 -0.08513722 0.5800839 -0.9419554 -0.8420946 0.4269491 -0.84915745 0.037042595 0.37098107
83 -0.33821607 -0.22285976 0.09539795 -0.14121026 0.47612274 0.31021354 0.06714565 0.40131146 0.23031645 0.8727268 0.33746842 -0.9624361 -0.16239351 0.021680694 -0.30560404 -0.012893486 -0.2090755 0.43418255 0.1719491 -0.39062223 0.2624526 0.29507372 0.388232 1.0722108 -0.14038794 0.03453884 -0.8129393 -0.91007006 0.0692117 0.034822065 -0.0414225 0.54399353
84 -1.0143307 -0.09058416 0.24271417 0.20113982 0.49287474 0.059362445 -0.4415213 0.15860853 0.17876357 0.2308647 -0.48547864 -0.8838753 0.2935592 -0.39660722 -0.38665897 -0.22976285 -0.22747888 0.4383318 0.23390508 -0.1535683 0.30157584 0.40770525 0.90944046 0.484288 -0.06855466 0.5204142 -0.8287194 -0.8436858 0.3856213 -0.757955 0.07302478 0.45217234
85 0.17315798 -0.30242938 -0.12622799 0.13027382 -0.24342537 -0.6999556 0.75092816 -0.1862754 -0.3796783 -0.1707016 0.5608631 -0.003886071 0.024842013 -0.22783595 0.06959883 -0.13416444 0.12900442 0.14091833 -0.3627828 0.19642708 0.6655634 0.81478727 0.5174008 -0.35337594 0.0043101525 0.14852163 -0.44264922 0.5352786 0.1488294 -0.37867528 0.1236576 0.064559266
86 0.12532666 -0.22638121 -0.20164597 0.086261354 -0.38413045 -0.590753 0.75712496 -0.25877905 -0.30162856 -0.28633747 0.59225655 -0.008348573 -0.047525566 -0.31491923 0.07270977 -0.15632589 0.16007392 0.106282584 -0.3392815 0.046677876 0.77118164 0.9544396 0.46847874 -0.22353837 -0.063441366 0.15788636 -0.49739924 0.6556798 0.15140523 -0.30045184 0.20761439 0.069773994
87 -0.15486194 -0.16119498 0.4390591 -0.17466609 0.62872475 0.37613806 0.29757914 0.4888958 0.10658772 0.9705443 0.6495325 -0.83181155 -0.10623238 0.61184734 -0.23668715 0.042925972 -0.3134971 0.4773867 0.1168538 0.15759327 0.14528552 0.27336782 0.6582549 0.92908925 -0.11361363 0.22113739 -0.7223299 -0.8501028 -0.44300124 -0.07481089 -0.31068864 0.27648938
88 0.10810723 -0.38964358 -0.15502782 0.091229595 -0.31269735 -0.6019765 0.8356179 -0.2122451 -0.2954358 -0.14351593 0.6583583 -0.033515595 -0.05324173 -0.2920751 0.035465494 -0.12242557 0.19638762 0.09042805 -0.26557365 0.12507273 0.65905565 0.80917627 0.4468311 -0.34815484 0.020683046 0.07519938 -0.42487398 0.5358285 0.17121708 -0.30434936 0.19137189 -0.03531441
89 -0.9857346 -0.43667987 0.2369973 0.04291294 0.59027195 -0.10113608 -0.2110552 0.2502961 0.06964522 0.30231354 -0.55804163 -1.2431065 0.14061761 -0.5858084 -0.33636189 -0.06554769 -0.037882194 0.5578688 0.14725521 -0.055509776 0.12738621 0.26125318 0.833511 0.51936376 -0.09039991 0.4437965 -0.5683856 -0.8575258 0.50118124 -0.64531296 0.066203564 0.24604143
90 -0.22796705 -0.06863975 0.1806357 -0.22185332 0.45918226 0.4324817 -0.114224195 0.44981328 0.2961297 0.7692403 0.38481078 -0.8903814 -0.11788216 0.162468 -0.29482746 0.010751071 -0.30918884 0.2568993 -0.07551063 -0.54260296 0.5049632 0.35040677 0.51987046 1.2084587 -0.23084915 0.2570258 -0.9073204 -0.96479064 0.22044119 0.05365823 0.10102092 0.6361437
91 -0.98876905 -0.5303781 0.271255 0.15150097 0.6311031 -0.091762036 -0.23342334 0.14593002 0.14229652 0.3166086 -0.599243 -1.316645 0.13586877 -0.55786127 -0.4058455 -0.07756982 -0.028794846 0.6170274 0.11855359 0.08343644 0.0519938 0.29133847 0.80751175 0.3767781 -0.16105126 0.335118 -0.65780103 -0.8423747 0.48404363 -0.61565495 0.025385713 0.23421554
92 0.15786763 -0.40497357 -0.11186643 -0.016386276 -0.2945821 -0.52457523 0.7381536 -0.2676875 -0.3081975 -0.18829007 0.6033054 -0.024088584 -0.092973314 -0.2455122 0.06588481 -0.043093763 0.2770411 0.13965136 -0.32954803 0.19497907 0.73877823 0.84854776 0.4380103 -0.3090488 -0.021220658 0.11904158 -0.42539418 0.6013671 0.18543805 -0.27921262 0.13366267 0.06450716
93 -1.029172 -0.48113844 0.3453445 0.17510746 0.60626423 0.025361162 -0.17726031 0.20890094 0.18550052 0.27446908 -0.5676705 -1.1909721 0.090538256 -0.52312315 -0.40353858 -0.08705923 -0.1061833 0.53334534 0.10541168 0.037088823 0.07134315 0.19678736 0.7890764 0.395435 -0.19072948 0.44889027 -0.6417101 -0.8783688 0.433294 -0.66421825 0.12745637 0.13884056
94 0.28245765 -0.35700262 -0.20348792 0.105053626 -0.29343903 -0.611016 0.76081365 -0.14224724 -0.33710527 -0.12568441 0.53476965 -0.127801 -0.16190344 -0.27530792 0.07225616 -0.12880377 0.2525216 0.1480829 -0.3357139 0.22704276 0.65554804 0.94222856 0.40065232 -0.30170566 -0.05062302 0.11231364 -0.4559948 0.6027518 0.16428299 -0.29280576 0.18233335 0.021364875
95 0.20823662 -0.3500048 -0.19347467 0.046459727 -0.30536786 -0.61267745 0.6846082 -0.20285384 -0.35587746 -0.20062375 0.5593479 -0.10353618 -0.050817505 -0.16946544 0.06025955 -0.07017451 0.16727334 0.04292769 -0.35108808 0.09809679 0.7005856 0.8054477 0.47146624 -0.25706595 -0.05432044 0.13518383 -0.43182325 0.5583855 0.20692049 -0.33426946 0.123391666 0.07330409
96 0.054538317 -0.29083243 -0.16913047 0.044118717 -0.2785664 -0.45699564 0.71105224 -0.16288987 -0.25955105 -0.044975724 0.6698543 0.089108996 -0.07220861 -0.20271604 0.083791256 -0.07574523 0.18366973 0.103531286 -0.37061104 0.1533485 0.71660644 0.9843212 0.42622444 -0.30365154 0.031698994 0.08865689 -0.3562317 0.5795679 0.10648175 -0.38492993 0.14979085 -0.056518953
97 -0.36996955 -0.3201891 0.9860283 -0.5395684 0.42236167 0.35653389 0.5514477 0.5882627 0.17678595 0.76643384 0.7534137 -0.80712026 -0.431644 0.8680247 0.027458098 0.3709325 -0.33611023 0.5785559 -0.440562 0.69615984 0.19904332 0.3802366 0.98828787 0.96911883 -0.15074171 0.7421701 -0.17155662 -0.39621493 -0.6317038 -0.3102424 -0.33873016 -0.32688493
98 0.18715888 -0.31985512 -0.1251812 0.07323321 -0.31694123 -0.55549186 0.70789516 -0.09001546 -0.3473408 -0.21326731 0.43475562 0.0482892 0.024385387 -0.20363267 -0.07511801 -0.042510193 0.094009265 0.120023556 -0.33963856 0.30898508 0.742704 0.8273023 0.48652017 -0.34109673 -0.069984 0.22187974 -0.32864362 0.52549016 0.1565541 -0.46059605 0.22253922 -0.03693659
99 -0.97607046 -0.51491404 0.25007313 0.13315438 0.6170064 -0.098202966 -0.14849442 0.1735801 0.12133035 0.2932886 -0.639163 -1.3608236 0.07824083 -0.676514 -0.38322052 -0.059318345 -0.012606429 0.61198145 0.1907971 0.021832976 0.034414936 0.25262308 0.81880623 0.43056774 -0.24723652 0.38184938 -0.6337252 -0.8179929 0.4516857 -0.61803025 0.100545146 0.095842734
100 -1.1451104 -0.41615075 0.33615887 0.11228297 0.57546544 -0.107829325 -0.2054948 0.22887835 0.11670574 0.23191449 -0.59887224 -1.2275032 0.17520219 -0.6767736 -0.4351531 -0.035314836 -0.052325815 0.6370799 0.16148965 -0.017094163 0.07794057 0.2733188 0.8691651 0.43795496 -0.13422601 0.47998753 -0.5293736 -0.76672643 0.41421834 -0.7220024 -0.04235194 0.073810704
101 0.09256864 -0.2747865 -0.13758042 -0.034249686 -0.34770197 -0.5552565 0.6911305 -0.09503515 -0.22062176 -0.26354188 0.5903502 0.096835315 -0.0917787 -0.2293762 -0.043219976 -0.048341542 0.17037229 0.03448552 -0.33711737 0.09679454 0.8152313 0.8808749 0.4871348 -0.28843346 -0.05424583 0.19881931 -0.4276397 0.6259809 0.19912463 -0.4105112 0.22400516 -0.021911204
102 -0.18339106 -0.3096019 0.50544566 -0.14153752 0.64959854 0.5962498 0.5659859 0.5084349 0.35847646 0.9000507 0.7899499 -0.92452216 -0.21688972 0.37255383 -0.22258672 0.05804416 -0.10051929 0.3284593 0.30717233 -0.020778712 0.14336196 0.15474762 0.5653419 0.82285124 -0.12541285 0.17163715 -0.767168 -0.879103 -0.38120988 -0.028497994 -0.3377871 0.29195333
103 0.2101394 -0.35216805 -0.2970245 0.11337942 -0.21833977 -0.6005367 0.6939456 -0.033255026 -0.37078682 -0.08465477 0.514268 -0.10072166 -0.09672958 -0.1669694 0.08994201 -0.09046465 0.1824594 0.20388211 -0.2545514 0.20365457 0.70818055 0.95662796 0.36840117 -0.31921965 -0.03998618 0.063135624 -0.45074737 0.5907599 0.12622577 -0.30289993 0.14261049 0.08210056
104 -1.0072209 -0.38802665 0.29266897 0.1027497 0.5993247 -0.10429161 -0.18595906 0.18588717 0.13462454 0.31065682 -0.53518987 -1.1975325 0.048405282 -0.7016006 -0.4080484 -0.06957121 -0.017947517 0.51930547 0.18598871 -0.106144235 0.07140926 0.26659673 0.7854187 0.50494194 -0.18317555 0.39793512 -0.65344816 -0.8036319 0.36722955 -0.6498308 0.1489333 0.07193542
105 0.1032294 -0.32713357 -0.13530299 0.10326012 -0.29721063 -0.58783793 0.7110918 -0.106293045 -0.31076992 -0.24011739 0.54864186 -0.027204828 -0.09887209 -0.31675872 0.1576094 -0.17544724 0.13022742 0.1968468 -0.29851204 0.11617644 0.68214875 0.9145622 0.4093773 -0.3426362 -0.073756784 0.15814772 -0.4671205 0.5358272 0.17218797 -0.3078301 0.16544326 0.08159145
106 0.1897567 -0.3417588 -0.24523705 0.04988757 -0.2949616 -0.62563086 0.6279982 -0.1771847 -0.30647048 -0.03584037 0.5106155 -0.10129065 -0.06079869 -0.25281832 -0.01542485 -0.077845104 0.25257498 0.16315207 -0.4407035 0.16389805 0.7814861 0.923796 0.449262 -0.24025644 0.050644074 -0.029808775 -0.46674225 0.6572921 0.14851089 -0.26087293 0.13902824 0.008613046
107 0.1533432 -0.32533994 -0.06219012 0.065934554 -0.33766124 -0.64065576 0.73067194 -0.07346431 -0.18832761 -0.21747608 0.47596157 -0.055351764 -0.009828956 -0.25083163 0.008423294 -0.08305191 0.21291913 0.15379702 -0.30932122 0.24252523 0.604164 0.84821934 0.48667327 -0.33658955 -0.039806087 0.13828436 -0.41850376 0.6227611 0.10810769 -0.3488725 0.16112573 -0.018565647
108 -0.99714583 -0.4440123 0.27088147 0.12130775 0.55264616 -0.048447892 -0.17087422 0.1205188 0.15446372 0.30692518 -0.5479187 -1.179285 0.17464647 -0.5311335 -0.35413575 -0.08651345 -0.019377539 0.623422 0.15363625 -0.062965624 0.08010497 0.22053646 0.8075425 0.47698644 -0.17584708 0.37388107 -0.63500255 -0.9055143 0.4104486 -0.61217314 -0.040575404 0.19825286
109 -0.30496344 -0.26817197 0.59456044 -0.13067284 0.58667886 0.49772173 0.4296461 0.47013453 0.39492753 0.9618798 0.86175853 -0.8331192 -0.20329863 0.37861913 -0.21232043 0.07564485 -0.09303721 0.4761306 0.3057446 0.1025833 0.06493129 0.1771234 0.63344777 0.86715174 -0.07042419 0.17377836 -0.6579997 -0.8217426 -0.32861274 -0.07677952 -0.34091705 0.2332675
110 -0.99847317 -0.47669777 0.2886164 0.09053625 0.53114367 -0.03186989 -0.27138624 0.18066151 0.17593725 0.24793401 -0.59961563 -1.2244648 -0.0007590896 -0.606838 -0.36779743 -0.073868304 -0.08705851 0.62601143 0.15624948 0.026977027 0.0684324 0.30816483 0.7521583 0.5185412 -0.1335161 0.46963474 -0.66693586 -0.7657548 0.5182969 -0.65575063 0.09636964 0.18538477
111 -1.0682935 -0.48382676 0.2248055 0.10787758 0.6058519 -0.03217603 -0.19165094 0.23137368 0.07311604 0.23979229 -0.51934946 -1.2770628 -0.023886107 -0.6344625 -0.3420888 -0.085139014 -0.03697552 0.50818115 0.17913221 0.0021051767 0.15756838 0.24031703 0.7143791 0.47095382 -0.22943285 0.47834185 -0.5753737 -0.857973 0.43683106 -0.6142827 0.13781618 0.21422009
112 -0.9197867 -0.5166399 0.29390654 0.17187543 0.55639523 0.078044124 -0.1441274 0.23185302 0.1383516 0.30839765 -0.5561096 -1.2255726 0.11335432 -0.51143634 -0.41622916 -0.07799083 -0.023890983 0.5320131 0.14061551 0.028434271 0.1394842 0.11414375 0.78712904 0.4080649 -0.21440838 0.40994948 -0.60993844 -0.9029541 0.47287822 -0.62439674 0.05583921 0.21376774
113 -0.9838497 -0.44856176 0.32450673 0.155001 0.56357515 -0.058605827 -0.18454719 0.21996905 0.0886897 0.35039884 -0.5136073 -1.2550757 0.07919448 -0.6028375 -0.40423867 -0.04786945 -0.07216232 0.6177847 0.14753953 0.03374482 0.109488554 0.23761164 0.7482843 0.38593602 -0.24879453 0.4050256 -0.61700183 -0.8593002 0.46804714 -0.58519614 0.1487067 0.09767596
114 -0.35476175 -0.25937223 0.19669466 -0.10390105 0.492616 0.4160059 -0.0055330913 0.14551105 0.27322683 0.8939044 0.36941627 -0.9336035 -0.046934918 0.117118515 -0.34991956 0.058175404 -0.059497315 0.30840293 -0.20727274 -0.3845809 0.39016238 0.17256917 0.52281463 1.1790876 -0.049366426 0.021208787 -0.81440014 -0.9800401 0.19463271 0.041741904 -0.0517064 0.4175461
115 -0.3880682 -0.22656624 0.8916102 -0.6558039 0.46577665 0.35365328 0.5943735 0.6636917 0.17276819 0.81685376 0.7979362 -0.6996982 -0.5655055 0.7985966 0.058023006 0.38474885 -0.05707413 0.46329305 -0.4709872 0.8492068 0.09797478 0.43686026 0.9758347 1.0863397 -0.026645504 0.89475596 -0.22192015 -0.30215105 -0.7178291 -0.34160087 -0.12489328 -0.3598277
116 -0.4375123 -0.17319699 0.4794418 -0.20345785 0.6288573 0.64823836 0.42796224 0.5974145 0.4344392 0.8308951 0.89386284 -0.7083103 -0.20019357 0.2895587 -0.18437225 0.01406191 0.0011604696 0.32582352 0.34869483 -0.03995855 0.2061651 0.13621244 0.6305962 0.7739834 0.07910373 0.34014422 -0.7207269 -1.0175003 -0.20283955 -0.2348638 -0.35238853 0.47016117
117 0.09640008 -0.14962414 -0.21471903 0.055226587 -0.36520302 -0.6200479 0.58801913 -0.22099485 -0.2397643 -0.20428705 0.56893563 0.051564913 -0.029015651 -0.20094106 0.031632505 -0.07150467 0.12195509 0.11146772 -0.4374584 0.20975536 0.7760606 0.9997301 0.51282704 -0.26568148 0.05382642 0.11918647 -0.48466572 0.6043774 0.22895011 -0.3728379 0.16882408 0.1164741
118 -0.29672214 -0.2451605 0.8340466 -0.35240135 0.33513448 0.4705451 0.60520476 0.7558884 0.23139714 0.6716216 0.77245516 -0.83223534 -0.42427418 0.6124542 -0.010068793 0.3782861 -0.13815202 0.51366174 -0.01138395 0.41664785 0.20846766 0.25711453 0.77172095 1.1144905 -0.07961435 0.819897 -0.30971423 -0.5100661 -0.7024139 -0.2520619 -0.25985304 0.09737521
119 0.21420975 -0.37379786 -0.18932405 0.07621663 -0.21516626 -0.64282256 0.7134766 -0.10825306 -0.39940798 -0.21443836 0.5711118 -0.17217834 -0.08561116 -0.19736926 0.00834055 -0.088164195 0.15820776 0.13243894 -0.33736166 0.365799 0.60048133 0.9077929 0.40574154 -0.3932274 -0.08923057 0.11588679 -0.404515 0.58166474 0.14465974 -0.2747723 0.13878286 -0.010289087
120 0.12025884 -0.4012862 -0.1884889 0.06546297 -0.31504333 -0.6123844 0.751724 -0.17235366 -0.323723 -0.23984547 0.5873031 -0.085323244 -0.16964996 -0.2856196 0.088899486 -0.120554544 0.17005952 0.083227344 -0.2074069 0.19178131 0.6735925 0.8940164 0.35655624 -0.34176332 -0.00210694 0.13478985 -0.5120512 0.61339015 0.13115364 -0.30525643 0.1933745 0.08125866
121 0.16225533 -0.31232315 -0.1807256 0.104226686 -0.28235018 -0.629828 0.66506606 -0.17315677 -0.35844657 -0.23234151 0.5603837 -0.18033896 -0.09592026 -0.18241696 0.06367248 -0.13925435 0.03348371 0.07911611 -0.3513989 0.1807091 0.7255444 0.8004078 0.40310028 -0.31566906 -0.17150836 0.10754409 -0.46072403 0.56149167 0.1882483 -0.30662963 0.21031654 -0.0065098144
122 0.20902209 -0.25027364 -0.21112578 0.02218413 -0.2910381 -0.68985236 0.72578263 -0.12140542 -0.39098695 -0.21495612 0.5335382 -0.14346334 -0.052380912 -0.23333782 0.0072637442 -0.026498027 0.22373152 0.14082679 -0.33704108 0.18056007 0.75314736 0.87271726 0.47206068 -0.24597573 -0.114440344 0.15583377 -0.3708585 0.6391433 0.08197357 -0.35016435 0.23339033 0.009537383
123 -1.0174555 -0.4483058 0.2515212 0.27928835 0.5542884 -0.08983002 -0.20945147 0.28797022 0.09849566 0.28144133 -0.611569 -1.2829502 0.21469164 -0.48670086 -0.44490573 -0.11449588 -0.105338335 0.4904137 0.18219331 0.024453882 0.13051705 0.2533266 0.76076996 0.4242724 -0.26649398 0.4740466 -0.60432553 -0.7737851 0.3853205 -0.64133465 0.11054196 0.24474967
124 0.16982533 -0.33427423 -0.17582096 0.075396925 -0.28105226 -0.6551929 0.7218562 -0.10426335 -0.33922663 -0.19796745 0.53303546 -0.033565216 -0.036048148 -0.2118167 0.03244797 -0.118293785 0.11846772 0.20056386 -0.2638728 0.2558859 0.669979 0.8520025 0.49391407 -0.3667547 -0.07139967 0.19272055 -0.36156785 0.5316094 0.1490374 -0.36634213 0.15462133 -0.04631524
125 -0.48004362 -0.389902 0.9767025 -0.49585867 0.49558437 0.4362796 0.68313766 0.63594055 0.27829835 0.7389054 0.8011112 -0.68861794 -0.41155922 0.7316124 -0.07150574 0.31046355 -0.13926204 0.4445043 -0.3934515 0.6134331 0.13255861 0.23432374 0.9559751 0.8183466 -0.0064890482 0.7798569 -0.2168457 -0.5001147 -0.62786275 -0.361781 -0.3152113 -0.2263808
126 -0.2544885 -0.27458623 0.12763853 -0.1306174 0.5097792 0.32281834 -0.09757063 0.31407836 0.29165506 0.9325934 0.282364 -1.0155305 -0.14876331 0.013250999 -0.37596136 0.04038471 -0.16975546 0.33639207 -0.14278781 -0.37279734 0.42597923 0.22098564 0.50487846 1.1822344 -0.15699786 0.055842597 -0.82688653 -0.9635187 0.22566038 0.08429232 0.012063541 0.44923896
127 0.22826587 -0.32465577 -0.22213277 0.08436796 -0.25647566 -0.6750819 0.6940471 -0.16162835 -0.41762725 -0.15162463 0.5003163 -0.26166204 -0.021742024 -0.20638719 0.12087638 -0.07717665 0.17716789 0.2213457 -0.38168997 0.19662401 0.72262734 0.8626081 0.43640065 -0.26396888 -0.08080101 -0.01001002 -0.42706499 0.63599217 0.16027866 -0.21510683 0.15989214 0.108150646
128 -1.0088038 -0.41994554 0.35417384 0.100472316 0.49360016 -0.004303237 -0.23747101 0.24558985 0.12897031 0.35125366 -0.56327116 -1.1829773 0.114545025 -0.5441745 -0.37969312 -0.101350054 -0.14183319 0.6089798 0.12842004 -0.022450749 0.10493573 0.26570505 0.75636774 0.52986896 -0.15938704 0.43455103 -0.61152005 -0.8243123 0.43622026 -0.58191156 0.098515786 0.19835937
129 -1.0406225 -0.41365916 0.37776014 0.07512501 0.54053044 -0.06396393 -0.15428442 0.17219155 0.16414955 0.2657657 -0.49610248 -1.1546745 0.072240606 -0.62058705 -0.34531215 -0.11672833 -0.09484762 0.52242225 0.1839949 -0.12568985 0.10017732 0.26316392 0.7610994 0.5041059 -0.19723919 0.46388304 -0.61203563 -0.7546335 0.36236057 -0.5856086 0.061310522 0.166796
130 -0.26094037 -0.09768764 0.93408096 -0.4176005 0.39058492 0.5337447 0.5651058 0.5431233 0.32083163 0.5139612 0.84289646 -0.70151514 -0.47365957 0.633451 0.0032545184 0.2772682 -0.17614858 0.4449603 -0.05243171 0.5382914 0.21490951 0.25572023 0.86682886 1.0270556 -0.20860119 0.8470132 -0.465159 -0.50754017 -0.6555357 -0.2766528 -0.23480184 -0.027287718
131 -0.4357704 0.03746618 1.0284551 -0.5794274 0.3786379 0.32796758 0.32728672 0.48634404 0.4037701 0.76939166 0.870059 -0.48852703 -0.47679767 0.6661629 -0.032272324 0.26049516 -0.18000934 0.4638791 -0.3534696 0.6220494 0.16444372 0.3808585 0.9743644 1.1051893 0.090675175 0.8710192 -0.5455603 -0.43433833 -0.5229649 -0.34815294 -0.27890882 -0.25484097
132 -0.90888804 -0.46711123 0.20408438 0.06496257 0.5956142 -0.04935051 -0.09553913 0.13074946 0.06857635 0.3063298 -0.61277777 -1.3038431 0.013880295 -0.6575105 -0.28129485 -0.0844929 0.008240627 0.62755054 0.2836395 -0.027827483 0.021637022 0.26836023 0.6909573 0.4995588 -0.19161822 0.36803037 -0.6568518 -0.81846714 0.378107 -0.60805297 0.09800184 0.08352373
133 0.19323814 -0.28890708 -0.20657974 0.082247466 -0.283527 -0.5980805 0.64563435 -0.17929871 -0.32495382 -0.15322097 0.59244514 -0.190931 -0.02870055 -0.23882064 0.06021056 -0.1160044 0.12594226 0.13384213 -0.34412467 0.2098604 0.6367804 0.8777484 0.4331651 -0.23934457 -0.083487034 0.07586807 -0.42513794 0.5632463 0.10272694 -0.2829488 0.10380136 0.044743743
134 -0.35318863 -0.17960788 0.5887812 -0.24730933 0.5547026 0.63124466 0.45350668 0.3899408 0.4178394 0.94594353 0.89164674 -0.49651647 -0.23143804 0.32161057 -0.17928 0.018332368 -0.05628592 0.38288572 0.24575406 -0.16196647 0.16895343 0.1773968 0.6416491 0.8551502 -0.07826254 0.22428727 -0.74789315 -0.9375928 -0.1427509 -0.17886168 -0.28945267 0.31448072
135 -0.19369759 -0.14847301 0.9322748 -0.5891767 0.533007 0.17099166 0.49237508 0.5949968 0.084851205 0.82074124 0.76883626 -0.8377256 -0.48591018 0.810983 -0.07516096 0.32043934 -0.3075628 0.54348016 -0.38522258 0.6991969 0.23429278 0.2798244 0.9900014 1.0013707 -0.18936247 0.721491 -0.2819824 -0.30827314 -0.7712677 -0.2733279 -0.17213294 -0.40071315
136 0.13185999 -0.43506047 -0.12420297 0.10518204 -0.25520682 -0.58469725 0.91401565 -0.14699672 -0.3538451 -0.16145764 0.5295143 -0.18003443 -0.09642298 -0.26134968 0.11353245 -0.046330515 0.2514665 0.15619266 -0.24975401 0.15369198 0.63128686 0.79434437 0.40365687 -0.35585046 -0.09551348 0.10301357 -0.34869733 0.58981514 0.11494795 -0.29101205 0.1746235 -0.016265988
137 0.25406724 -0.18836573 -0.1655184 0.020992728 -0.32228082 -0.551252 0.65604967 -0.18059961 -0.29268146 -0.21191165 0.5477053 -0.034481544 -0.097881466 -0.22379835 0.020868074 -0.01382338 0.13625833 0.06328836 -0.3752867 0.18049714 0.7438634 0.876581 0.44339624 -0.16855863 -0.09717534 0.22372487 -0.42656252 0.57068825 0.12949452 -0.31111252 0.1306282 0.054016713
138 0.21268857 -0.32851797 -0.15600713 0.18497224 -0.3186602 -0.6213079 0.72409284 -0.09578322 -0.32404926 -0.0933953 0.49032864 -0.13050708 -0.06765412 -0.22852877 0.033000953 -0.031251434 0.15180829 0.20997433 -0.3351392 0.25066465 0.69539493 0.9167281 0.39762092 -0.27750555 -0.056142714 0.09736568 -0.43790838 0.63089865 0.06721971 -0.23799287 0.15995392 -0.040295567
139 0.26589683 -0.39275324 -0.17651077 0.13003096 -0.27373198 -0.63415736 0.84321207 -0.13299052 -0.33491787 -0.18994568 0.6326669 -0.17538704 0.040378705 -0.21468899 0.05484375 -0.07424074 0.22453871 0.17329161 -0.16688214 0.3999544 0.5946462 0.82564867 0.4294722 -0.47392368 -0.069668256 0.08539158 -0.41229478 0.5449091 0.1542866 -0.2901924 0.07020577 0.11240678
140 0.18581413 -0.36710912 -0.2073838 0.037727665 -0.23533283 -0.6416695 0.8215637 -0.11950822 -0.40629616 -0.18861394 0.63592625 -0.21833593 -0.058866765 -0.26923564 0.09357212 -0.09583679 0.19836509 0.12407522 -0.17666462 0.19686228 0.5842494 0.78010416 0.42489785 -0.40231127 -0.068432026 0.1740832 -0.38867193 0.55620027 0.16163357 -0.32223675 0.14827284 0.030297598
141 -1.0040543 -0.41218436 0.27479973 0.18803017 0.56113386 -0.13017862 -0.300452 0.18729594 0.044259246 0.22291012 -0.5764859 -1.2283057 0.16857518 -0.58015823 -0.3741287 -0.12522721 -0.06689771 0.5734473 0.15035672 0.11038482 0.12210113 0.24310209 0.787735 0.48173365 -0.18821496 0.40282035 -0.6553004 -0.80027825 0.407809 -0.6381572 0.06294229 0.25983387
142 0.26275444 -0.39919418 -0.12844312 0.08746257 -0.2749966 -0.48902044 0.7979859 -0.10728944 -0.3177943 -0.16758071 0.61130816 -0.034501493 -0.08617092 -0.16252445 0.14223547 -0.09616538 0.2493166 0.120173365 -0.2950417 0.30290622 0.7033502 0.83408314 0.5195774 -0.4366657 -0.043815766 0.15802659 -0.38095635 0.5207027 0.2113895 -0.3944082 0.15122387 0.05412237
143 0.15256335 -0.3132554 -0.18237938 0.10492175 -0.26412314 -0.654042 0.7444515 -0.17628923 -0.24847089 -0.13162783 0.6144385 -0.14999405 -0.108699076 -0.21005583 0.073360294 -0.09407932 0.27513388 0.13871646 -0.27143684 0.3687317 0.58100885 0.8494238 0.4022778 -0.34330264 0.0045123873 0.027165676 -0.4759729 0.60392636 0.14178383 -0.2845132 0.12194895 0.019621575
144 0.18376906 -0.2331392 -0.25337857 0.12145479 -0.24996768 -0.702174 0.6634887 -0.13959427 -0.33334398 -0.099186584 0.5551423 -0.1255382 -0.072262645 -0.22396228 0.024647808 -0.08141662 0.13004918 0.19231872 -0.35080323 0.27802098 0.62812984 0.88077825 0.4559785 -0.2602813 -0.032495826 0.035212077 -0.41153106 0.5732664 0.08053717 -0.314497 0.11175959 0.0043483456
145 -0.29452676 -0.4282009 0.23993279 -0.2750196 0.48871452 0.27630445 0.07429446 0.27507362 0.30862582 0.943565 0.4207217 -0.9282127 -0.09126211 0.037907127 -0.24172753 0.011591957 -0.061749566 0.4904675 -0.00036332197 -0.3584237 0.30533034 0.14284119 0.5423219 1.1138295 0.032045633 -0.019659266 -0.7680614 -0.9141179 0.24747643 0.055409484 -0.22831652 0.5123867
146 0.21055113 -0.3939013 -0.22361502 0.013555894 -0.25160092 -0.6321004 0.7549786 -0.16611914 -0.35707352 -0.1298095 0.5997696 -0.12392418 -0.06664352 -0.1499567 0.044076223 -0.042720996 0.22925378 0.12972662 -0.33878544 0.26097497 0.6774187 0.82934546 0.4416075 -0.2899868 -0.026135927 0.10162017 -0.3451095 0.5446399 0.23854718 -0.2358239 0.10678801 0.057553813
147 -0.2836586 -0.04546749 0.9655431 -0.32110384 0.3767638 0.46172202 0.6627322 0.73520637 0.21718886 0.8383833 0.7678577 -0.35079417 -0.28516036 0.67912245 -0.31701365 0.21561843 -0.1530003 0.3770244 -0.20122938 0.38098493 0.18340409 0.21962738 0.86792094 0.89147115 -0.17899519 0.7925996 -0.5655234 -0.6704708 -0.7708649 -0.43449324 -0.06346327 -0.15808901
148 0.16532117 -0.3429231 -0.15502156 0.044835966 -0.28375274 -0.50761586 0.79942805 -0.15247335 -0.3155562 -0.26705348 0.52657074 -0.09559893 -0.13829765 -0.32454157 0.12154272 -0.09890287 0.22623968 0.17436604 -0.24916548 0.18269631 0.70170766 0.89434224 0.39766335 -0.31054884 -0.10540987 0.15170635 -0.4391076 0.58770365 0.119915046 -0.29588813 0.14960782 0.11450631
149 -0.96559465 -0.47660178 0.2882716 0.09588384 0.64009243 -0.023266848 -0.1717178 0.12604432 0.14816847 0.27951625 -0.55148035 -1.1768959 0.13127871 -0.5367797 -0.3353772 -0.074428655 0.007882241 0.5432958 0.13302062 -0.020673575 0.1250139 0.1616095 0.791811 0.45219773 -0.18707004 0.41682315 -0.6312385 -0.89828056 0.45077437 -0.6276005 0.05563293 0.20337552
150 0.18069988 -0.3571645 -0.19249599 0.18614885 -0.24898404 -0.64019364 0.77563894 -0.07686141 -0.35772076 -0.068511315 0.52953327 -0.09394916 -0.008703909 -0.20857692 0.048853952 -0.11617678 0.12148345 0.1934868 -0.24382088 0.29258305 0.6870257 0.9055155 0.44423318 -0.45466337 -0.009392619 -0.015035178 -0.39940992 0.5536219 0.072939105 -0.31631067 0.09281104 0.059376102
151 0.23579524 -0.39429638 -0.221 0.13106836 -0.14005388 -0.71253765 0.706461 -0.058088087 -0.37825987 -0.11755071 0.580089 -0.1617066 -0.028230906 -0.22965115 0.10477811 -0.10972526 0.19852713 0.16036072 -0.28236625 0.37690815 0.60488117 0.85999423 0.4702112 -0.4724068 -0.036157355 0.05520585 -0.376593 0.5832529 0.1594344 -0.30755872 0.15057077 -0.023473121
152 0.040061712 -0.21610981 -0.14176825 -0.047320656 -0.30010417 -0.644028 0.6941463 -0.18193008 -0.3340956 -0.18376379 0.65905243 0.03560614 -0.13612759 -0.30411437 0.03894003 -0.08785842 0.19588694 0.09210487 -0.2677994 0.11896043 0.6503549 0.8321282 0.44624016 -0.231147 -0.008020337 0.08879127 -0.43653408 0.5668663 0.057833876 -0.3587779 0.20378958 0.021172132
153 -0.8978772 -0.4993583 0.2738772 0.170691 0.5554101 0.0012824456 -0.21809681 0.24707648 0.12786108 0.2601465 -0.65047425 -1.3223854 0.09128864 -0.5907523 -0.3800044 -0.08741826 -0.017075725 0.5769632 0.20840012 0.04471326 0.12178876 0.32244918 0.69566905 0.35157245 -0.2696567 0.43279064 -0.5803047 -0.80856645 0.48157427 -0.64500886 0.07748403 0.17928228
154 0.18388757 -0.1674518 -0.2135546 0.067543 -0.27223524 -0.6014047 0.6889802 -0.18925756 -0.3302334 -0.122246504 0.5280123 -0.06784063 -0.021101596 -0.20766664 0.023632718 -0.070338584 0.19998953 0.19128206 -0.4083882 0.22114313 0.6758198 0.86457884 0.5161694 -0.22748512 -0.019386299 0.089716755 -0.42643514 0.6434249 0.099259146 -0.29966563 0.17905024 0.0071993433
155 -0.44496778 -0.30311638 0.9322152 -0.6527531 0.5250862 0.3372648 0.6708127 0.62859595 0.30497068 0.65443975 0.90862656 -0.72722644 -0.6577375 0.5851567 0.12256639 0.39101785 0.028934797 0.49338707 -0.16705298 0.6771153 0.025801685 0.3374545 0.8815983 1.0442499 -0.025906164 0.9136296 -0.27617204 -0.4345863 -0.6582793 -0.38346478 -0.14177302 -0.28309238
156 -0.3903142 -0.1822988 0.18583041 -0.19338153 0.52895635 0.42234376 0.08305868 0.3790377 0.25909287 0.86809695 0.41824666 -0.99355173 -0.06373289 0.050937675 -0.21855542 -0.012923494 -0.12804833 0.3465935 -0.088482745 -0.5030833 0.33799192 0.30376244 0.46495372 1.1450421 -0.08679546 0.07383016 -0.8080676 -0.8782745 0.2197853 0.11376001 -0.16095221 0.5996381
157 -1.0731348 -0.49907783 0.3836251 0.09563824 0.65013385 -0.03629403 -0.15326038 0.062453534 0.24892071 0.333052 -0.57515097 -1.2846107 0.06967958 -0.73093647 -0.38341218 -0.12014608 -0.047514766 0.64645493 0.2911881 -0.035977934 -0.05289728 0.24444504 0.9009324 0.41748655 -0.09869333 0.34554544 -0.74603504 -0.83003694 0.4138511 -0.7330808 0.015198596 0.03889397
158 -0.30464527 -0.23131287 0.5011305 -0.10224796 0.56118876 0.55941427 0.4881979 0.4016028 0.22580267 0.9277193 0.80469507 -0.63494897 -0.21607263 0.3714798 -0.29490194 -0.0037221867 -0.29929355 0.37512383 0.29440087 -0.13621031 0.2546868 0.1610041 0.6372135 1.043706 -0.07840076 0.21863914 -0.7944255 -1.1352367 -0.47394848 -0.20603898 -0.26399565 0.37468025
159 -0.9602917 -0.45564198 0.21809198 0.15359642 0.5486493 -0.030881913 -0.23140888 0.2586297 0.109703146 0.29021573 -0.62298137 -1.1795217 0.1672408 -0.46885368 -0.3989304 -0.08119743 -0.09845066 0.5881304 0.04776389 -0.008087256 0.15515839 0.26897022 0.79538494 0.38706073 -0.17755736 0.46755755 -0.54036266 -0.85758084 0.5113723 -0.6084032 0.074102685 0.23728386
160 -0.49587923 -0.31466502 0.084992364 -0.04204836 0.44094422 0.26523307 -0.014955712 0.10057382 0.34803817 1.0670002 0.34128276 -1.0628673 0.13944171 -0.025186848 -0.5084227 0.014096048 -0.22243407 0.31999457 -0.13735361 -0.57923305 0.35733247 0.18407668 0.6405629 0.9964962 -0.05522657 -0.18051536 -0.8517507 -1.0036032 0.20009178 0.07479919 -0.2904807 0.319093
