1 0.04156424 -0.6803009 0.018093467 0.45034063 -0.14447616 -0.5300094 0.9213021 0.47657892 -0.21684979 0.017205922 0.39799985 -0.20739545 -0.1905157 0.0015529736 -0.06451927 0.12364182 -0.18886562 0.26939663 -0.01506114 0.3844667 0.48587725 0.9043761 0.55091786 -0.67228884 0.2094366 -0.18482591 -0.18023212 0.26128477 0.13146356 -0.17315347 -0.18743552 -0.359733
2 0.07971074 -0.5600457 -0.044859335 0.36161846 -0.081251174 -0.5769061 1.066123 0.3771352 -0.31380162 0.111105755 0.5015193 -0.18682623 -0.18350247 0.059442032 -0.03503837 0.07587684 -0.1582454 0.23984626 0.0948417 0.3307934 0.4648867 0.9218497 0.47368005 -0.6216066 0.15759633 -0.21756637 -0.21421659 0.1903237 0.05167855 -0.25079805 -0.29311535 -0.35500744
3 0.08450766 -0.70392996 0.015187708 0.4298971 -0.12514786 -0.6569289 1.0600929 0.4401389 -0.2566232 0.0041465946 0.522233 -0.17479287 -0.14558762 -0.08581119 -0.079031914 0.014928354 -0.15252373 0.19397953 0.18891448 0.2234948 0.50968385 0.8277739 0.4889945 -0.62521565 0.17688845 -0.211197 -0.22431801 0.21190655 0.1269525 -0.14051427 -0.14482415 -0.2131953
4 0.080028616 -0.6015771 0.16073713 0.38505676 -0.18879095 -0.58204466 0.9424855 0.48707438 -0.26524693 0.08802439 0.45619103 -0.16424094 -0.14683583 -0.016090425 -0.02863812 0.110779054 -0.1619682 0.21511799 0.037660535 0.2925905 0.49670315 0.87992275 0.46697026 -0.60649854 0.16536635 -0.14708842 -0.31136754 0.35614523 0.104962476 -0.1568818 -0.24998865 -0.26879507
5 -0.012074209 -0.5743108 0.05682186 0.3449701 -0.14311174 -0.5435729 0.95393527 0.50932676 -0.24988478 0.081834674 0.43783677 -0.20070903 -0.19217658 0.008646263 -0.07192933 0.060114503 -0.08025724 0.26068926 0.119640395 0.2925843 0.40581402 0.9469701 0.3941719 -0.5535044 0.20320342 -0.23098224 -0.3087577 0.34448385 0.10143775 -0.22202009 -0.30060348 -0.2865117
6 0.03708661 -0.5265389 0.088585466 0.40770638 -0.20574413 -0.6390566 0.932852 0.4201952 -0.2825738 0.12346511 0.38659886 -0.22582453 -0.20486954 0.005193889 -0.05771787 0.015234341 -0.19787954 0.25569934 0.014089953 0.33982554 0.42972255 0.8660297 0.40561765 -0.67714626 0.29822776 -0.17663264 -0.3660956 0.24202524 0.0332766 -0.16370393 -0.23214275 -0.36054838
7 0.061983027 -0.7160088 0.02679403 0.44330192 -0.1304418 -0.6227241 0.9723544 0.3371149 -0.3027342 0.095753096 0.43718314 -0.23322254 -0.1628335 0.0034120928 -0.08577545 0.13778134 -0.16018026 0.2805383 0.044483617 0.28470534 0.4719503 0.8772581 0.46974736 -0.6594129 0.27014703 -0.18191718 -0.27101672 0.32703784 0.050561164 -0.15129273 -0.17818396 -0.35307962
8 0.05387671 -0.67300355 0.11969224 0.48551202 -0.11346309 -0.66907555 0.97085124 0.36182496 -0.32749975 0.03947603 0.4346138 -0.12718888 -0.12245581 0.014865961 0.051172946 0.13683839 -0.1162052 0.20248872 0.04961159 0.3627754 0.56311005 0.7876182 0.51448023 -0.6400996 0.20914291 -0.15303852 -0.24098644 0.3297648 0.120077 -0.12315638 -0.19615445 -0.22370072
9 0.05240132 -0.580894 0.12561885 0.5269468 -0.07109056 -0.58375883 0.9943334 0.45960668 -0.26952454 -0.0396941 0.5101586 -0.19928785 -0.25238517 0.028540825 -0.040208198 0.07454428 -0.1066949 0.16068304 0.1438576 0.25264 0.5201342 0.81991184 0.45987147 -0.63227975 0.23481521 -0.29062372 -0.28165165 0.21756388 0.11922635 -0.25396803 -0.15934475 -0.21316576
10 0.016517593 -0.64486516 0.15598328 0.54712534 -0.1747329 -0.6206524 0.88644916 0.44101968 -0.22455865 -0.02483836 0.44055322 -0.24385633 -0.2665851 -0.036488328 -0.011150449 0.06803288 -0.13881724 0.22100005 0.027884418 0.29678464 0.48794055 0.78057426 0.42055404 -0.622851 0.31718904 -0.23839001 -0.29170713 0.28742275 0.040300276 -0.19407485 -0.18239342 -0.28573087
11 0.05237204 -0.49424565 0.10083296 0.43786457 -0.2006866 -0.61116546 0.99354494 0.4273015 -0.304124 0.04610925 0.43312263 -0.15922531 -0.16465056 -0.014806044 -0.08569884 0.029202512 -0.18169631 0.21448633 0.13019834 0.45650268 0.45163625 0.82679975 0.44410947 -0.6157222 0.16639008 -0.15393218 -0.3124807 0.26398337 0.097807236 -0.19352156 -0.18182078 -0.2835862
12 0.05412343 -0.51245254 0.09997004 0.38668457 -0.15343799 -0.5426187 0.9802225 0.45674017 -0.32646048 0.057575006 0.4735753 -0.14261517 -0.16082656 0.027815875 -0.07831553 0.13130048 -0.14729603 0.20423241 0.027531773 0.2761482 0.45715642 0.8840809 0.49200454 -0.6165699 0.21108983 -0.15081927 -0.34734023 0.2688396 0.03477743 -0.27009052 -0.2597995 -0.3089724
13 0.060063038 -0.48469618 0.13180424 0.46610686 -0.14882638 -0.594003 0.881664 0.32745785 -0.2841159 0.043835554 0.44818398 -0.19622898 -0.2455017 -0.040112723 -0.09032972 0.11075056 -0.14261127 0.1726786 0.14687215 0.33815488 0.48920083 0.8969829 0.38870183 -0.6800982 0.27419013 -0.24075352 -0.38049558 0.21864298 0.022245854 -0.21241498 -0.1288936 -0.33544597
14 -0.5486027 -0.56277066 0.3646584 0.09108958 0.31215465 0.54539937 -0.12870412 -0.6199413 0.19333303 -0.33718157 -0.0011605198 -0.7436764 0.28973293 -0.6136639 -0.075455464 -0.73891 -0.2591859 -0.084429674 -0.09527632 0.38176677 0.24889009 0.14225124 0.710689 0.34715512 -0.14001948 0.78513426 -0.549651 -0.25938925 0.0837956 -0.97113764 -0.043440692 0.51923794
15 -0.02088473 -0.4827835 0.021993803 0.4715027 -0.18139915 -0.5358177 0.8540538 0.296081 -0.2800605 0.10955218 0.3516423 -0.22161254 -0.26427042 0.012359603 -0.102202795 0.063391775 -0.16042587 0.20290835 0.09162083 0.40383583 0.43688777 1.0095235 0.44986433 -0.7131442 0.2066724 -0.21230204 -0.3098324 0.27667588 0.10429609 -0.17449053 -0.24570979 -0.34308526
16 0.050258413 -0.66232073 0.039753944 0.39958194 -0.10057108 -0.5988266 1.0604945 0.39821815 -0.2828916 0.06402634 0.45381808 -0.12829502 -0.15235944 -0.024986971 -0.0035544124 0.044781428 -0.1684917 0.19529365 0.12910037 0.29324165 0.53297585 0.8556131 0.50538945 -0.6396939 0.18678643 -0.12910771 -0.20299655 0.2639035 0.1667208 -0.20170835 -0.22962181 -0.29703438
17 -0.00038193577 -0.54486126 -0.075560674 0.30728412 -0.3164718 -0.72724265 0.7717528 0.26110038 -0.32219332 0.08694252 0.1675124 -0.12519504 -0.27035186 -0.12739263 0.17310423 0.15669374 0.043506477 0.16874501 0.0068136947 0.060376823 0.46667686 1.0137444 0.33644447 -0.60204935 0.2104693 -0.20417832 -0.45009062 0.32844955 0.22632952 -0.1508289 -0.21713701 -0.015618768
18 -0.22551306 -0.381915 0.5643762 0.110999405 0.67736316 0.46204752 -0.0009309293 -0.3749588 -0.01929183 0.021932973 -0.00012995477 -0.7414296 0.29570687 -0.12874164 0.23046604 0.24197502 -0.48893636 0.21055703 -0.42476758 0.014454704 0.3671875 0.043465763 0.64921707 0.9257363 0.18820275 0.84867465 -0.8080122 -0.5255864 -0.04615491 -0.54141086 -0.13457873 0.7336774
19 0.04325434 -0.53085554 -0.027619272 0.30568796 -0.29863918 -0.7620998 0.80211145 0.23279786 -0.29788414 -0.07454573 0.35315424 -0.18050659 -0.31617218 -0.12298284 0.14882354 0.12802905 0.08771158 0.26351 0.05280533 -0.013236945 0.4936515 0.9925055 0.36758563 -0.5910264 0.24222119 -0.23820172 -0.413071 0.25177735 0.16270985 -0.23558603 -0.16621785 -0.15210466
20 0.05624753 -0.5094132 -0.06007949 0.18291149 -0.1432658 -0.601677 0.78860426 0.32622713 -0.33897737 -0.03498597 0.22998977 -0.16821565 -0.23490296 -0.018008059 0.23743144 0.28691846 0.1205015 0.27302942 -0.031982806 -0.10109263 0.51655054 0.995713 0.405066 -0.5164415 0.111278065 -0.3188815 -0.4758277 0.27114558 0.1753308 -0.30134478 -0.33577305 -0.0708599
21 -0.24320793 -0.2625328 0.7251436 0.13473724 0.7242791 0.5365379 -0.028663363 -0.38769442 0.13531397 -0.011073232 -0.073827505 -0.8938057 0.3674221 -0.1349919 0.19548328 0.1806063 -0.6497769 0.07859073 -0.23331222 0.06439553 0.34528127 0.2450239 0.64755017 0.9307171 0.110348076 0.7570898 -0.81237644 -0.5210309 0.07430944 -0.4700963 -0.22734416 0.85855997
22 0.05869117 -0.5496221 -0.14242125 0.2150811 -0.24755433 -0.7069813 0.75904864 0.23217826 -0.37650326 0.021934304 0.22204837 -0.09644921 -0.2410633 -0.06283133 0.31262702 0.24247603 0.21831445 0.3032309 -0.025231687 0.045957766 0.5382121 0.9448075 0.42383677 -0.4507673 0.17360657 -0.20091735 -0.37502268 0.31692708 0.21956035 -0.19647019 -0.2680799 -0.077171996
23 0.07463894 -0.4954991 0.009262623 0.23052701 -0.16139777 -0.7176686 0.8677255 0.2495958 -0.3639492 -0.10397861 0.24003792 -0.049404133 -0.21848816 -0.12917851 0.4004313 0.2616574 0.18803056 0.18773407 0.019599108 -0.03026174 0.52288014 0.9689355 0.41331077 -0.50845706 0.21757197 -0.2250319 -0.45431608 0.27856365 0.250999 -0.18667966 -0.13143282 0.014983488
24 0.032592535 -0.46243152 -0.04700924 0.23549831 -0.25450042 -0.77246255 0.8689837 0.1978112 -0.42483312 0.029045597 0.27595413 -0.12190989 -0.25837618 -0.1392992 0.20166573 0.1837503 0.022544876 0.24627008 0.049594995 -0.0057778694 0.4749001 0.91614205 0.2579879 -0.51536405 0.16460443 -0.23111817 -0.5171788 0.27933288 0.11698207 -0.3030448 -0.2044188 -0.106493466
25 0.023443675 -0.52924824 -0.0030698827 0.26098794 -0.2700482 -0.7682231 0.87601525 0.24598736 -0.4227389 0.055562563 0.30550006 -0.16176087 -0.22695091 -0.1823579 0.21394546 0.12623592 0.1117274 0.18766621 0.13602005 -0.029138174 0.48632592 0.8892681 0.31512922 -0.5548244 0.2324786 -0.223068 -0.5085884 0.28123918 0.14877927 -0.2069311 -0.13706818 -0.010044303
26 0.06479049 -0.4732997 -0.042477142 0.3106677 -0.20351577 -0.7691935 0.9554009 0.19839124 -0.50381905 -0.0138768265 0.41772574 -0.12051106 -0.2621689 -0.13552324 0.15638669 0.18263619 0.17318515 0.35395375 0.042634137 0.029449219 0.4618986 0.83563215 0.352152 -0.45438993 0.34231016 -0.15358263 -0.4137933 0.19888356 0.0567238 -0.2222312 -0.16844037 -0.2396011
27 0.041202843 -0.39832765 -0.18458621 0.1910827 -0.26849982 -0.63412553 0.80668 0.28546843 -0.2758692 0.037283514 0.20718329 -0.21912289 -0.20581757 -0.019121662 0.15052775 0.27158472 0.0041451645 0.2757259 -0.08674086 0.20480706 0.37361652 1.098055 0.32814828 -0.55811816 0.21469383 -0.106076844 -0.42655304 0.40283078 0.16593182 -0.20519836 -0.25196826 -0.19248591
28 0.08043843 -0.48051757 -0.10771531 0.22702426 -0.31407514 -0.7343423 0.87906945 0.19942003 -0.40145603 0.02751128 0.31682223 -0.15728721 -0.21403567 -0.18604718 0.14412107 0.20125306 0.12588929 0.28292727 0.12503919 0.024095459 0.48337445 0.9178571 0.3610851 -0.5709045 0.25098422 -0.18129668 -0.46282497 0.20521376 0.12721184 -0.24575691 -0.20345207 -0.18593645
29 0.09877988 -0.48147064 -0.18459374 0.20384878 -0.23291528 -0.70046234 0.881945 0.105907924 -0.4762779 0.07066123 0.324857 -0.16133498 -0.22725388 -0.08866444 0.14898242 0.19656889 0.1741176 0.2606886 0.059549373 -0.019039443 0.470394 1.0069104 0.3975383 -0.5661859 0.16692227 -0.13809395 -0.404258 0.21343078 0.09873105 -0.24918574 -0.18525434 -0.19938725
30 0.007097939 -0.5040719 -0.0873847 0.16764222 -0.26991427 -0.63144577 0.7848153 0.3023362 -0.3074019 -0.055944894 0.23712899 -0.17457098 -0.27735662 -0.088381164 0.24946246 0.3154793 0.021083286 0.3060131 -0.09655655 0.017499343 0.37499335 1.0671412 0.4004641 -0.47519246 0.15389284 -0.21898308 -0.39258364 0.31262982 0.159603 -0.32506528 -0.2554345 -0.17166443
31 0.13399887 -0.48780245 -0.10818962 0.18271057 -0.30941266 -0.7239825 0.8636207 0.22319838 -0.4627394 0.038051225 0.25207675 -0.14863177 -0.2602802 -0.11058742 0.14204985 0.16665596 0.10438958 0.27636582 -0.0577969 0.05691265 0.44723776 1.0040678 0.3233175 -0.50194526 0.10298147 -0.11997492 -0.4619228 0.31319594 0.046390764 -0.29885164 -0.21526296 -0.20356789
32 -0.48574257 -0.5768056 0.35331672 0.13380164 0.29370022 0.47276857 -0.17602299 -0.6482875 0.27407923 -0.33414957 -0.06917291 -0.7641262 0.30196145 -0.56244296 -0.07017154 -0.77350307 -0.22623916 -0.041431025 -0.15645026 0.29700094 0.3001688 0.28726467 0.6539431 0.33670038 -0.01434681 0.6782388 -0.5723564 -0.29288155 0.19781865 -0.7643559 0.018723158 0.6739359
33 0.097698845 -0.49211732 -0.09736451 0.23496336 -0.26248097 -0.66121304 0.72520286 0.21617074 -0.36188206 0.012692442 0.20736055 -0.165095 -0.31362236 -0.095012024 0.17037709 0.2555512 0.1357601 0.31165823 -0.035993557 0.033141162 0.4937916 1.0438486 0.31912404 -0.5739918 0.24651177 -0.24910565 -0.44730428 0.23191136 0.13350941 -0.27058256 -0.2566306 -0.15919538
34 -0.072583094 -0.029054059 0.7238198 0.03292021 0.4280639 0.33830133 0.07057229 -0.13344051 0.06112973 0.1933969 0.25881135 -1.0893674 0.41678524 0.01982609 0.17780921 -0.009003132 -0.25777498 0.34993297 0.06355527 0.78167266 0.16428809 0.2163339 0.48358727 1.1504267 0.3965252 0.5820903 -0.8064851 -0.5125179 -0.11332363 0.092393264 -0.46637145 0.7092
35 0.067850485 -0.4991267 -0.15012816 0.1909923 -0.27388144 -0.724744 0.8123871 0.17271237 -0.3249878 -0.059115194 0.28441715 -0.19733623 -0.28723007 -0.12312736 0.3010546 0.22790408 0.1154843 0.24117452 0.007951217 -0.09434474 0.5017603 0.9758034 0.33268595 -0.49085346 0.15760423 -0.28937113 -0.41329548 0.29294991 0.18043226 -0.290867 -0.21664956 -0.029764695
36 0.24803258 0.027271256 0.17812414 -0.19444071 0.09148332 0.13497184 0.0038683526 -0.17262411 -0.042102706 0.1986013 0.5265688 -1.4435853 0.30267268 -0.067966916 0.5071673 0.05869122 0.037055817 0.787769 0.031768423 1.2098151 -0.0145530775 0.5040339 0.4715205 1.4511672 0.5102268 0.65296835 -0.5631798 -0.57000214 -0.10507958 0.330493 -0.7083432 0.3906287
37 0.13928731 -0.096555375 0.21496408 -0.1584393 0.19761391 0.15882932 -0.051993787 -0.22577505 0.032137875 0.1737486 0.5627354 -1.4376777 0.39765415 -0.1055473 0.59166265 0.012930091 0.14761434 0.7781527 0.070632115 1.2418187 -0.047004584 0.52817637 0.4930098 1.4350876 0.509949 0.637594 -0.5244865 -0.5113352 -0.07419607 0.3694503 -0.7167122 0.47503483
38 0.25767106 -0.086373895 0.04637591 -0.061032157 -0.03398189 -0.108939216 0.069224715 -0.2134299 -0.14180037 0.19013545 0.8270157 -1.4076239 0.40597796 -0.13976784 0.524479 -0.06861268 0.36728317 0.8947743 -0.0069991928 1.3831904 -0.11638969 0.4240717 0.46559843 1.5148121 0.6700568 0.7566274 -0.34151828 -0.5518528 -0.35523793 0.44890964 -0.666325 0.092948236
39 0.08244253 -0.4018367 -0.11448219 0.22202075 -0.34826845 -0.68176776 0.78157353 0.22721688 -0.41569272 0.047087718 0.21718168 -0.24347012 -0.299693 -0.119807 0.17775571 0.20900272 -0.006501681 0.19215108 -0.073272936 -0.029017106 0.4116613 1.0908918 0.31124577 -0.56128854 0.15882502 -0.10619074 -0.5022161 0.34580725 0.080241464 -0.23516826 -0.24552621 -0.163632
40 -0.57675135 -0.55912226 0.30114356 0.0717864 0.3614292 0.4692568 -0.15413639 -0.6370747 0.1496792 -0.314454 -0.07838958 -0.76284903 0.28737855 -0.5895691 -0.0011083625 -0.76538783 -0.19368526 -0.05833063 -0.15164512 0.2756639 0.24778372 0.151677 0.75031585 0.38787618 -0.03981876 0.76799697 -0.6140655 -0.33814728 0.15667947 -0.9396696 -0.053576123 0.6645964
41 0.22219567 -0.226684 0.18665712 -0.31495756 0.18415834 0.20107514 0.020765733 -0.15236813 0.04532715 0.2632309 0.40861136 -1.4266475 0.37044883 -0.08037063 0.45861384 -0.07001903 0.14389378 0.50147194 0.18884146 0.9997218 -0.016404655 0.5371377 0.40417957 1.2345581 0.43467504 0.51763976 -0.6333778 -0.53052175 -0.0052258754 0.40792635 -0.52837235 0.6852441
42 -0.46079603 -0.7330476 0.36931458 0.09764472 0.27990255 0.59714234 -0.15833929 -0.63239753 0.29151323 -0.3768105 -0.030360729 -0.90437984 0.22887897 -0.5639936 -0.18421344 -0.7438276 -0.34600064 -0.106431074 -0.23241338 0.23524638 0.19924352 0.28038973 0.75898665 0.4061685 -0.061721276 0.7951849 -0.49941984 -0.28508562 0.12059324 -0.9002363 -0.009982892 0.58934474
43 0.18584332 0.06310723 -0.098992586 -0.26162267 -0.09030003 -0.024431622 -0.07293595 -0.17284986 -0.10334022 0.2144141 0.5760775 -1.4378937 0.29239458 -0.14403293 0.6740298 0.02169858 0.46627143 0.84038496 0.01148269 1.2641932 -0.22061944 0.7778269 0.34789813 1.526723 0.6408292 0.6645313 -0.5968184 -0.38922298 -0.20649767 0.415708 -0.8217494 0.3292233
44 0.06395677 -0.52727693 -0.11633381 0.24059692 -0.28783906 -0.70886165 0.8252651 0.29733247 -0.333592 0.040906988 0.24499995 -0.21916342 -0.2806314 -0.091189034 0.19620618 0.24196272 0.07341748 0.2798161 -0.0066540674 0.042119008 0.4674554 1.0240824 0.39915356 -0.56133705 0.23822874 -0.25773913 -0.43890026 0.24133186 0.14133291 -0.21547255 -0.26692736 -0.22291316
45 0.048152413 -0.6151158 -0.09652843 0.33206946 -0.20195922 -0.79826945 0.8531339 0.16251527 -0.4087793 0.05327507 0.36590242 -0.05451578 -0.25920254 -0.16609095 0.22027716 0.19763267 0.12760705 0.24761777 0.036132384 0.06957368 0.55344135 0.8553288 0.31602836 -0.47657976 0.17955156 -0.13081874 -0.41555953 0.24371581 0.09893688 -0.15822147 -0.19665039 -0.12566866
46 0.035019103 -0.53852165 -0.0050733956 0.24113764 -0.24215873 -0.72125673 0.8846014 0.19209796 -0.457421 0.11167858 0.3223655 -0.102899216 -0.24023527 -0.1086811 0.13384606 0.2947296 0.040850442 0.21001671 0.0039589317 -0.16619314 0.5038288 0.8492195 0.3039167 -0.4469361 0.209249 -0.20933205 -0.5338378 0.21294688 0.030623019 -0.29035202 -0.16107313 -0.08052423
47 -0.53627455 -0.5755489 0.24649353 -0.019729719 0.32951602 0.5502079 -0.22467898 -0.58429885 0.22959219 -0.3729863 -0.17611596 -0.9425463 0.29880905 -0.56098264 0.05893882 -0.6617491 -0.22990449 -0.06590455 -0.24277873 0.33245733 0.15183087 0.27290073 0.7798453 0.30015904 -0.09701706 0.72373223 -0.5316034 -0.21577606 0.13813186 -0.9003591 -0.08939339 0.6352832
48 0.06588898 -0.5494757 -0.047641058 0.24967106 -0.20388679 -0.7453867 0.78757566 0.2637957 -0.34001443 -0.11234673 0.20797117 -0.12394952 -0.26227862 -0.10522123 0.26074558 0.121480316 0.16947368 0.29849318 0.003517301 0.08630422 0.5098262 0.99603224 0.40531853 -0.5280272 0.17833021 -0.21808106 -0.33601943 0.25354075 0.19811326 -0.2296627 -0.15698355 -0.118371435
49 0.06591257 -0.52306443 -0.06630169 0.28207484 -0.26503852 -0.73165894 0.9948875 0.22939508 -0.42081997 -0.053695407 0.31697518 -0.037433524 -0.21243453 -0.16268332 0.26537326 0.19723889 0.12296656 0.19860847 0.027096564 -0.007962406 0.47832862 0.80688184 0.3856876 -0.4428734 0.22871388 -0.1538393 -0.44525704 0.21671525 0.14922675 -0.23922735 -0.16107725 -0.12104601
50 -0.24237344 -0.16419247 0.5297599 -0.032104038 0.7356804 0.6522163 0.07005316 -0.32716924 -0.051913258 0.087876 -0.06795357 -0.78513587 0.3561263 -0.05832036 0.25722715 0.2603506 -0.49028492 0.18757099 -0.3440152 0.14316103 0.20190866 0.22100821 0.6891815 0.93846935 0.05137124 0.71402526 -0.8553583 -0.52978164 0.05543452 -0.6706761 -0.27549782 0.7376858
51 0.07519304 -0.58968097 -0.048928298 0.22712162 -0.2227166 -0.7500677 0.86238337 0.20967266 -0.39867964 0.01813054 0.32813025 -0.12084156 -0.1962996 -0.10337997 0.23620264 0.20891091 0.206644 0.25104356 0.034378376 -0.06887514 0.5644441 0.8782613 0.36273342 -0.50290596 0.23926173 -0.17184274 -0.44061604 0.24004534 0.11844741 -0.17637083 -0.14522168 -0.06039228
52 0.080803275 -0.41161215 -0.031483337 0.1717489 -0.25471455 -0.6271889 0.9147047 0.27743223 -0.32731348 0.07291377 0.21371533 -0.19427107 -0.21338974 -0.06837896 0.1987977 0.23736343 0.032410607 0.14216927 0.04765715 0.11043081 0.35701928 1.1012264 0.3341955 -0.5747701 0.14049715 -0.21552157 -0.54768384 0.29662842 0.1889433 -0.21311109 -0.18780535 -0.05782884
53 0.08949373 -0.45151803 -0.179439 0.18830706 -0.27280596 -0.63816553 0.8237772 0.21949683 -0.4368109 0.14203393 0.18926586 -0.1309306 -0.22507091 -0.048195485 0.14539512 0.27706107 0.031797804 0.27138788 -0.08172571 0.12609327 0.41942745 1.0636201 0.37915087 -0.5741971 0.18888049 -0.16082118 -0.44315434 0.26822573 0.06619929 -0.2817178 -0.30030426 -0.25737798
54 -0.6299295 -0.4328594 0.24868107 0.13913749 0.334303 0.5049944 -0.27054447 -0.64093786 0.24699436 -0.3444433 -0.21180245 -0.84053284 0.23419207 -0.5310328 -0.0013231863 -0.672617 -0.2631703 -0.08013256 -0.16947842 0.28603664 0.20894177 0.42875212 0.64294076 0.390261 -0.008024066 0.7094966 -0.68675053 -0.25456583 0.20288 -0.85289747 -0.043692864 0.68199635
55 0.07921527 -0.5189932 -0.022278903 0.24375138 -0.21818277 -0.8167034 0.95095944 0.2400771 -0.4361404 0.046885848 0.35223967 -0.1338558 -0.22721177 -0.16355737 0.22144285 0.1563797 0.059088964 0.19953589 0.1181607 0.017703503 0.44043928 0.92390734 0.33906138 -0.5085763 0.25545332 -0.1701087 -0.42999488 0.24778478 0.121952295 -0.1698744 -0.13973834 -0.107238434
56 0.13545354 -0.49981806 -0.011996566 0.26830113 -0.3154284 -0.77055466 0.8814506 0.23612048 -0.49872726 -0.0014097387 0.33471796 -0.1784948 -0.23672067 -0.14376551 0.07939351 0.17209889 0.1469496 0.2596722 -0.034891434 -0.038308688 0.45888194 0.8419771 0.42066473 -0.5131475 0.25002298 -0.14293303 -0.42144203 0.28311706 0.04294054 -0.2512835 -0.12180619 -0.19995084
57 -0.46184963 -0.379534 0.25617775 0.05999709 0.13857332 0.3968123 -0.36120823 -0.7215576 0.06260594 -0.36132798 -0.3210839 -0.8446319 0.08117441 -0.74040645 -0.19304305 -0.95468503 -0.26379246 0.0013516166 -0.41299063 0.68901163 0.23827115 0.320513 0.77499753 0.018846404 -0.12609026 0.9601719 -0.7786712 -0.22536804 0.15650569 -0.969773 0.077979885 0.60187066
58 0.029247364 -0.48404092 -0.06701106 0.23406568 -0.2718877 -0.74646616 0.8453775 0.31031668 -0.3432246 0.03662317 0.2643301 -0.13885573 -0.19412392 -0.13141936 0.24615139 0.19692075 0.0878089 0.14584872 0.05543812 -0.0804622 0.44936606 1.0164278 0.34678665 -0.5296105 0.18485153 -0.19049707 -0.4637559 0.2443659 0.2424832 -0.20886183 -0.24244885 -0.0015284307
59 0.09434941 -0.5523415 -0.09351659 0.23228002 -0.29952624 -0.67310226 0.9210896 0.3022831 -0.32646763 -0.004409889 0.26060826 -0.2020919 -0.22916768 -0.11717109 0.16874386 0.18164708 0.0837091 0.20075767 -0.02509971 0.09471818 0.45222554 1.0018225 0.4236613 -0.5980335 0.15378594 -0.20615375 -0.43671378 0.33674347 0.14713344 -0.23263101 -0.1745076 -0.1631254
60 -0.5131001 -0.29082823 0.2473867 0.10379182 0.18930113 0.3690189 -0.25263068 -0.7881828 0.006547223 -0.3197215 -0.2568398 -0.8578508 0.21290804 -0.7171763 -0.21164031 -0.93723243 -0.29917118 -0.15907298 -0.40646482 0.7755718 0.23068695 0.30474448 0.741994 -0.026109014 -0.11437968 0.9634329 -0.74482787 -0.23475283 0.028418887 -1.0268426 0.13367873 0.4035417
61 -0.52973026 -0.38446444 0.1564448 0.040420398 0.22607403 0.36865664 -0.15439509 -0.72893363 0.09375115 -0.4359899 -0.18391751 -0.9526696 0.27519038 -0.6954944 -0.08911616 -1.0004432 -0.15001869 -0.30628017 -0.32909614 0.70846754 0.20742138 0.3846786 0.648211 0.023108656 -0.17835738 0.8626169 -0.7107045 -0.1270093 0.038982674 -1.0114644 0.13872322 0.46300954
62 0.2716553 0.10737933 0.17707276 -0.19933625 -0.052776925 -0.052213006 0.0058499346 -0.18230923 -0.14002314 0.31560308 0.38645095 -1.4740479 0.3268249 0.010644651 0.51821417 0.14926997 0.115613334 0.7910913 -0.07263025 1.4441111 -0.073261 0.5473885 0.46673095 1.3665539 0.52013546 0.6540712 -0.5013564 -0.55914587 -0.1944168 0.34058797 -0.6786281 0.1633276
63 0.17292051 -0.1254712 0.31273896 -0.23699987 0.08153956 0.021039726 0.08928156 -0.21343946 0.025423855 0.1765054 0.5300254 -1.38145 0.45508182 -0.17673975 0.4255143 -0.23605657 0.30916032 0.6120429 0.30509743 0.9527406 0.081761315 0.46611455 0.36728165 1.3868308 0.50938797 0.53927755 -0.6563974 -0.6507793 0.030661954 0.46066144 -0.50061166 0.7839666
64 0.106427364 -0.61416644 -0.08646401 0.28018838 -0.34537813 -0.76566315 0.7646593 0.21925433 -0.3110662 -0.0503288 0.23816244 -0.20228139 -0.24014844 -0.18312933 0.21246731 0.19382769 0.14946456 0.22445439 -0.040365096 -0.007819414 0.4721093 0.9539972 0.40901008 -0.57909715 0.23094077 -0.18016024 -0.4388663 0.2955503 0.124016285 -0.17945002 -0.11004276 -0.086567454
65 0.047375996 -0.366432 -0.11739225 0.19720468 -0.28573912 -0.78940666 0.84934217 0.25084344 -0.46283212 0.075768955 0.2756692 -0.16462137 -0.32251772 -0.051250704 0.23401424 0.22379117 0.02373971 0.2983967 -0.049208105 0.043424487 0.3718691 1.047965 0.30329967 -0.4270128 0.16683768 -0.15301774 -0.47900155 0.3672959 0.1328922 -0.23078804 -0.29270786 -0.21164557
66 0.08112707 -0.49063152 -0.11307545 0.25202897 -0.2466886 -0.7664315 0.8280597 0.055689327 -0.42915767 -0.02290189 0.229795 -0.11411186 -0.27677324 -0.19954997 0.25114453 0.2403464 0.14744192 0.18536071 -0.0076938355 -0.036920026 0.5305615 0.91127586 0.28742748 -0.5291734 0.18298732 -0.14667727 -0.48792362 0.21754654 0.09943403 -0.2615584 -0.13429877 -0.11428063
67 0.046990104 -0.55867165 -0.06011798 0.21469817 -0.17122093 -0.7273667 0.8330305 0.21679766 -0.4120402 -0.04912023 0.21824259 -0.060628757 -0.2766934 -0.10849201 0.32956496 0.2803315 0.16801362 0.26313278 -0.02088794 -0.07412161 0.51790994 0.86464626 0.4248755 -0.47163966 0.1951232 -0.2084619 -0.41351074 0.26811233 0.23475474 -0.31941268 -0.17573264 -0.059556246
68 0.07863277 -0.48524728 -0.027014075 0.23887376 -0.28230798 -0.69847345 0.79514056 0.2860432 -0.34787834 -0.06287817 0.23271753 -0.11345536 -0.25284484 -0.16446908 0.26907626 0.20803003 0.116830274 0.20702446 -0.015783073 -0.03169969 0.49541032 0.99525774 0.40696132 -0.54764634 0.18296628 -0.26000574 -0.43970895 0.24628736 0.16380955 -0.2666012 -0.1770091 -0.06804045
69 0.018320339 -0.42953837 -0.04213917 0.11854424 -0.21010347 -0.6794734 0.8306842 0.2519317 -0.33622456 0.0825794 0.2000369 -0.1581425 -0.2602189 -0.10840384 0.27029335 0.1502825 0.034584206 0.16716097 0.097635075 0.029815864 0.45973468 1.0030994 0.32682154 -0.5694874 0.115611844 -0.22455928 -0.5018137 0.34801802 0.20634474 -0.22973649 -0.29649502 -0.027692776
70 0.07180929 -0.43452713 0.0100710625 0.1392859 -0.33144292 -0.76487744 0.85600954 0.20011584 -0.41948527 0.048096586 0.22789767 -0.16070677 -0.21169242 -0.20012107 0.18452047 0.26931643 0.14109005 0.15473795 0.01083265 -0.043280903 0.47484455 0.9707722 0.30966476 -0.55678356 0.1954132 -0.10939939 -0.56549305 0.2522113 0.09802998 -0.19991958 -0.06996394 -0.11807962
71 0.06640081 -0.60368675 -0.09429415 0.33877662 -0.30237314 -0.6823219 0.7786638 0.24485584 -0.39841834 0.011193206 0.33292058 -0.22412251 -0.28377798 -0.100855336 0.13115759 0.13583992 0.13035513 0.24601538 -0.0030809385 0.07574988 0.42619264 0.8903001 0.35964376 -0.6036736 0.26871267 -0.22474891 -0.43889943 0.26233017 0.06763121 -0.22448915 -0.14493024 -0.18405795
72 0.17196757 -0.08679125 0.0068168296 -0.19142523 0.009251981 -0.13807899 -0.13344866 -0.36320838 -0.05673959 0.08990569 0.454357 -1.4478551 0.28038898 -0.18942842 0.79738516 0.019947225 0.39615506 0.8454867 0.10395496 1.1599282 -0.040249135 0.59331626 0.43663797 1.5224204 0.6390034 0.6014523 -0.5245147 -0.63447714 0.027383218 0.42940405 -0.62146664 0.6025318
73 0.04369316 -0.43400767 -0.011148748 0.3333885 -0.23612459 -0.763899 0.82927823 0.2059548 -0.4979908 0.13171116 0.22032271 -0.06727267 -0.26947805 -0.07969297 0.23178852 0.3279103 0.017252456 0.248093 -0.06335421 0.0612351 0.5160418 0.92651105 0.34188163 -0.50982296 0.2356888 -0.13411409 -0.5021204 0.23420388 0.012640128 -0.23161781 -0.18045585 -0.15944915
74 -0.48300958 -0.2314584 0.2263477 0.108288564 0.13760859 0.39621434 -0.15887547 -0.79448766 0.041663717 -0.3708602 -0.14825626 -0.8897119 0.18589357 -0.78991586 -0.2133911 -0.88177925 -0.26318574 -0.25580022 -0.41681647 0.7157213 0.18529125 0.31124878 0.79471755 0.0053960113 -0.063733265 1.0046049 -0.70048076 -0.18553221 0.07738238 -1.1005331 0.18367161 0.43751928
75 -0.5195885 -0.43155915 0.1937877 0.047914512 0.22657433 0.4743442 -0.26461196 -0.8339857 0.07853955 -0.38771355 -0.15520233 -0.89409995 0.25394133 -0.77463084 -0.15248324 -1.0269314 -0.18457347 -0.15353334 -0.2843055 0.65173316 0.25089058 0.39805037 0.7475114 0.06807241 -0.24266274 0.9763682 -0.66842645 -0.2671303 0.008715089 -1.0585281 0.11482778 0.4760751
76 0.117664285 -0.48741496 -0.086477116 0.21701245 -0.22818632 -0.66486055 0.82331127 0.12700488 -0.4529209 0.068134256 0.24064502 -0.16864818 -0.201376 -0.100138046 0.16516875 0.3274032 0.043873806 0.20049286 -0.0792211 0.008457369 0.46238858 0.89310265 0.33435 -0.5347358 0.24033946 -0.11328753 -0.47720927 0.21498345 0.0054090177 -0.23780872 -0.11758874 -0.20172596
77 -0.45922154 -0.41240215 0.13648899 -0.0731354 0.18903744 0.63396525 -0.31002063 -0.6921295 0.10130239 -0.27832964 -0.25914672 -0.9559441 0.12387502 -0.61687875 -0.26544616 -0.8679619 -0.241468 -0.03670747 -0.32490447 0.6190198 0.13892785 0.55171376 0.6308807 0.08119144 -0.33982733 0.8669755 -0.81995416 -0.13032034 0.022990683 -1.0419548 0.03093495 0.44217062
78 0.0053063864 -0.5194817 -0.13095869 0.18110128 -0.2761145 -0.6765379 0.72240955 0.23619461 -0.38574997 0.056203164 0.18238203 -0.18486123 -0.27539662 -0.06665684 0.12190428 0.2091887 0.03688487 0.26144123 -0.13489501 0.07894115 0.44686484 1.0267037 0.37687123 -0.59527284 0.1329349 -0.17195253 -0.45615262 0.37731355 0.1549151 -0.27484387 -0.28327683 -0.14310953
79 0.15616217 -0.056908943 0.38501737 -0.1721565 0.16908035 0.16280244 0.19097951 -0.18504307 -0.027083257 0.16488376 0.5355838 -1.3973035 0.5160789 -0.16653429 0.5487343 0.0019387836 0.23645182 0.5571253 0.22553338 1.0894401 0.011077872 0.45076227 0.49311903 1.449426 0.4075132 0.5587791 -0.59292746 -0.6540459 -0.063336164 0.2970488 -0.574895 0.6665093
80 -0.47728124 -0.32697225 0.18538074 0.06508102 0.22594061 0.6123438 -0.25661886 -0.6449779 0.11911301 -0.3238753 -0.25494418 -0.9118623 0.13265595 -0.6147658 -0.21160074 -0.9376331 -0.31322816 -0.0625758 -0.37662864 0.70742804 0.06530243 0.45195082 0.66010296 0.019636082 -0.22120778 0.87177175 -0.7964963 -0.11813933 0.08940101 -1.0529705 0.040078204 0.4384093
81 0.09942298 -0.6056943 -0.07157558 0.2607486 -0.24534823 -0.71145856 0.78269464 0.16916835 -0.4545169 0.07784537 0.22625098 -0.10761078 -0.2588513 -0.086819805 0.19475749 0.30030045 0.08923129 0.24138843 -0.1554457 -0.06175759 0.4946416 0.8866948 0.32640326 -0.53107256 0.11799506 -0.116337486 -0.49662971 0.25656176 0.0466728 -0.24479996 -0.2245663 -0.16386382
82 -0.49251765 -0.34926188 0.2742837 0.04436305 0.27770033 0.49382526 -0.1732271 -0.7312896 0.12449414 -0.4276166 -0.19902085 -0.98462355 0.24126403 -0.72282976 -0.16857481 -0.94979924 -0.21750079 -0.27145395 -0.2684926 0.7264536 0.23220451 0.31143177 0.7443292 -0.004523029 -0.2245934 0.9037559 -0.76507956 -0.24974304 0.042075586 -1.0647024 0.21417792 0.4632739
83 -0.2103048 -0.31580028 0.61025244 0.0611555 0.71367365 0.5061314 -0.08073036 -0.3688807 0.03499529 0.10682874 -0.2114096 -0.9082753 0.27993283 0.0067685326 0.09553719 0.09321388 -0.47523752 0.17486374 -0.27622485 0.024307972 0.40687862 0.29425707 0.5864281 0.84439754 0.087806724 0.69059134 -0.87003905 -0.6261505 0.045544185 -0.39055094 -0.19660935 0.84379536
84 -0.51496756 -0.41797906 0.29420814 0.036771435 0.26457357 0.4839846 -0.28664607 -0.70370376 0.14794564 -0.3965415 -0.2685619 -0.89002216 0.19860244 -0.69076407 -0.15479358 -0.9522666 -0.28993157 -0.07692614 -0.3359699 0.69294924 0.27046782 0.40064877 0.6912186 0.04514263 -0.19661902 0.9158631 -0.7693232 -0.12455744 0.08792579 -0.97026616 0.10611504 0.55185604
85 0.08880559 -0.46127737 -0.089264214 0.24338642 -0.24788634 -0.633372 0.8429197 0.27344474 -0.3340748 0.023768764 0.22115844 -0.16586798 -0.26801306 -0.08536763 0.106631726 0.31892323 0.118137635 0.21186808 -0.09994354 0.054239642 0.35056832 1.0183978 0.3638336 -0.48971874 0.19305114 -0.20038342 -0.4467908 0.28141966 0.15182415 -0.30984008 -0.12453982 -0.20134573
86 0.019649278 -0.51944816 -0.06348212 0.25673705 -0.23594047 -0.74339604 0.79368913 0.2129576 -0.3821823 0.0094379755 0.2816786 -0.19490038 -0.30368185 -0.12198235 0.23070496 0.2482805 0.13984457 0.29614973 -0.05493908 -0.023191292 0.47027624 0.9235084 0.43765104 -0.49184233 0.20853475 -0.23057757 -0.40597492 0.23730052 0.10445255 -0.24006517 -0.22098625 -0.1565117
87 0.043642513 -0.3558622 0.57511693 -0.12038187 0.47867364 0.47064456 0.24810731 -0.08591701 0.2449408 0.044210806 0.3858071 -1.2055455 0.59355694 0.056284696 0.26862803 0.027364701 -0.14656621 0.29290545 0.057597905 0.57697195 0.06907263 0.2970595 0.4969617 1.1519094 0.1795937 0.44619557 -0.58356106 -0.5421301 0.08683441 0.12047847 -0.36984015 0.75791603
88 0.09411323 -0.53509533 -0.016240384 0.23015615 -0.19716889 -0.727037 0.776341 0.1871872 -0.33559674 -0.0047685276 0.14563358 -0.086232856 -0.29882628 -0.075625956 0.25469115 0.2696688 -0.019728277 0.24355684 -0.07796421 -0.060970332 0.5386932 0.94363713 0.36590084 -0.47652048 0.22214101 -0.1432967 -0.48286033 0.30091575 0.10204747 -0.24377094 -0.17396416 -0.080377
89 -0.35096544 -0.5370793 0.01637275 0.06925018 0.21921949 0.46518478 -0.13133384 -1.0609494 -0.087793946 -0.36270759 -0.043192767 -0.8716069 0.20529765 -0.7189157 -0.16169958 -0.80314445 -0.059752584 -0.087576166 -0.3553139 0.32571504 0.30872583 0.31370094 0.60836476 0.29969773 -0.18070962 0.92951494 -0.7169437 -0.42228362 -0.14865705 -0.9636579 0.15359694 0.4265238
90 -0.28234255 -0.20882311 0.6656852 0.04905963 0.6351966 0.5227354 0.037360575 -0.3250957 0.053471044 0.09995974 -0.037765887 -0.92414826 0.43794274 -0.10059288 0.20453207 0.14850728 -0.501134 0.015940217 -0.178206 0.068743214 0.25391388 0.22500817 0.6019442 0.8661106 0.17794754 0.7719097 -0.8727771 -0.48431072 0.0032457495 -0.44568104 -0.21328959 0.8556622
91 -0.3621577 -0.5114941 0.02582051 0.0356898 0.1270938 0.3740446 -0.14762934 -1.0672833 -0.1400303 -0.32867688 -0.12464721 -0.75176346 0.22520293 -0.77862656 -0.13328403 -0.74137163 -0.025911335 -0.03883726 -0.3407197 0.33238915 0.28990817 0.35350642 0.61785984 0.31958026 -0.15942283 0.91464823 -0.62627715 -0.4170419 -0.06485456 -0.91707885 0.14791264 0.43920588
92 0.00605815 -0.51079166 0.025519649 0.32711068 -0.22030726 -0.7574802 0.7780727 0.23102894 -0.35836002 0.004522958 0.17869103 -0.19671349 -0.256176 -0.06729672 0.1742794 0.21493116 0.03918025 0.21343797 -0.042821035 0.015348981 0.50271165 0.9781631 0.34741864 -0.6793151 0.25076252 -0.20943616 -0.5079626 0.3691391 0.19201544 -0.16284916 -0.12443566 -0.028278792
93 -0.3298239 -0.46180108 -0.074797675 -0.07419226 0.20395483 0.49992615 -0.14890914 -0.98002005 -0.15309806 -0.27994025 -0.102988064 -0.87134105 0.19369012 -0.6645719 -0.16932829 -0.75728166 -0.11139223 -0.09688043 -0.49927017 0.3560727 0.20826107 0.4182998 0.5541416 0.2634181 -0.2635717 1.0167075 -0.806802 -0.2746327 -0.16497879 -1.0412854 0.14505178 0.41171405
94 0.00028515377 -0.5215701 -0.080852516 0.25658712 -0.19325936 -0.66888785 0.75762296 0.3079541 -0.32614452 0.020749303 0.19079764 -0.13462919 -0.2681918 -0.058863107 0.19600116 0.31002995 -0.03947194 0.31974015 -0.08585571 0.0527456 0.46961582 1.0546916 0.37420663 -0.5332306 0.2880557 -0.15497485 -0.41689897 0.38086417 0.19940333 -0.21863386 -0.2437563 -0.18084054
95 -0.043254927 -0.49500716 -0.08662539 0.31271714 -0.24463141 -0.74489176 0.8385183 0.14696707 -0.41886982 0.069551505 0.2823934 -0.07429417 -0.22141996 -0.079214394 0.19012634 0.25557184 0.10997546 0.23450631 0.055367254 0.013374465 0.48991156 1.0249825 0.31050694 -0.47661322 0.22180437 -0.16187933 -0.4696518 0.29808357 0.1650149 -0.22251599 -0.216788 -0.100754894
96 -0.004941505 -0.49911496 -0.06633948 0.22626661 -0.34285152 -0.74549973 0.7563357 0.23983958 -0.32102636 0.03890608 0.16408686 -0.19862145 -0.2730152 -0.12516934 0.20370176 0.21951707 0.05785715 0.20944646 -0.058983102 0.04901998 0.385726 0.9937882 0.23684525 -0.53267837 0.24224618 -0.18829438 -0.52688545 0.338257 0.15024823 -0.16221718 -0.19002607 -0.067227624
97 0.2912086 -0.18063532 -0.025375636 -0.18736061 0.0069063036 0.029593047 -0.055720884 -0.32456848 0.033715006 0.16550107 0.57519007 -1.523983 0.35615516 -0.06693312 0.5145301 -0.041872166 0.17542192 0.8130227 -0.018163979 1.153231 -0.017763728 0.630211 0.43675664 1.4606998 0.55668896 0.62349504 -0.4231338 -0.64890224 -0.060766716 0.488246 -0.61295193 0.34522521
98 0.008379836 -0.49689072 -0.12702675 0.15040597 -0.21965735 -0.68632895 0.82335764 0.2652677 -0.24875459 0.08930394 0.19649377 -0.23812068 -0.25315303 -0.062342357 0.08239114 0.27139312 -0.0041902214 0.27686873 0.051660262 0.015622584 0.3969978 1.0880718 0.31248248 -0.5067312 0.16213886 -0.23147528 -0.4430152 0.35348633 0.20221137 -0.23415868 -0.24940644 -0.09456619
99 -0.20659415 -0.43901837 0.12004245 -0.06816881 0.085077256 0.3678995 -0.104814425 -1.0510085 -0.13154167 -0.3480448 -0.042889528 -0.8087699 0.17555936 -0.7733623 -0.2060564 -0.8350219 -0.018086372 -0.080806255 -0.32002953 0.38624212 0.2634219 0.24178378 0.5811396 0.27464464 -0.21869883 0.9580786 -0.7406306 -0.3828986 -0.10948901 -0.97850555 0.27258033 0.44977593
100 -0.3510074 -0.5553267 -0.012494335 0.018769886 0.14248309 0.36938828 -0.20527916 -1.020151 -0.1223968 -0.40702853 -0.10993238 -0.76235074 0.17362891 -0.78659314 -0.034742825 -0.7752849 -0.01916384 -0.051160563 -0.43896475 0.25174546 0.35613337 0.32858634 0.6499823 0.35314807 -0.17770228 0.9453281 -0.66743976 -0.38704616 -0.072699845 -1.0040721 0.15683985 0.51827705
101 0.079242334 -0.54046094 -0.10774709 0.15649001 -0.2792028 -0.6806441 0.83901435 0.30231553 -0.34939504 0.018292198 0.2127311 -0.22987047 -0.24702327 -0.05132097 0.12299749 0.215964 -0.012055832 0.260137 -0.07298576 0.00067680236 0.4134175 1.0202862 0.3752689 -0.5040401 0.17037514 -0.16549414 -0.4245827 0.39663973 0.18103366 -0.2442457 -0.22103973 -0.11859584
102 0.03356147 -0.33179873 0.62253255 0.108037665 0.5533026 0.2764722 0.19328359 -0.24155487 0.09540682 0.03824664 0.3504404 -1.0626514 0.47231883 -0.029673329 0.21064492 -0.06513626 -0.14792068 0.3951167 0.056666736 0.40918058 0.36789408 0.13036202 0.45691738 1.2058711 0.24549395 0.52099556 -0.60546595 -0.69345164 0.069526225 0.19058704 -0.20677282 0.8639456
103 0.08273096 -0.46585804 -0.04663888 0.27050236 -0.25553903 -0.6891872 0.7969755 0.27386367 -0.42082578 0.058833294 0.2121716 -0.110084616 -0.3200667 -0.10285821 0.20448327 0.22231542 0.008295954 0.22155501 -0.06750935 0.09031412 0.4717042 0.9301945 0.3883502 -0.6019174 0.2723495 -0.1664849 -0.48401734 0.2987519 0.16685392 -0.23874623 -0.17363417 -0.15314722
104 -0.40469548 -0.35832036 0.041577954 -0.043675207 0.17891677 0.30676416 -0.17531322 -1.0062464 -0.07667419 -0.42763382 -0.15393484 -0.8450122 0.24217273 -0.7675057 0.011141964 -0.7861128 0.008139006 -0.10372481 -0.39176446 0.39379936 0.27327502 0.34082818 0.6005119 0.31659454 -0.137846 0.9089584 -0.6477894 -0.29232138 -0.038958102 -0.957853 0.1597272 0.48077524
105 -0.00022462552 -0.46848336 -0.032989837 0.3438941 -0.27405667 -0.7216352 0.85315883 0.11715861 -0.46902117 0.06345607 0.29146907 -0.068212405 -0.27206102 -0.10991773 0.2588713 0.18672027 0.1135445 0.20464352 0.029610403 0.05031787 0.48493388 0.93499756 0.27129593 -0.45120156 0.19760078 -0.23769374 -0.47303888 0.19944541 0.049447224 -0.2398133 -0.21349117 -0.15112907
106 0.040914334 -0.44699326 -0.048254665 0.2802164 -0.22693954 -0.6644483 0.79768145 0.21267958 -0.47077087 0.056444123 0.21633044 -0.21420476 -0.2981317 -0.04313294 0.124285765 0.21505165 0.07472799 0.2355021 -0.041846175 0.10998613 0.4986741 0.88837117 0.3297953 -0.5944058 0.18298507 -0.16534969 -0.5025072 0.22490148 0.08118715 -0.27996445 -0.16514704 -0.18375395
107 0.06891585 -0.4845641 -0.13634598 0.194827 -0.23694599 -0.7313154 0.8470627 0.14223984 -0.402281 -0.030967548 0.24673638 -0.19778854 -0.25610805 -0.10686095 0.18051484 0.2763001 0.08074378 0.21452767 -0.0628305 0.040324703 0.3752886 1.0007855 0.40027666 -0.57257414 0.18472381 -0.26858747 -0.4297593 0.31555948 0.081438355 -0.32085824 -0.13164634 -0.165088
108 -0.35863063 -0.457285 0.110719524 0.023052521 0.15519603 0.37097037 -0.06346587 -1.0207254 -0.17306094 -0.32562035 -0.023854693 -0.76201695 0.22709982 -0.72575766 -0.17379455 -0.87539995 0.053073328 -0.039372474 -0.2872479 0.375122 0.3343854 0.25455093 0.5727618 0.3247932 -0.22324947 0.90268683 -0.7591122 -0.4793113 -0.12646364 -1.0423104 0.21043487 0.4098431
109 -0.04867143 -0.21551687 0.62484455 -0.050604522 0.5684458 0.31671098 0.22240771 -0.21349761 0.029083185 0.1347457 0.35602504 -1.0365034 0.5283803 0.004802676 0.3157198 -0.033209432 -0.070657074 0.41740844 0.13815498 0.63846266 0.20909454 0.16634744 0.5325661 1.2323198 0.22474152 0.57782626 -0.65957737 -0.6700082 -0.005867433 -0.003198699 -0.36363164 0.7980949
110 -0.3400913 -0.5616045 0.14307378 0.0041645705 0.24047557 0.45893645 -0.1462363 -1.0349289 -0.06654304 -0.37744543 -0.08804975 -0.8566657 0.23998766 -0.768839 -0.10733249 -0.7215016 -0.11914875 -0.067205265 -0.34450647 0.26563835 0.2883654 0.30156335 0.6597207 0.43197736 -0.20189695 0.91931814 -0.6719951 -0.40168303 -0.039070632 -1.0048314 0.15035205 0.49672583
111 -0.32852474 -0.48465538 -0.0071171355 -0.025132928 0.07584321 0.33996218 -0.16012618 -1.073593 -0.14994965 -0.36361924 -0.08997375 -0.8693856 0.20710233 -0.81035185 -0.12377392 -0.8757286 0.07739149 -0.118808895 -0.29987633 0.35536212 0.26758364 0.33519852 0.546978 0.2007178 -0.22963619 0.9281513 -0.74753034 -0.32741436 -0.11606517 -0.9899996 0.24251778 0.43058264
112 -0.38288862 -0.42339513 -0.020285102 0.014350738 0.14462273 0.40970594 -0.18564336 -1.0121019 -0.11072335 -0.3448002 -0.11005318 -0.7881859 0.12857933 -0.8250499 -0.055907257 -0.79821295 -0.06008133 -0.09753404 -0.3641647 0.28790936 0.22054227 0.37633082 0.6250862 0.28601924 -0.1788916 0.90736115 -0.6782039 -0.33011675 -0.058064103 -0.994523 0.14764562 0.48749605
113 -0.3275887 -0.5836523 -0.015642663 0.019767359 0.22258028 0.5222566 -0.11238175 -1.0034001 -0.08634864 -0.39686197 -0.10588535 -0.88207906 0.20634103 -0.7556406 -0.1004326 -0.72258985 -0.15445916 -0.077910334 -0.42149144 0.2984044 0.22258006 0.36811325 0.62822074 0.41595623 -0.25412637 0.944959 -0.62751895 -0.3001655 -0.11142237 -0.96268415 0.07530757 0.44561374
114 -0.32295746 -0.22694692 0.62909317 0.15515564 0.7379457 0.5253761 -0.023491845 -0.39864537 0.0154026225 0.11237233 0.0056079505 -0.7890971 0.4206201 0.020338198 0.06157318 0.09092653 -0.4956143 0.20585363 -0.19451055 0.21225756 0.35604757 0.22768728 0.54761535 0.8704758 0.070830256 0.68910885 -0.8800784 -0.5679418 -0.0091550425 -0.43086588 -0.23178777 0.7903721
115 0.34830645 -0.075830944 -0.06341299 -0.28672606 -0.010730122 -0.0057291384 0.009185625 -0.27718383 -0.17782468 0.1819343 0.6879533 -1.4075167 0.3037623 -0.10283682 0.5843233 0.092646696 0.3707763 0.86839956 -0.078028694 1.1896802 -0.12171471 0.5687148 0.36221713 1.5326931 0.56550246 0.73890144 -0.5715694 -0.50615907 -0.2694832 0.43634033 -0.67137855 0.27713776
116 -0.039219886 -0.35115957 0.71095717 0.102669284 0.65693927 0.5481169 0.23761968 -0.01179483 0.046841767 0.23384857 0.36282027 -1.1629771 0.49783653 0.0014376248 0.14267123 0.11872965 -0.47125736 0.33151114 0.027151544 0.60209274 0.18515012 0.11399229 0.5844816 1.1704144 0.31490007 0.70538414 -0.6556154 -0.5717108 -0.06134918 -0.011949057 -0.4242648 0.7800134
117 0.03910895 -0.58029974 -0.0455125 0.305399 -0.23283969 -0.6364479 0.7558678 0.23693465 -0.3141742 0.021781256 0.24127531 -0.109245524 -0.21247423 -0.0744325 0.16590706 0.23051941 0.02078129 0.29166198 -0.019791013 0.11986973 0.46286955 0.96018785 0.3426742 -0.5620118 0.20296478 -0.21465363 -0.41788536 0.36543554 0.13872993 -0.20130399 -0.24749094 -0.11415781
118 0.16577199 -0.037903365 0.37129006 -0.2482512 0.11953388 0.046433575 -0.032019567 -0.18593512 0.10129747 0.14901565 0.4364991 -1.444042 0.3435039 -0.14263354 0.478299 -0.10046187 0.17304368 0.5836595 0.28650796 0.9001589 0.10651669 0.49640873 0.39493245 1.3350391 0.5219931 0.52625227 -0.64571613 -0.6226201 0.109836884 0.41356298 -0.4554723 0.77625424
119 0.057418324 -0.5319574 -0.04456712 0.20076098 -0.2610035 -0.7552936 0.8702868 0.30358246 -0.3141915 -0.04136315 0.22583571 -0.2258204 -0.21130069 -0.16198558 0.22350615 0.13882628 0.12934272 0.104046896 0.089283414 0.057420082 0.43448865 0.932357 0.43987218 -0.6595595 0.22413687 -0.2339742 -0.42027918 0.27774853 0.26784867 -0.1462685 -0.0953411 -0.05155663
120 0.09036642 -0.4796159 -0.12739019 0.19732793 -0.16946122 -0.6350142 0.8460152 0.2177387 -0.44173473 0.06635031 0.30750406 -0.17860954 -0.15232961 -0.093304954 0.17048603 0.24405952 0.051962305 0.26030332 -0.050775867 0.05935198 0.42472503 0.9642555 0.40459946 -0.58312434 0.17307687 -0.15437151 -0.39377746 0.2527478 0.012595175 -0.33190018 -0.22256368 -0.25472832
121 0.04992094 -0.48701325 -0.040872093 0.28647116 -0.2583676 -0.7686618 0.95155966 0.21905695 -0.44662744 0.019174056 0.29980218 -0.11212552 -0.25499365 -0.08737317 0.22374508 0.27463454 0.075217195 0.2065696 -0.08699459 -0.015969675 0.48815772 0.85947365 0.35809845 -0.49918142 0.24165578 -0.11451933 -0.4760014 0.285295 0.13179845 -0.29016382 -0.12985605 -0.12633039
122 0.0789945 -0.37529945 -0.0129965525 0.15885243 -0.24174476 -0.77351487 0.92829466 0.07375574 -0.53380716 0.0750727 0.2819098 -0.18417151 -0.23419882 -0.07845416 0.31465694 0.28113994 0.15625706 0.24174504 0.04822924 0.014803036 0.4932615 0.9553188 0.29370683 -0.483916 0.24117862 -0.20026188 -0.5480529 0.17398266 0.05797954 -0.26995087 -0.16992866 -0.19332239
123 -0.2649193 -0.57098734 0.002139337 0.014292577 0.17984846 0.53143996 -0.136786 -0.9600052 -0.06368609 -0.3649476 -0.094965175 -0.9423125 0.24191265 -0.73019737 -0.1867522 -0.7331737 -0.07484264 -0.08557022 -0.48062897 0.395113 0.2443462 0.3103229 0.63296944 0.2623284 -0.23770471 0.9792584 -0.69481784 -0.2902558 -0.13782802 -0.917184 0.18440397 0.38975424
124 0.09573985 -0.43799376 -0.10038169 0.20011361 -0.32021183 -0.7136741 0.69121504 0.2253849 -0.38743323 -0.03806718 0.16416894 -0.21065041 -0.31494913 -0.11408583 0.19195136 0.21709308 0.19313358 0.3079762 -0.079804346 0.02648496 0.42464828 1.0627679 0.3786221 -0.60570174 0.26186618 -0.1804988 -0.5142354 0.26255178 0.17933495 -0.18877378 -0.21277343 -0.13726577
125 0.15984955 -0.15414244 0.10312116 -0.2612097 0.043783676 -0.008195624 -0.09034668 -0.22084843 0.07928223 0.12037729 0.48074204 -1.485025 0.41641787 -0.15223065 0.77518934 -0.078057006 0.36096635 0.77136964 0.1297759 1.0925375 -0.084828414 0.6468635 0.40892598 1.498508 0.67293453 0.6005604 -0.5851716 -0.5423209 -0.002132611 0.49071833 -0.69476366 0.65698147
126 -0.18387069 -0.36779577 0.6114688 0.21456565 0.77133214 0.4589969 -0.054212894 -0.22920793 -0.01681578 0.07886869 -0.15622118 -0.82764226 0.28582823 -0.08192459 0.19024892 0.14828731 -0.47328553 0.33861253 -0.4323259 0.14300174 0.4287012 -0.029829921 0.7290694 0.89103436 0.16380872 0.759075 -0.8133751 -0.5587517 0.04533395 -0.41444322 -0.20732819 0.8212834
127 0.103836894 -0.57939905 -0.107152335 0.21511346 -0.30487892 -0.772509 0.8492372 0.18910715 -0.36740392 0.041275304 0.23323019 -0.17980844 -0.22584456 -0.21558602 0.18486871 0.2675804 0.06716906 0.20948827 -0.063497424 0.006719392 0.4343864 1.0019352 0.35603464 -0.6175305 0.21318156 -0.106374994 -0.52390784 0.3009138 0.091817796 -0.122197956 -0.10133266 -0.13078684
128 -0.36230198 -0.42828837 0.06986841 0.09443205 0.1282729 0.31123552 -0.07276167 -1.0724118 -0.17625384 -0.37071887 -0.037621994 -0.7397073 0.1977131 -0.81970805 -0.0962362 -0.775757 0.018146565 -0.07733448 -0.39869443 0.30954388 0.29223529 0.18201965 0.7018401 0.3993569 -0.11140812 1.0127077 -0.65574104 -0.41705444 -0.055663772 -1.0448681 0.22122149 0.53242236
129 -0.4375235 -0.47805542 -0.040499453 -0.053003184 0.17019108 0.3865902 -0.15784746 -0.99113685 -0.09007594 -0.3812084 -0.09251298 -0.874078 0.23768981 -0.7783206 -0.043480624 -0.83678174 0.050552722 -0.13807091 -0.3658056 0.28130695 0.24983293 0.40994766 0.5418868 0.33037597 -0.20047638 0.8884481 -0.6913358 -0.2734247 -0.015191011 -1.0218769 0.17653267 0.53737324
130 0.09105923 -0.3295224 0.18767351 -0.22304563 0.15343517 0.18857703 0.12054016 -0.17920785 0.09150962 0.23676111 0.5934349 -1.4350557 0.5231248 -0.041726377 0.36353028 -0.040411014 0.19308147 0.59037244 0.06607263 0.95722 -0.110706836 0.54056305 0.4434734 1.4597048 0.50620145 0.64996684 -0.56499124 -0.61396337 -0.11944649 0.36417592 -0.5214976 0.56136984
131 0.11746623 -0.13993613 0.18542752 -0.25505525 0.024666656 0.20334467 -0.008213128 -0.06416636 0.079196565 0.17494169 0.39510587 -1.473917 0.43990266 -0.15246199 0.53591 -0.0035738929 0.204406 0.7273569 0.05106898 1.2467442 -0.16764018 0.51455694 0.45626035 1.313141 0.480212 0.59077364 -0.44463 -0.35736623 -0.05231159 0.3413034 -0.64575124 0.47952604
132 -0.30867752 -0.4192895 0.07125164 0.012014724 0.1437589 0.35786074 -0.19894199 -1.078425 -0.13032557 -0.37135008 -0.16735007 -0.792252 0.16022295 -0.83711755 0.007897153 -0.63328886 -0.0646132 -0.07730163 -0.46343315 0.28577968 0.2579291 0.32265896 0.64943165 0.3307303 -0.119804166 0.9643544 -0.73514974 -0.39812335 -0.036670655 -0.95950156 0.1985956 0.5012402
133 0.05660003 -0.58350146 -0.14625084 0.19152726 -0.26245973 -0.78410923 0.87015337 0.25942686 -0.36452308 0.056318354 0.2679712 -0.14422278 -0.22987181 -0.122096576 0.27420095 0.1957479 0.12891923 0.25915816 0.022960462 0.04914823 0.4568568 0.98370844 0.32089975 -0.48740947 0.15817991 -0.18844795 -0.38187808 0.3145793 0.15594214 -0.19927405 -0.25063354 -0.08860805
134 -0.062316082 -0.45681667 0.64849794 -0.055718195 0.58084625 0.4712033 0.10905813 -0.09985814 0.28719229 0.0142961005 0.28117177 -1.1048828 0.5176352 -0.05717143 0.40060243 -0.060916398 -0.09242783 0.31041706 0.13100943 0.33495104 0.2548233 0.30933392 0.4835208 1.1658809 0.24235818 0.4683294 -0.69750166 -0.53082895 0.2684781 0.15785722 -0.29479924 1.0897762
135 0.3665931 0.19799425 0.15458134 -0.35773242 -0.21680956 -0.22761871 -0.06977383 -0.26797554 -0.16297813 0.15017356 0.43024155 -1.5330395 0.29601753 -0.1666177 0.6908865 -0.08936737 0.35537592 0.8564022 0.03838023 1.4445424 0.013468703 0.5441204 0.4329872 1.3900472 0.5548612 0.664862 -0.5611595 -0.48296708 -0.1406949 0.48852506 -0.7051088 0.3223463
136 0.0111221 -0.5619112 -0.1672892 0.2470629 -0.2524156 -0.6312417 0.73365575 0.24708907 -0.28235352 -0.052150436 0.1944018 -0.17508583 -0.30407858 -0.10676837 0.23828663 0.2782501 0.100545906 0.29996255 -0.11568528 -0.11238359 0.4376714 0.9755105 0.3296147 -0.5353579 0.26981047 -0.20507653 -0.48636344 0.31965142 0.23257565 -0.26383665 -0.17831889 -0.07448531
137 0.03880199 -0.53782743 -0.062056456 0.28771678 -0.26985067 -0.76878315 0.79658943 0.26125434 -0.2873684 -0.024859281 0.2460509 -0.1777389 -0.25313163 -0.16122454 0.261226 0.2251196 0.09523421 0.289593 -0.006229618 0.010671713 0.43262398 0.93867964 0.36929396 -0.47994784 0.28108925 -0.14455424 -0.40964845 0.24724582 0.19875893 -0.15553147 -0.20834598 -0.097575635
138 0.10313997 -0.5521579 -0.068432204 0.2980946 -0.2740422 -0.6746015 0.7676118 0.19429576 -0.3935379 -0.02549091 0.23111334 -0.14710218 -0.28250146 -0.06957737 0.25067967 0.23006718 0.0426519 0.33743694 -0.08830863 0.09860223 0.5158177 0.9851148 0.34140992 -0.55267304 0.29092857 -0.15572111 -0.43812177 0.2628134 0.13501452 -0.2075371 -0.184312 -0.22431603
139 0.0309398 -0.4984879 -0.21384765 0.29346895 -0.31996217 -0.6830228 0.7678389 0.14430648 -0.3928223 0.03807698 0.26949942 -0.13696472 -0.2626789 -0.11986994 0.17442776 0.21062256 0.1640537 0.32534075 -0.044459652 -0.03887338 0.47781095 1.0054713 0.34722334 -0.50365907 0.2709829 -0.195528 -0.3514735 0.32119578 0.123273395 -0.30349734 -0.24055353 -0.18828654
140 0.10860333 -0.4979564 -0.14749742 0.18187635 -0.31447944 -0.67229235 0.88405704 0.21213496 -0.3496306 0.022087513 0.3096579 -0.1857698 -0.24021955 -0.058790516 0.18254235 0.20370463 0.09123546 0.22575983 -0.09804208 0.025760775 0.4237011 0.9519179 0.3298136 -0.47576937 0.16457589 -0.15423477 -0.45041627 0.26487526 0.10267686 -0.17070584 -0.17617688 -0.16842902
141 -0.36538705 -0.48000094 0.14401948 -0.021055635 0.20374313 0.39010665 -0.06090683 -0.92718333 -0.02754799 -0.36262223 -0.0044500143 -0.83927435 0.34316337 -0.7346687 -0.08047894 -0.8096883 -0.003774387 -0.19161905 -0.27152693 0.33438444 0.24274592 0.3273911 0.6061807 0.27000302 -0.18841939 0.89283603 -0.72895217 -0.3290594 -0.06348493 -0.9612407 0.24091226 0.4965786
142 0.053643953 -0.5503947 -0.037937053 0.31639868 -0.27522728 -0.7830804 0.8480121 0.23331204 -0.35940534 -0.02540449 0.20540522 -0.14532278 -0.24595492 -0.1966417 0.24125326 0.17530718 0.16725303 0.21843532 -0.0029550549 0.013381664 0.5023309 0.8266595 0.3439108 -0.5603958 0.27976263 -0.17535588 -0.493885 0.29003885 0.17275572 -0.28616482 -0.11638542 -0.09718641
143 0.043726653 -0.49922752 -0.11839641 0.09066154 -0.23440744 -0.69490486 0.9397879 0.29248914 -0.321861 -0.03829381 0.27819747 -0.16163938 -0.17465198 -0.11425293 0.24882519 0.25852284 0.07946403 0.23138274 -0.054790735 -0.041178387 0.3950947 0.9755559 0.37829304 -0.5196937 0.21765977 -0.2249784 -0.4125237 0.30417356 0.23098283 -0.2506129 -0.23887032 -0.10024113
144 0.075192995 -0.35467947 -0.10544863 0.20670988 -0.28523254 -0.66923606 0.9320635 0.20541266 -0.40813884 0.09657262 0.2052973 -0.15016563 -0.24099736 -0.05190673 0.1761228 0.19819276 0.077126026 0.17998402 -0.038978007 0.13008532 0.3582198 0.99536127 0.3075763 -0.5265941 0.17161182 -0.13893375 -0.5078247 0.2905692 0.12152078 -0.2894537 -0.17027527 -0.2093593
145 -0.19598934 -0.23651402 0.5775319 -0.019227238 0.75017023 0.6315739 -0.081096075 -0.24589114 -0.04535293 0.2477884 -0.13776335 -0.8642705 0.31445286 0.08346464 0.12923831 0.2964643 -0.62218314 0.21935531 -0.39676175 0.17075996 0.26474383 0.2329063 0.6666567 0.8680399 0.07129771 0.79345155 -0.9212728 -0.532814 -0.08828137 -0.535223 -0.33496758 0.74152774
146 0.052482665 -0.54095256 -0.13677979 0.3025579 -0.22745258 -0.64857686 0.7767012 0.19610453 -0.41322863 0.10631221 0.20736338 -0.1909052 -0.27116773 -0.032747522 0.16000096 0.2490513 0.03181405 0.27635205 -0.06342669 -0.050310772 0.43582615 0.99636286 0.32330915 -0.5611336 0.24780293 -0.18957794 -0.47302103 0.25333342 0.07105544 -0.22234511 -0.25415143 -0.14918324
147 0.14064635 -0.3016808 0.41599622 -0.1550504 0.20500694 0.049813725 0.12015312 -0.11795023 0.021240925 0.038932346 0.54305 -1.3835603 0.5084173 -0.21181674 0.5548896 -0.020208834 0.27761737 0.71016484 0.14582615 1.0110834 0.07362085 0.25369346 0.5538977 1.396559 0.52859515 0.59273666 -0.5269813 -0.52793425 -0.014501583 0.42812395 -0.45510703 0.75206727
148 0.053258408 -0.3534941 -0.121895954 0.18662523 -0.2372542 -0.5981153 0.78244793 0.29030293 -0.3741359 0.08735203 0.23877932 -0.08508974 -0.2796216 -0.04334041 0.12534717 0.288774 -0.010631514 0.26244164 -0.024845142 0.08635762 0.48062918 1.1259093 0.37644637 -0.4882072 0.1561288 -0.11952743 -0.47871226 0.38494307 0.12562804 -0.29585254 -0.3486816 -0.19074824
149 -0.3127055 -0.5309785 0.06248727 0.011093104 0.09809678 0.3497393 -0.2578454 -1.0305687 -0.13521634 -0.32969898 -0.17166041 -0.7641227 0.12418582 -0.84137684 -0.15164356 -0.8672326 -0.016498273 -0.011449383 -0.46826676 0.4141165 0.3017118 0.27647662 0.6425485 0.22084343 -0.15452759 0.99264044 -0.7544467 -0.38755926 -0.06496606 -0.90297824 0.1859374 0.5394577
150 0.14716525 -0.5692525 -0.16605623 0.17926833 -0.2065423 -0.68162 0.8991414 0.19015151 -0.46133792 0.06689471 0.29624993 -0.14585897 -0.2035416 -0.112837 0.1663886 0.23261201 0.19173744 0.23426546 -0.048056588 -0.010864512 0.43995354 0.9345957 0.3234275 -0.49960974 0.19230644 -0.11553121 -0.4143752 0.24048449 0.054233886 -0.20195587 -0.12960224 -0.16915967
151 -0.0011645164 -0.5492364 -0.06864241 0.26728263 -0.23731959 -0.6457211 0.81210864 0.29452097 -0.3412125 0.0726832 0.21208252 -0.09529682 -0.2783895 -0.11030646 0.24215604 0.23725823 0.13376752 0.26663464 -0.06271677 -0.012406826 0.52482766 0.9851184 0.405333 -0.54871017 0.18788928 -0.1927309 -0.45031708 0.30886033 0.16622505 -0.23297219 -0.2766143 -0.09250727
152 0.06482096 -0.5079128 -0.05513057 0.23823932 -0.24155033 -0.6847237 0.7936226 0.27574685 -0.35519502 0.003820644 0.16750412 -0.17621602 -0.23562613 -0.09889011 0.23747453 0.19179234 0.08345497 0.24982126 -0.015751857 0.10518071 0.45634624 0.9401026 0.3829753 -0.5463179 0.17649156 -0.21554278 -0.4172835 0.26334262 0.14272219 -0.24417585 -0.22594017 -0.14500912
153 -0.3372999 -0.41094846 0.033040125 -0.013929725 0.23923443 0.28571436 -0.11826171 -1.0277277 -0.26217318 -0.3543293 -0.13445729 -0.6877012 0.2398548 -0.8083951 0.121892765 -0.6384848 0.048606478 -0.09183107 -0.4374772 0.29737464 0.31942862 0.17954573 0.68937176 0.39208403 -0.17138183 0.9868537 -0.7644883 -0.41492477 -0.16444173 -1.1127421 0.1937621 0.43692502
154 0.0055647637 -0.50527734 -0.16105472 0.21709959 -0.32490745 -0.58616334 0.74153674 0.21764882 -0.25355068 -0.06916445 0.23897947 -0.19473061 -0.2391363 -0.06790324 0.23475882 0.12949331 0.08120993 0.27526873 -0.04399741 0.024918003 0.43744534 1.0299724 0.33299443 -0.4782261 0.18356174 -0.26780874 -0.36216247 0.32118258 0.24014926 -0.1896449 -0.31435972 -0.09519478
155 0.2495367 0.016196229 0.13949439 -0.23788744 -0.020376254 -0.091399975 0.09429163 -0.3469443 -0.21820424 0.25640932 0.54782534 -1.326457 0.4453837 -0.2440987 0.6942537 -0.0073969383 0.55052525 0.71942985 0.1657314 1.0997645 -0.08224849 0.46544787 0.36948472 1.5073339 0.5679515 0.6729023 -0.7022082 -0.61408263 -0.1620343 0.41319788 -0.608488 0.5448104
156 -0.34195733 -0.2249601 0.68925583 0.14965647 0.69426465 0.45787072 0.037530035 -0.31962314 -0.036203753 0.15422395 -0.078327246 -0.8387312 0.32981318 -0.048249383 0.16082042 0.13763717 -0.5292219 0.18378781 -0.24820513 0.09588018 0.31826562 0.1964764 0.5591884 0.97798413 0.17882843 0.71613824 -0.996007 -0.54508257 0.05952796 -0.43589246 -0.30334398 0.996315
157 -0.27744237 -0.4652185 0.1086407 0.028346568 0.28973472 0.36630872 -0.012913672 -0.98211884 -0.22851074 -0.37764797 -0.046291064 -0.75509274 0.23031145 -0.8394586 0.0051860493 -0.616694 -0.03176086 -0.11326128 -0.42925373 0.20140368 0.28574607 0.12423703 0.6774968 0.42977798 -0.16289787 0.97923195 -0.6929918 -0.4025602 -0.13243009 -0.996342 0.2283928 0.51108205
158 0.0098809125 -0.52211654 0.5579658 0.040061265 0.63646984 0.5190047 0.17556447 -0.048871867 0.20896289 0.04651513 0.35433874 -1.1344396 0.52408713 -0.058005694 0.3485203 0.084597185 -0.23529008 0.3146284 -0.020264702 0.33597898 0.21770746 0.26389688 0.5433371 1.1709334 0.23738584 0.5616328 -0.5854534 -0.5082136 0.19507883 0.21124071 -0.38705212 1.0359789
159 -0.25595567 -0.54269797 0.08859128 -0.059603576 0.22108448 0.3923662 -0.035485554 -0.9735972 -0.12256291 -0.3841834 -0.041212622 -0.7624865 0.27555156 -0.77946514 -0.040605314 -0.8222138 0.086990274 -0.07417798 -0.34456882 0.33151522 0.31376454 0.24208097 0.604268 0.34154502 -0.27408034 0.9851775 -0.78929013 -0.4329058 -0.044495918 -1.0130601 0.24253663 0.5240147
160 -0.3883079 -0.42351183 0.69044644 0.37025422 0.8056037 0.65661436 -0.03549799 -0.46937647 0.08081079 -0.038978655 -0.041232355 -0.7963772 0.328005 -0.007413466 0.011187043 0.044719424 -0.7325915 0.18992156 -0.46597236 0.08689412 0.4728157 0.19188526 0.6891317 0.9565267 0.12933789 0.8263077 -0.78665155 -0.59516793 -0.070595995 -0.6305147 -0.254042 0.7078293
