1 0.22313763 -0.8184623 0.11108072 -0.014848599 -0.10709112 -0.7023882 0.7633491 -0.18864547 -0.056382846 -0.12535673 0.009344612 -0.5758471 -0.014505337 -0.68917143 0.16838217 0.030674791 0.011249381 0.3573019 0.7135913 0.65500486 -0.022764117 0.9000599 0.579644 -0.5197175 0.8827651 0.19378997 -0.28506687 0.25483975 -0.38406503 -0.10188089 0.33670273 -0.5342353
2 0.19442937 -0.64170945 0.18880777 0.07566746 -0.14068297 -0.61918765 0.7406192 -0.25024718 -0.110933095 -0.06547082 0.094236575 -0.47665474 -0.038349092 -0.6943985 0.065275565 -0.092625886 -0.016574007 0.28750083 0.7851377 0.6258462 0.05304893 0.8255266 0.7842242 -0.5089923 0.933202 0.1544418 -0.31960115 0.18978144 -0.4169848 -0.09780329 0.1985268 -0.42839095
3 0.15650123 -0.73085296 0.170834 0.022667388 -0.06992449 -0.6020239 0.74260056 -0.34563667 -0.096981764 -0.08845051 -0.07966542 -0.44517985 -0.045540884 -0.76375395 -0.03240814 -0.09530916 0.05115311 0.33833215 0.7894479 0.6322808 0.027166275 0.8957715 0.7480627 -0.4334963 0.87281835 0.15707725 -0.340829 0.098470755 -0.4263655 -0.23838276 0.21280164 -0.43584406
4 0.21375564 -0.6530532 0.19943476 -0.0960859 -0.083681546 -0.6275413 0.70747954 -0.2357284 -0.11764313 -0.14911926 0.060671654 -0.44410113 -0.11367779 -0.7348881 0.04658673 -0.16464134 0.06381064 0.29312924 0.6776081 0.6659424 -0.08857392 0.87449825 0.8954894 -0.5547571 0.9296446 0.15671673 -0.3142421 0.1254249 -0.40057287 -0.15449268 0.25002465 -0.4170309
5 0.10251772 -0.8079877 0.10901695 -0.05408957 -0.050684568 -0.6184254 0.6806113 -0.19795541 -0.08402231 -0.13386075 0.005366157 -0.4875465 -0.077082545 -0.70317346 0.049256213 -0.032289803 0.09588891 0.35336196 0.7231448 0.6423545 0.022143094 0.8024551 0.7318983 -0.41587028 0.9371621 0.119533196 -0.32714176 0.19865362 -0.3955164 -0.15922968 0.30878204 -0.42858356
6 0.2276383 -0.70095265 0.15719979 0.04142401 -0.099891394 -0.6965452 0.7461864 -0.10633455 -0.08968015 -0.0930627 0.038249735 -0.49141577 -0.0007416277 -0.76121885 0.1162044 -0.04702822 -0.0010898398 0.3459857 0.7572065 0.7369268 -0.072374165 0.8224216 0.64190626 -0.45767564 0.9428176 0.15362915 -0.21741048 0.28917265 -0.34718797 -0.16501182 0.255856 -0.42000532
7 0.11040542 -0.69911814 0.15242103 -0.015620066 -0.11673174 -0.6808094 0.72398436 -0.24549875 -0.13352877 -0.12881847 0.04517194 -0.44928336 -0.038081102 -0.7652233 0.069266714 -0.159225 0.077167355 0.36549765 0.75786525 0.6758375 -0.05040435 0.8587485 0.69061846 -0.453345 0.9419848 0.15542987 -0.30950952 0.1603861 -0.463632 -0.12277925 0.28333667 -0.35832652
8 -0.98634136 0.12430365 0.5979527 0.13290071 -0.20008007 -0.7589853 -0.30987167 -0.10346835 -0.26126015 -0.38527825 0.72958785 -0.747499 -0.6019407 -0.40941787 0.2062484 -0.43802068 0.103734724 -0.15105297 -0.4484536 -0.029075928 0.6201102 0.418868 0.58021873 0.07381508 -0.53869545 0.32209304 -0.9752457 1.0327011 -0.15942186 -1.2042315 0.061461844 0.35019195
9 0.1718411 -0.8122377 0.12613527 -0.07155935 -0.10058238 -0.73825794 0.77214074 -0.18737015 -0.13755919 -0.101875335 0.09016308 -0.5190615 -0.10493906 -0.70806825 0.043490965 -0.027864622 -0.028309865 0.33745417 0.79272187 0.5136164 -0.053767286 0.89551187 0.59702325 -0.4979415 0.9136439 0.0962991 -0.36047998 0.19254982 -0.3236334 -0.10702015 0.20528655 -0.41197997
10 0.16318798 -0.7547152 0.070403986 -0.072791725 -0.052836586 -0.61491853 0.8382954 -0.16810983 -0.06686597 -0.08165867 0.05369815 -0.4784215 0.0012391852 -0.6008923 0.13711129 0.07693809 0.08995836 0.31080428 0.7001204 0.5757367 -0.03467707 0.829088 0.7949486 -0.62358755 0.86569446 0.14937069 -0.44722593 0.26823494 -0.3992941 -0.030346919 0.36232552 -0.48166662
11 -0.9756403 0.3130265 0.76472825 0.083663754 -0.09214924 -0.6575215 -0.09097856 0.10867197 0.0077806297 -0.33948067 0.60190433 -0.8415887 -0.4373964 -0.6112579 0.20449191 -0.6746888 0.17452875 -0.029576663 -0.3670032 0.012952088 0.5489416 0.59518814 0.31788942 0.3085735 -0.5885246 0.5424791 -0.94408166 1.0132906 -0.1168616 -1.0753151 0.29015076 0.52757746
12 -0.124879204 -0.7429632 0.063846104 -0.19901787 -0.4693064 -0.17657417 0.67512476 0.70079887 -0.60443103 -0.39891624 -0.028658584 -0.800204 0.14004885 0.3612058 -0.33602458 0.14260368 -0.040440578 0.4465475 -1.0760348 0.5093107 0.3130354 0.6448112 0.5409137 0.3427035 -0.5401779 -0.28973588 0.43521565 0.16335294 -0.28748554 0.18241481 -0.8748993 0.14623575
13 0.1986318 -0.8525807 0.15838389 -0.049865 -0.09979511 -0.71046424 0.7528047 -0.1441132 -0.093410544 -0.09306566 0.1169076 -0.5412893 0.04723862 -0.7193601 0.20076366 0.041502696 0.059028063 0.3122661 0.7802723 0.68157244 -0.04706493 0.8258236 0.66122633 -0.55330706 0.95239234 0.16465212 -0.33470654 0.28869075 -0.2885839 -0.06863413 0.33870763 -0.4660678
14 0.43566325 -0.59406567 0.4777971 -0.24013849 -0.028793402 0.57514495 0.86188084 0.75266725 -0.25329903 -0.8076489 0.1602905 -0.6228907 -0.04174206 0.19591184 -0.6459941 0.16119114 -0.339671 0.35471258 -0.7611081 0.42875093 1.0969462 0.6494026 0.7914324 0.55704474 -0.17783694 -0.4229062 -0.032051478 0.22378886 0.27654663 -0.19427478 -0.59143317 0.15879418
15 0.113233745 -0.75163794 0.1933462 -0.01592293 -0.10889587 -0.5797259 0.7953996 -0.2785564 -0.080900066 -0.09552027 0.0799053 -0.4954747 -0.0035262746 -0.7477413 0.02415765 -0.05465177 -0.00379036 0.3209242 0.770527 0.62842804 -0.032810815 0.8182564 0.75043154 -0.45386845 0.90119207 0.12007532 -0.284291 0.13190545 -0.31753278 -0.20267282 0.2186283 -0.4363166
16 -0.23853205 -0.78577274 -0.18876033 -0.39787576 -0.24525927 -0.37950698 0.5492849 0.45728588 -0.9431272 -0.28051728 -0.13498609 -0.9085683 0.044920843 0.25813696 -0.3296958 0.16493481 0.23906879 0.6746954 -1.0965762 0.46401182 0.3269891 0.48546264 0.49446902 0.6290308 -0.39383218 -0.13957924 0.5518409 -0.014137159 -0.30024308 0.116476685 -0.89470434 0.46070883
17 0.16313368 -0.7172977 0.15503949 -0.02445805 -0.11484941 -0.74559563 0.75636387 -0.21354493 -0.06918044 -0.096501976 0.087628566 -0.554784 -0.041546967 -0.7531167 0.04403045 -0.08470139 0.007372909 0.32576224 0.7038696 0.6228847 -0.097214274 0.84783906 0.7257748 -0.53202474 0.90740234 0.19405258 -0.29960835 0.11994071 -0.3695996 -0.08200253 0.30499536 -0.3531933
18 -0.39951584 -0.49725613 -0.05038517 0.31171438 -0.14131893 -0.34712282 0.7239721 0.09803278 -1.1445539 0.4082523 0.13729818 -0.82773775 0.50895435 0.055750895 0.18491912 0.5111482 0.5017643 0.41006342 -0.8304279 0.6388924 0.31165686 0.1822031 0.25076872 0.93749654 -0.25784966 0.11835972 -0.12633327 -0.37450472 -0.30256903 0.36162722 -0.55626816 0.6528967
19 0.14107238 -0.8037743 0.16196336 -0.030977255 -0.12136485 -0.67879707 0.7739313 -0.19418754 -0.101753384 -0.15116996 0.18900596 -0.53824264 -0.074014135 -0.60599124 0.18839973 0.015042302 -0.045789063 0.27451482 0.6721826 0.55497694 -0.043325834 0.8529746 0.66357076 -0.65254074 0.97852284 0.13054484 -0.44555625 0.18727906 -0.35895976 0.037943326 0.32207784 -0.4123993
20 0.030893499 -0.8095923 0.15246244 -0.080835365 -0.078782715 -0.6418182 0.76484406 -0.2720566 -0.08673978 -0.039039373 0.104495145 -0.46208438 0.013261406 -0.62523204 0.039626688 0.0014108779 0.017453479 0.31124833 0.71898395 0.51637423 0.020890513 0.8469894 0.8052728 -0.53248984 0.9295896 0.14989114 -0.42012107 0.16941094 -0.32479504 -0.13593704 0.19360985 -0.46944523
21 -0.40734643 -0.30935314 0.12710266 0.5545228 -0.3003343 -0.20089719 0.787872 0.23316988 -1.0232538 0.59735006 0.26292992 -0.77155143 0.65154 0.07064788 0.40479466 0.5791693 0.55483395 0.18510018 -0.7085597 0.87160486 0.28354535 0.052241612 0.4755776 1.0004852 -0.24807808 0.2501293 -0.12202497 -0.101530254 -0.45897806 0.27701095 -0.67308795 0.44740406
22 0.1847903 -0.6708486 0.16865745 -0.05651741 -0.078383975 -0.74818754 0.6929359 -0.18986462 -0.11399691 -0.13254456 0.1346401 -0.46705794 -0.08937109 -0.6759287 0.0812374 -0.15565193 0.0005816844 0.26906067 0.7198423 0.58918625 -0.058531124 0.7959952 0.7966924 -0.5435867 0.9811003 0.15283719 -0.25301743 0.1401878 -0.40616134 -0.1659288 0.23033535 -0.379025
23 0.67911315 -0.7935764 0.41421726 -0.12300473 0.10792685 0.5408749 0.56547475 0.7529573 -0.52206767 -0.8559218 0.1864944 -0.6512588 0.034572877 0.34602803 -0.5576719 0.19895865 -0.310075 0.520245 -0.85569286 0.6103024 1.1239588 0.8144168 0.51342165 0.42168158 -0.3240245 -0.51298535 -0.1869631 0.42763853 0.054467633 -0.082297385 -0.6192082 -0.022092862
24 0.12992728 -1.0004376 0.09309401 -0.504803 -0.03981832 0.13643734 0.57983404 0.30373782 -0.8032448 -0.6524792 -0.28748003 -0.8347731 0.13583122 0.47175905 -0.46580222 0.16698432 0.06810961 0.7038079 -1.2516057 0.78355783 0.3901283 0.8246551 0.518555 0.22889271 -0.77419645 -0.40962476 0.21806112 0.37360606 -0.006502549 -0.04043257 -0.7575717 0.14029221
25 0.27475378 -0.56655985 -0.021040332 -0.22105934 -0.081972174 -0.55456674 0.8292156 -0.31225064 -0.24386634 -0.008881678 -0.10656459 -0.46831873 -0.192375 -0.63743156 0.20456953 0.09599118 0.36797404 0.38481292 0.7859588 0.4835792 0.03602566 0.7153597 0.58969647 -0.25925225 0.994284 0.23338518 -0.5412979 0.22039558 -0.24401148 -0.1890328 0.39948052 -0.39010373
26 0.5904095 -0.8258752 0.2812646 -0.33537945 0.15365265 0.3827196 0.5606282 0.59169745 -0.50624263 -0.80218226 0.11718997 -0.7753348 -0.04841919 0.40884498 -0.51020855 0.30250818 -0.31894082 0.40494865 -0.7959254 0.4040625 1.0469503 0.70126146 0.51978105 0.4269386 -0.18980727 -0.4283056 -0.19365084 0.36612824 0.30513275 -0.0030784437 -0.55789775 0.23278162
27 0.24632683 -0.5657233 0.06360764 -0.32297856 -0.027380649 -0.52497536 0.87982744 -0.21865125 -0.11358746 -0.13034977 -0.118285105 -0.47042602 -0.16029379 -0.5892053 0.22509004 -0.0010677043 0.3436172 0.42845666 0.70467055 0.46716997 0.011068454 0.73108196 0.55631167 -0.29188484 0.92103016 0.18880863 -0.45025292 0.20288372 -0.16025946 -0.11789009 0.55723053 -0.3513503
28 0.3557402 -0.6742407 0.012196561 -0.18660599 0.0002588844 -0.53188413 0.7637088 -0.2643816 -0.20156348 -0.086757414 -0.119073704 -0.5192869 -0.16227867 -0.57338256 0.2828708 0.14165968 0.28025937 0.4034709 0.67358226 0.40049955 0.07495967 0.7068961 0.55333745 -0.33975208 0.9286389 0.15201904 -0.6371468 0.1486529 -0.2751875 -0.021755764 0.56494516 -0.36293843
29 0.3091154 -0.5583638 0.03583407 -0.2271338 -0.01642731 -0.5034643 0.79165465 -0.27662316 -0.23863417 -0.040583577 -0.16446644 -0.49411532 -0.16832352 -0.64649004 0.22245578 0.114627145 0.374494 0.45832267 0.79000986 0.4671402 0.11962092 0.6120268 0.6663169 -0.18660954 0.97124434 0.12043584 -0.4662052 0.3221368 -0.23244469 -0.1469885 0.44729903 -0.3759659
30 -0.91695267 0.18129429 0.7403489 0.28023395 -0.012137778 -0.51164067 -0.19254282 0.052318234 -0.036242988 -0.30180323 0.66704625 -0.7988874 -0.26574197 -0.51533973 0.12685768 -0.5002266 0.30277857 -0.09158319 -0.350622 -0.011177018 0.655498 0.53113234 0.31697726 0.22631389 -0.7297851 0.55987924 -1.1884946 1.1277577 -0.26030546 -0.9955864 0.26960695 0.4504291
31 -0.99852705 0.15758486 0.81947696 0.08545054 -0.06744417 -0.57186323 -0.11475515 0.034671973 -0.06863311 -0.36921918 0.59251046 -0.9030024 -0.32079223 -0.56726134 0.06687201 -0.6552987 0.1696929 -0.054447643 -0.37817833 0.000399057 0.58453333 0.544907 0.3236783 0.24356599 -0.7845444 0.56069225 -0.9263728 1.090734 -0.08546772 -0.9706225 0.18213432 0.58237267
32 0.46332714 -0.6251104 0.45429048 -0.25658593 0.045824565 0.4393296 0.8122965 0.705812 -0.24282202 -0.871252 0.13681442 -0.61995196 -0.14805387 0.28916338 -0.7455701 0.11669124 -0.48039392 0.31228122 -0.7104313 0.43720955 1.1067647 0.7560888 0.74302775 0.5562212 -0.08124201 -0.41453913 -0.095727526 0.20182315 0.2663535 -0.19666374 -0.72001374 0.2219564
33 0.0036868278 -0.94450164 -0.022367956 -0.7443365 -0.26191488 -0.13400413 0.9837375 0.59750783 -0.4148693 -0.6526388 -0.12277205 -0.8700422 -0.036958307 0.29822642 -0.57181823 0.34968713 0.107439645 0.5468519 -1.2462302 0.28174567 0.4670221 0.75641495 0.58801955 0.46717763 -0.5880218 -0.20625986 0.357301 0.057072777 0.38758457 -0.011212514 -0.6773393 0.45719063
34 -0.3753425 -0.50770766 0.008974714 0.29937416 -0.15901269 -0.21875663 0.763057 0.21730328 -1.1493183 0.27162483 0.07893231 -0.6629091 0.65733606 0.16112244 0.09171015 0.4438788 0.8286085 0.289141 -0.85492706 0.7324278 0.3176002 0.054782245 0.7456817 0.8781461 -0.354688 -0.050378338 -0.15776522 -0.24720874 -0.41565418 0.25990486 -0.67582005 0.65388495
35 0.8374866 -0.22599936 0.5379836 0.14553133 0.14804617 0.3725281 1.024269 1.1479636 -0.25596902 -1.1029168 0.33439538 -0.53666764 -0.19644192 0.21850799 -0.585876 -0.11731394 -0.5209368 0.52310205 -0.71058446 0.24864231 1.4927921 0.8952911 0.6176794 0.44504488 -0.026790464 -0.5779873 -0.51950514 0.14230327 0.16757505 0.011432893 -0.33570686 0.24891976
36 -0.40523666 0.091404155 0.17494196 0.38711908 -0.35145083 -0.28793254 1.1675855 0.106029704 -0.9072549 0.7544892 0.23729542 -0.42199004 0.59470236 0.090255246 0.3527552 0.39502585 0.4855464 0.063919604 -0.6112534 1.1008807 0.031055648 0.38456365 0.61592734 0.81716585 -0.41502324 0.3805086 -0.020577708 -0.29635432 -0.2566443 0.032823905 -0.5930975 0.4768115
37 0.23205721 0.22913043 0.14443347 0.19935398 -0.36675188 -0.42513537 1.3797904 0.09925211 -0.65467334 0.7135625 0.13232303 -0.6764046 -0.026473677 0.3892981 0.9473776 0.5443629 0.2862967 -0.33532086 -0.8578935 0.80378556 0.059843797 0.6629255 -0.048262764 1.1147923 -0.23139296 0.76736695 -0.37542677 -0.34317815 -0.12355394 -0.34216458 -0.4815569 0.028314585
38 0.41811132 0.4414166 0.15903142 0.08043516 -0.2957607 -0.34365043 1.4811805 0.06512653 -0.58311546 0.57235926 0.03232862 -0.47138596 -0.22728601 0.5891875 0.8688373 0.42540184 0.40033296 -0.53607714 -1.0023085 0.77628434 0.009444857 0.71150833 0.18318714 1.0953293 -0.16273537 0.7423409 -0.6839872 -0.38613114 -0.092693135 -0.7162604 -0.5221209 -0.013588357
39 0.27737778 -0.50452477 0.102899686 -0.37182808 0.0075034564 -0.5388254 0.8884629 -0.23018695 -0.16936801 -0.083195254 -0.20085861 -0.4320082 -0.20819782 -0.6287178 0.17092744 0.030220903 0.32835144 0.43216166 0.7358781 0.53134817 -0.0020650865 0.78900665 0.72018206 -0.35563147 0.88912874 0.21733202 -0.4014963 0.29007927 -0.21827394 -0.11443475 0.49207243 -0.34832695
40 -1.0182048 0.162262 0.7419753 0.21252565 -0.09764255 -0.68428105 -0.21159722 0.14625978 0.018055474 -0.21876559 0.752405 -0.9142312 -0.3423746 -0.53949773 0.10915338 -0.61902833 0.09936358 0.03358297 -0.3544673 -0.04257115 0.624136 0.68983763 0.24735737 0.26835015 -0.70279473 0.49159262 -0.9020782 1.1210705 -0.23075883 -1.017727 0.2181385 0.3540022
41 -0.37439197 0.11347279 7.899536e-06 0.30679294 -0.26535958 -0.22678387 1.199868 0.06467336 -1.047547 0.6869679 0.17545456 -0.4736874 0.6261086 0.17770056 0.32883728 0.4181049 0.59834516 0.08293037 -0.6058638 0.8569901 0.18969731 0.26763737 0.64185596 0.84202194 -0.3172063 0.24298637 -0.38563132 -0.22637825 -0.27906325 0.2654507 -0.6155918 0.607959
42 -0.9298831 0.22277978 0.7704483 0.1502088 -0.15853229 -0.7096397 -0.082771145 -0.046299543 -0.33154133 -0.3656965 0.8081519 -0.73886365 -0.61659575 -0.40634876 0.2766485 -0.7582184 0.013240595 -0.08585172 -0.26581183 -0.046605837 0.5249755 0.44280922 0.39526227 0.19133528 -0.52247155 0.29399854 -0.9241946 1.1352743 -0.13888942 -1.2621492 0.018498963 0.32615963
43 0.326897 0.35110274 0.18096574 0.13455442 -0.34104162 -0.36686125 1.4649072 0.16622667 -0.7155676 0.5235443 -0.036157098 -0.43268278 -0.20655243 0.5383605 0.75595766 0.43138355 0.54040295 -0.4306696 -0.90859705 0.727527 -0.015361399 0.46699718 0.33744916 1.0246829 -0.13683435 0.56289387 -0.6104402 -0.354366 -0.24767327 -0.5938508 -0.5017653 -0.040739536
44 -0.92566 0.19563282 0.78015304 0.08457825 -0.20657355 -0.69163907 -0.004130699 -0.014361272 -0.26239994 -0.36075366 0.79819906 -0.6988449 -0.52961206 -0.42733416 0.23133913 -0.67527217 0.037265997 -0.12368815 -0.28481573 -0.051743273 0.47181213 0.447303 0.40769523 0.16680811 -0.5815852 0.35251936 -0.8895465 1.1963077 -0.097646736 -1.1692932 -0.025112076 0.37516022
45 0.34359026 -0.61545825 -0.03981721 -0.31369507 -0.024199583 -0.53094965 0.80149823 -0.20855801 -0.17897174 -0.08211409 -0.22389479 -0.4150104 -0.16983129 -0.5959199 0.15669806 0.09158065 0.3927092 0.37706852 0.67100334 0.45507458 0.013486344 0.8137302 0.6743148 -0.35738337 0.9538644 0.17463383 -0.58007926 0.23494339 -0.15056051 -0.13229524 0.48912433 -0.31835225
46 -0.99826247 0.18411206 0.7195756 0.25529546 -0.07044207 -0.49812573 -0.21368778 -0.045681868 -0.17794181 -0.2392241 0.6563296 -0.9041179 -0.3318853 -0.5935164 0.15183678 -0.4515493 0.22697307 0.007635957 -0.34258506 -0.04272436 0.6856661 0.5333576 0.34035283 0.31436557 -0.686863 0.49522045 -0.9949211 1.0637097 -0.16307934 -1.0091531 0.3879909 0.4345275
47 -0.03420044 -0.7919568 -0.20776747 -0.7529317 -0.3291944 -0.1560792 0.924133 0.73672235 -0.5780906 -0.5349333 -0.15246278 -0.8515994 0.021900961 0.49638996 -0.377072 0.21210498 0.11267352 0.742369 -1.2687589 0.3357153 0.43458295 0.82995325 0.5243194 0.36089003 -0.5244494 -0.29926878 0.30731067 0.28850392 0.25308955 0.14539987 -0.7447092 0.37896004
48 -0.94777334 0.19593833 0.7726772 0.24097903 -0.11472786 -0.68305236 0.025544932 -0.17354986 -0.2359938 -0.31637222 0.75777656 -0.70708007 -0.53663445 -0.3945552 0.26082417 -0.76518965 0.015256342 -0.16546908 -0.27671072 -0.12247037 0.5595266 0.52558553 0.40847448 0.092349745 -0.57970184 0.22718538 -1.0548477 1.0599117 -0.027203755 -1.2029952 0.106840104 0.3349023
49 0.018560344 -0.7833655 -0.043771286 -0.7369506 -0.21798353 0.12336091 0.8998082 0.688209 -0.5200943 -0.55390376 -0.21562587 -0.8039632 0.10907451 0.43160823 -0.3975723 0.29288048 0.11293929 0.73132956 -1.1806357 0.58120716 0.48128384 0.8514842 0.47432622 0.484083 -0.6570749 -0.19609907 0.3817989 0.40502143 0.3476039 0.11955054 -0.5802748 0.38534108
50 0.8230242 -0.6685616 0.60799235 0.31965393 0.24081756 0.38049474 0.64719594 1.1171696 -0.23525771 -1.0834658 0.45470402 -0.6906916 0.05478036 0.09948745 -0.4129636 0.2251525 -0.38292763 0.48348302 -0.8432548 0.56001467 1.3396289 0.70683634 0.5483079 0.3932615 -0.22261357 -0.5236473 -0.25494507 0.29098243 0.14438148 0.06605782 -0.23586124 0.1508696
51 0.33438718 -0.6000293 0.062998004 -0.26672736 -0.0111004375 -0.51072776 0.90812486 -0.25693864 -0.1153016 -0.015563097 -0.1023795 -0.5167838 -0.10657089 -0.5923907 0.22946802 0.07511878 0.19809207 0.38612264 0.7727371 0.47034538 0.092477724 0.77464664 0.46524903 -0.3665274 0.8649616 0.2864009 -0.490254 0.28918168 -0.05245702 0.019663898 0.44495532 -0.31836146
52 0.23500934 -0.5298334 -0.059865676 -0.33398685 -0.116536275 -0.42077628 0.85734206 -0.36205095 -0.2400573 -0.020514296 -0.20393012 -0.39686677 -0.14479282 -0.60768175 0.14444773 0.0013416527 0.32262743 0.3980813 0.747796 0.5078479 0.064216346 0.80039036 0.67591804 -0.38132873 0.9181375 0.17474054 -0.56697315 0.31221855 -0.18470593 -0.12900798 0.44478673 -0.38526544
53 0.8328895 -0.3009791 0.74911976 0.059920233 0.21683559 0.51833725 1.0557674 1.2442187 -0.16093305 -1.1109067 0.26944283 -0.5711831 -0.0033861601 -0.017543085 -0.5625347 0.12120389 -0.32316256 0.5734915 -0.6139195 0.3595143 1.5690538 0.7593246 0.6074239 0.60621375 -0.26654997 -0.39615014 -0.2866584 0.361023 0.3320704 -0.0050527225 -0.12171814 0.31334844
54 -1.0049511 0.14735445 0.7104225 0.097950056 -0.16040404 -0.6238339 -0.20553468 -0.10533673 -0.27971828 -0.3874383 0.7345414 -0.688668 -0.585649 -0.38308796 0.2614453 -0.5212288 0.12320428 -0.19985941 -0.38347432 0.027606318 0.5407496 0.38745096 0.6147714 0.19081616 -0.522721 0.30996576 -0.9251074 1.1810813 -0.13869865 -1.3311371 0.025228493 0.31723243
55 -0.9968521 0.1731752 0.67506987 0.04426103 -0.15013427 -0.5841405 -0.20284204 -0.07835051 -0.19904813 -0.36530256 0.72817224 -0.6152948 -0.5509511 -0.37210914 0.1673082 -0.5222143 0.17663057 -0.12208527 -0.4054199 -0.07257771 0.5565057 0.4787922 0.5972294 0.16019338 -0.5207297 0.27525848 -1.0521374 1.0877109 -0.22044829 -1.2358931 0.014908146 0.26152512
56 0.2614399 -0.5794826 0.08277876 -0.27506143 0.0012504248 -0.5367199 0.849599 -0.3161691 -0.15923467 -0.08095116 -0.10536017 -0.47721043 -0.10976257 -0.62094325 0.211319 0.03022825 0.31162718 0.36437362 0.70274913 0.5360544 0.009050652 0.7364776 0.7458922 -0.369695 0.92841107 0.1673994 -0.4853002 0.16330469 -0.18960817 -0.10605432 0.512143 -0.3346872
57 -0.32835892 -0.45174754 -0.042678177 -0.049747482 -0.17612427 -0.4704013 0.7429892 0.10117735 -1.103043 0.16931146 0.14072974 -0.740845 0.39255136 0.18008737 -0.030186988 0.48298365 0.6740912 0.46391195 -0.83794177 0.37333113 0.3592142 0.1614025 0.56152123 0.7473557 -0.45071474 -0.018121548 -0.011451938 -0.335415 -0.17312236 0.32629806 -0.67363775 0.7655023
58 0.24625033 -0.60018015 -0.010103004 -0.2776165 -0.058562756 -0.50992733 0.7945764 -0.2752547 -0.1836551 0.0004976525 -0.19246215 -0.5464648 -0.17328244 -0.62368155 0.19138907 0.11625713 0.36013907 0.41077128 0.78593117 0.39471206 0.07366527 0.76272804 0.55898374 -0.28909904 0.88863415 0.211671 -0.60751146 0.2580219 -0.13676195 -0.099793255 0.4983009 -0.3455612
59 -0.9774507 0.22867069 0.6813856 0.2257418 -0.09358137 -0.50733185 -0.22975354 -0.032682892 -0.09012949 -0.237446 0.60209024 -0.84383106 -0.3064641 -0.53343457 0.08314695 -0.52530515 0.1045905 0.025992772 -0.41519627 0.12832661 0.6384783 0.5991197 0.38714844 0.17740916 -0.74317914 0.50063616 -0.9263568 1.1144233 -0.18521062 -1.0561324 0.33326542 0.4885616
60 -0.94105834 0.153603 0.7525145 0.15758324 -0.081370145 -0.6375305 -0.1639464 0.02844736 0.025856799 -0.29986238 0.6034762 -0.8562988 -0.35884893 -0.569263 0.11908619 -0.50095105 0.21180886 -0.029931156 -0.40849677 -0.05515012 0.57786196 0.62275434 0.26177472 0.2681152 -0.7235283 0.65698165 -1.0539902 1.0009868 -0.1571905 -1.0001644 0.35996547 0.47209987
61 -0.90176 0.32012466 0.69317144 0.13571765 -0.20972179 -0.5851508 -0.19290571 -0.07049805 -0.23577245 -0.29588133 0.67885107 -0.6530467 -0.5992636 -0.3891722 0.23113352 -0.5806374 0.11958397 -0.18433532 -0.33245665 0.15942769 0.6000474 0.4608679 0.6646639 0.11209305 -0.5082187 0.247844 -1.024531 1.2101183 -0.25100455 -1.3894882 0.14735183 0.25978673
62 -0.103513986 0.28014073 0.17374495 0.22398962 -0.45424286 -0.29854366 1.3804277 0.30904922 -0.5933663 0.8090668 0.38531506 -0.4543302 0.40162137 0.10717488 0.71690726 0.6150299 0.48238552 -0.05484039 -0.7663931 0.9491007 -0.043244764 0.45140085 0.21919738 0.95761544 -0.46483934 0.6133695 -0.11529797 -0.107496545 0.0019890654 -0.121093564 -0.47692096 0.25360397
63 -0.16246293 -0.010683721 0.08229128 0.46381143 -0.2718627 -0.2685277 1.023217 0.27699527 -0.82985985 0.6688994 0.08594548 -0.7473674 0.71173024 0.16722122 0.47680843 0.6215934 0.54326063 -0.1044581 -0.63858813 1.0329307 0.17119567 0.18035275 0.6402744 0.8722177 -0.4796415 0.37981448 -0.017652433 0.05730189 -0.3339544 0.31069314 -0.44922575 0.44078687
64 -0.89458627 0.04689942 0.66712004 0.23116682 -0.05877463 -0.6121099 -0.21672839 -0.007506757 -0.11083544 -0.36688188 0.60767645 -0.93395656 -0.35255292 -0.47475678 0.124791056 -0.5593126 0.17042443 -0.09473942 -0.42037478 0.04351658 0.5281521 0.4893584 0.27369618 0.18915106 -0.6844068 0.5351175 -0.9802723 1.1429037 -0.12754297 -1.0100446 0.23553438 0.54932666
65 0.34776708 -0.5406605 0.06460777 -0.39275208 0.0016888542 -0.40120903 0.8542872 -0.29314566 -0.22384389 -0.0063299807 -0.19887863 -0.40608144 -0.16717328 -0.6550242 0.27691185 0.19162172 0.41689283 0.4597773 0.83079386 0.44771925 0.071470395 0.7165591 0.59538 -0.2607018 0.88823223 0.23527488 -0.49640623 0.38943738 -0.022377895 -0.1337196 0.54941565 -0.3386413
66 0.1885436 -0.55687577 -0.017939596 -0.27054 -0.06263801 -0.6007384 0.8628857 -0.21370588 -0.21712562 -0.091589995 -0.047848705 -0.4695661 -0.17865777 -0.6376736 0.20119981 0.01835214 0.30286533 0.39290747 0.76780325 0.5169726 -0.04565569 0.72110575 0.5566222 -0.3310706 0.96572495 0.22468287 -0.41741118 0.24212554 -0.2034488 -0.11224865 0.41401434 -0.37139863
67 0.29023084 -0.5461058 0.058188505 -0.2230369 -0.0005563011 -0.54210436 0.8125737 -0.24582142 -0.22765939 -0.08256239 -0.19350152 -0.46230158 -0.21151556 -0.6582699 0.26341012 0.13982373 0.35319483 0.4365649 0.7842867 0.48426783 0.11855938 0.67105347 0.58385646 -0.21402445 0.9465623 0.21859108 -0.48064265 0.2088046 -0.2786477 -0.049178783 0.5841892 -0.34419954
68 -0.85936064 -0.006643788 0.5856181 0.17950845 -0.20496725 -0.64582413 -0.11676837 0.036129277 -0.26411715 -0.31189743 0.8029221 -0.8311521 -0.48340592 -0.24882463 0.40472868 -0.37173492 0.22744922 -0.09192624 -0.4783794 -0.10945002 0.49983796 0.5270326 0.17225492 0.05485409 -0.8037301 0.30363086 -1.0157208 1.3146232 -0.061546367 -1.0573637 0.2866369 0.23222317
69 -0.94279635 0.09210151 0.5281209 -0.026459003 -0.18402714 -0.7758689 -0.11721279 0.047681168 -0.17534117 -0.23353507 0.61865133 -0.9492005 -0.388512 -0.396426 0.2119231 -0.34185472 0.28599438 0.02706128 -0.41662455 -0.17989047 0.6166511 0.708272 -0.08534625 0.1729826 -0.8853281 0.56231296 -1.0425166 1.1705924 0.018144831 -0.86902 0.21746683 0.45660117
70 0.25715074 -0.63100284 0.06670433 -0.3600481 -0.061896365 -0.4972326 0.90821606 -0.3342425 -0.28465584 -0.062167533 -0.10270242 -0.35442847 -0.13918512 -0.6003687 0.2386274 0.1352783 0.34242752 0.3682987 0.7952793 0.47293693 0.034179762 0.7437422 0.63455087 -0.3646124 0.920087 0.14381565 -0.5531872 0.42661703 -0.14884405 -0.099276796 0.45800838 -0.37554717
71 0.31529963 -0.51039386 0.015926767 -0.22017938 -0.018072555 -0.56339276 0.8457235 -0.21468566 -0.1333899 -0.045765907 -0.044450283 -0.52521914 -0.12282744 -0.5957166 0.23848262 0.05104954 0.28173 0.39831808 0.7092962 0.46940237 0.042375725 0.732539 0.6147658 -0.36802682 0.8961849 0.253533 -0.52373207 0.19331352 -0.2181787 0.00026190752 0.5624772 -0.31019658
72 0.3066073 0.4585025 0.0405124 0.0914978 -0.46640936 -0.5596198 1.528404 0.16623722 -0.5336423 0.4863874 -0.03994844 -0.47152308 -0.3490489 0.53178585 0.8028344 0.38505128 0.32193425 -0.7269799 -1.1849749 0.7402873 -0.06554302 0.69957966 0.31414095 1.0573964 -0.034086507 0.7146944 -0.64188504 -0.53631836 -0.1995492 -0.8691237 -0.6515719 0.11938592
73 0.2438387 -0.6154379 0.037134517 -0.30245012 -0.066711806 -0.5788575 0.7814376 -0.26760393 -0.13896658 -0.01278568 -0.15656672 -0.4686443 -0.091080554 -0.62501234 0.1726237 0.02580635 0.28943524 0.3767988 0.70519 0.43467757 0.011139061 0.794714 0.63998944 -0.34454867 0.879164 0.23247516 -0.48279062 0.22060862 -0.2032105 -0.06811823 0.45956096 -0.3435625
74 0.11017108 -1.0809253 0.09646766 -0.6134976 -0.20508543 0.1833239 0.42499882 0.66109633 -0.76232797 -0.55024004 -0.20762777 -0.636215 0.31213537 0.4854358 -0.14149255 0.30387077 0.07526533 0.77378505 -1.3046207 0.9874135 0.47911763 0.89554346 0.54827094 0.3009058 -0.5103771 -0.48046204 0.37598047 0.38208795 0.19005704 -0.16519225 -0.48348272 0.17299117
75 0.76578224 -0.3784793 0.7196333 0.1625401 0.24954413 0.49843475 0.97549057 1.0438825 -0.27921787 -0.9638798 0.24470255 -0.56357944 -0.013813307 0.121133015 -0.5364732 0.027247824 -0.40158767 0.53437966 -0.66115737 0.48008963 1.4637537 0.7616436 0.5727864 0.5508934 -0.22861652 -0.4477952 -0.43014732 0.2116415 0.32987794 -0.0136077795 -0.33902606 0.3645436
76 0.26910055 -0.6747209 -0.053070474 -0.17553964 0.00062142464 -0.563946 0.79013664 -0.34857252 -0.27948207 -0.10702619 -0.14504409 -0.47858664 -0.19383147 -0.5960166 0.105087176 0.05042183 0.30671337 0.4082914 0.75869 0.28685796 0.16104715 0.6863099 0.7280144 -0.3079973 1.0486208 0.11871241 -0.6729552 0.025008524 -0.20239086 -0.09274503 0.3821475 -0.27065653
77 -0.783405 0.058342226 0.5631419 -0.07933172 -0.19140516 -0.5878007 -0.111690044 0.041595872 -0.35170764 -0.39335954 0.73534995 -0.7420095 -0.5263089 -0.25454944 0.42498988 -0.26099965 0.2911081 0.011105815 -0.4440018 -0.17709483 0.573164 0.38908893 0.20160888 0.13252066 -0.71834254 0.2479216 -1.059625 1.4220843 0.08700303 -0.9912434 0.30855253 0.34177
78 0.29322165 -0.6356225 -0.017838355 -0.23190588 -0.030343797 -0.5780416 0.88013434 -0.22463953 -0.109720655 -0.08353826 -0.13569865 -0.53830755 -0.1603147 -0.5885668 0.22804032 0.05909678 0.37636462 0.3682344 0.7267576 0.4381766 0.012144973 0.7231985 0.57034075 -0.32408768 0.9662981 0.22290678 -0.61116105 0.18409753 -0.16918984 -0.093116574 0.5573396 -0.3273382
79 0.10865559 0.3311867 0.06802073 0.32427457 -0.35709906 -0.26839218 1.4052377 0.08671928 -0.8938311 0.6895737 0.10967209 -0.4462543 0.16829416 0.4085851 0.70107436 0.510186 0.5705501 -0.30390802 -0.7515038 0.89427626 0.026754936 0.49425468 0.35090446 0.9305201 -0.28906223 0.387332 -0.47165123 -0.32816038 -0.32013267 -0.33297116 -0.6143004 0.16837835
80 -0.8337771 -0.0202537 0.59450173 -0.05210045 -0.22421099 -0.6970424 -0.09140676 0.01551567 -0.32012713 -0.3410587 0.8117545 -0.77769345 -0.5856842 -0.32681054 0.3940642 -0.27282265 0.23026097 -0.008071179 -0.41821337 -0.20572639 0.51228374 0.475236 0.18666172 0.10787941 -0.7771973 0.35755518 -0.9761782 1.3734845 0.077032365 -1.0449835 0.30402792 0.25303727
81 0.27180794 -0.5291609 0.031008843 -0.20153694 -0.021594139 -0.6496058 0.8045336 -0.28241137 -0.22330853 -0.045501556 -0.13125692 -0.556195 -0.21182348 -0.61396575 0.21112026 -0.018208448 0.28909984 0.41083387 0.72365415 0.3980468 0.023024462 0.7744237 0.48209488 -0.33159676 0.9249199 0.21072271 -0.6063877 0.14463438 -0.31561193 -0.010541994 0.4474012 -0.3139171
82 -0.93644744 0.058410015 0.5226338 0.04358567 -0.19389994 -0.59025383 -0.059005573 -0.0742179 -0.29828843 -0.23017097 0.6662267 -0.8578965 -0.42736554 -0.31472954 0.26603734 -0.2412983 0.41104147 0.02995552 -0.43743274 -0.31376073 0.68446213 0.55496293 0.043474577 0.2191841 -0.88212913 0.45737153 -1.2244959 1.2501359 0.053561743 -0.87053007 0.27430207 0.45056796
83 0.13803692 0.31971514 0.11879202 0.36176994 -0.51398426 -0.40078133 1.3295679 0.21450897 -0.6712862 0.70572215 0.25010493 -0.4986804 -0.032585513 0.3553722 0.84243774 0.5424268 0.23884721 -0.36596975 -0.7775266 0.97191334 -0.0974482 0.56869066 0.29521415 1.0942506 -0.081110634 0.6104123 -0.2773562 -0.2857686 -0.36003855 -0.44561607 -0.6890492 -0.012647886
84 -0.49769932 -0.41648492 -0.13343982 0.011999466 -0.26658976 -0.23485261 0.80635387 0.33268294 -1.0923153 0.21773434 0.15814488 -0.72106856 0.43005124 0.12876534 -0.06521201 0.44458997 0.649216 0.55096513 -0.84708565 0.550576 0.25253034 0.21302386 0.51301575 0.8177415 -0.43369764 -0.0037884007 -0.020789571 -0.15130445 -0.1250613 0.40332466 -0.6906249 0.60547143
85 -0.9600403 -0.001987659 0.51185495 0.06771727 -0.18456633 -0.6585238 -0.07640173 -0.11462958 -0.41024736 -0.31809878 0.77202696 -0.7823521 -0.53277004 -0.15955257 0.4187274 -0.37157363 0.23029454 -0.08654096 -0.5092869 -0.24333377 0.5264708 0.43329838 0.24857733 0.050282046 -0.7210344 0.2081316 -1.1690053 1.2866488 0.025675956 -1.0517817 0.26386157 0.3016023
86 0.25939897 -0.52054495 0.06455472 -0.3104079 -0.04008877 -0.566924 0.8628315 -0.3061245 -0.28378165 -0.08514417 -0.100051925 -0.33233112 -0.18180561 -0.5926025 0.21293776 0.088966295 0.32373658 0.4029925 0.736919 0.4124367 0.05500827 0.65533435 0.6682571 -0.33167458 0.9651497 0.18649442 -0.5260604 0.2700823 -0.1920157 -0.1425985 0.48194134 -0.34055346
87 -0.32201207 -0.88047004 -0.24183102 -0.39452192 -0.3984597 -0.25536463 0.603091 0.7560468 -0.6607713 -0.23599325 -0.07589382 -0.77210116 0.13204566 0.31305906 -0.19207887 0.3882324 0.4032868 0.49994507 -1.1987463 0.5816648 0.27276942 0.45591056 0.7050917 0.4709025 -0.4464682 -0.19873974 0.5120993 0.23855972 -0.06529218 0.09431659 -0.6475031 0.450076
88 0.25000864 -0.66519713 -0.036867715 -0.28725353 -0.09961713 -0.5022828 0.8186094 -0.41578227 -0.19028044 -0.039721202 -0.06862202 -0.43118897 -0.15867554 -0.5358823 0.11168143 -0.0035700817 0.324222 0.30353555 0.6960687 0.33979145 0.046844516 0.8258787 0.64358675 -0.42378873 0.9056141 0.11524999 -0.72553015 0.17432699 -0.18806465 -0.1589444 0.4208217 -0.3565195
89 -0.8824576 0.25110745 0.5799215 0.023363827 -0.13788313 -0.5424562 -0.04646755 0.051717598 -0.2025859 -0.19931422 0.5880441 -0.8041665 -0.37679043 -0.38834897 0.26688507 -0.37591934 0.3351353 0.0684603 -0.32223877 -0.2187446 0.7104189 0.6527568 0.010948645 0.2730619 -0.8822738 0.4625919 -1.1561699 1.2512027 0.07543788 -0.90628415 0.27659288 0.45337105
90 0.16162032 -1.0157791 0.073253386 -0.78452426 0.055911783 0.09994447 0.58581436 0.43956456 -0.6980493 -0.55835074 -0.1883548 -0.7408416 0.2613261 0.49049434 -0.4806442 0.37973875 0.11507188 0.74478793 -1.2572899 0.7153127 0.5900721 0.9336051 0.4598824 0.28892052 -0.6789482 -0.30553287 0.09981427 0.28487602 0.21586348 0.012695738 -0.6723492 0.34249318
91 -0.85808545 -0.029124036 0.5789238 0.06911788 -0.2195062 -0.6511132 -0.033904962 -0.07728348 -0.31126067 -0.30288285 0.87368554 -0.7972719 -0.5668563 -0.21513282 0.41980454 -0.36094564 0.23530455 -0.1745702 -0.46688265 -0.2705736 0.44723588 0.44483608 0.22737004 0.1288586 -0.664458 0.28366175 -1.2338582 1.2657174 0.0033422925 -1.0236102 0.22512534 0.29266408
92 0.27026728 -0.70638347 -0.033251848 -0.2502749 -0.10716858 -0.53903836 0.8677369 -0.25623494 -0.17693889 0.0176691 -0.047241718 -0.4661656 -0.019901503 -0.58001757 0.25290668 0.23856036 0.30257463 0.3818323 0.7420243 0.410548 0.033103615 0.6370271 0.5921904 -0.40630788 0.81647813 0.22131027 -0.60836303 0.3890529 -0.057677627 0.038565814 0.4743362 -0.34940174
93 -0.13773371 -0.92363393 -0.11808584 -0.604724 -0.29369763 0.005235633 0.8264277 0.70530194 -0.40385616 -0.40332586 -0.0812639 -0.82275593 0.10661004 0.3840473 -0.56179774 0.22391504 -0.0015191111 0.6440507 -1.1440254 0.5366164 0.49959353 0.92182106 0.5416027 0.41899133 -0.5231069 -0.2227142 0.44217622 0.31620473 0.18958223 -0.019186627 -0.87583846 0.27498177
94 0.27518764 -0.6554832 0.09959414 -0.28574234 -0.0322374 -0.464191 0.79030055 -0.24764194 -0.2278123 -0.090569295 -0.093828365 -0.4787281 -0.118969955 -0.66418475 0.20616484 0.07486247 0.36197674 0.4433968 0.7790693 0.57170695 0.04529538 0.68201184 0.6514612 -0.3531687 0.8818836 0.15273471 -0.44201782 0.36817175 -0.24346685 -0.09762409 0.5718723 -0.40220255
95 0.23808134 -0.5477418 -0.004849835 -0.22453251 -0.086775236 -0.5329952 0.8599657 -0.27563024 -0.19609514 -0.03161773 -0.14877234 -0.41188625 -0.1633431 -0.5969351 0.21261492 0.10354603 0.3181994 0.38024804 0.7387764 0.4360331 -0.012733891 0.7437001 0.64633447 -0.31534573 0.9470413 0.1695757 -0.5808933 0.21269852 -0.232953 -0.08485752 0.42262873 -0.31067482
96 -0.9296782 0.12051171 0.54904735 0.0372982 -0.14257255 -0.6213245 -0.21379936 -0.0136544015 -0.23213558 -0.30664292 0.664672 -0.7995189 -0.4923401 -0.3918134 0.21009445 -0.35929275 0.26136532 -0.02072913 -0.37653708 -0.18793327 0.7145179 0.55012655 0.26814845 0.22169542 -0.7277794 0.41116038 -1.0728004 1.299802 -0.09164089 -1.0819974 0.10912423 0.41272882
97 0.40042716 0.37725157 0.047978226 0.020453615 -0.42637205 -0.4777909 1.5510832 -0.04553369 -0.81556803 0.52890307 -0.059193447 -0.4933541 -0.38452643 0.73826295 0.91620743 0.49437633 0.52393323 -0.58035254 -1.0073489 0.5765314 -0.009104642 0.65124965 0.21165226 0.94723386 -0.13384359 0.56546146 -0.93947303 -0.42994374 -0.10132743 -0.6699612 -0.4853267 -0.017124595
98 0.27154964 -0.6060771 0.085845366 -0.26421547 -0.007947511 -0.5526954 0.77812 -0.25218126 -0.21068779 -0.10334076 -0.13985059 -0.5266151 -0.12182439 -0.7264475 0.1679887 0.065891154 0.32862017 0.47111866 0.8216108 0.41505325 0.17958401 0.70976776 0.5657563 -0.23751989 0.9358819 0.19673656 -0.44727883 0.29911387 -0.2169103 -0.081146024 0.54794794 -0.330737
99 0.77809155 -0.42623898 0.69140494 0.20603438 0.25904197 0.37875164 0.96411216 0.9786892 -0.27014196 -0.99874854 0.24759106 -0.7532514 -0.07384259 0.15532136 -0.6782699 0.09066925 -0.6067071 0.5691851 -0.7212913 0.30750334 1.5640897 0.9954682 0.3734219 0.6234443 -0.24304263 -0.35384095 -0.49604002 -0.023179512 0.033589028 0.15727653 -0.23780836 0.24688132
100 -0.8518206 0.020716246 0.5031874 0.011158661 -0.21267168 -0.700883 -0.051843155 -0.024019087 -0.36343056 -0.28472394 0.8096157 -0.855526 -0.5560711 -0.30378923 0.4482967 -0.24470678 0.27308595 -0.034897808 -0.39934665 -0.2552344 0.56108737 0.41379544 0.11613535 0.1958918 -0.66645175 0.3397682 -1.115308 1.2700084 0.06289722 -0.94952995 0.25204387 0.32158828
101 0.3404694 -0.5752032 0.02783258 -0.17584962 -0.035851452 -0.56050867 0.8538162 -0.21893689 -0.13718402 -0.042045932 -0.08891862 -0.52853525 -0.11811235 -0.6378443 0.23927376 0.07066519 0.29905528 0.43744537 0.77974874 0.40241662 0.080954485 0.7241602 0.5472478 -0.32557648 0.9154333 0.24322206 -0.5484128 0.24878998 -0.13395874 -0.005632777 0.5296851 -0.2835142
102 -0.4412915 -0.5825077 -0.034106776 0.20908017 -0.17840186 -0.13850984 0.74133795 0.14860356 -1.1134939 0.30284432 0.12008953 -0.69761795 0.6059605 0.16320217 0.139752 0.5635756 0.7439354 0.3550157 -0.87679976 0.68657655 0.31826553 0.0835419 0.6515017 0.81225103 -0.25828403 -0.10341659 -0.21194778 -0.18069917 -0.24157168 0.28107548 -0.6619953 0.5437372
103 0.2907119 -0.593033 0.065545335 -0.2649519 -0.06740666 -0.5508986 0.80694246 -0.21986374 -0.1784258 -0.08147071 -0.09924979 -0.44786444 -0.14000274 -0.68901324 0.23919393 0.066785194 0.2739413 0.38600516 0.7841809 0.518948 0.024697822 0.7095112 0.60470086 -0.25069752 0.9083622 0.26366702 -0.37968996 0.3108672 -0.239 -0.0885465 0.49454528 -0.35302514
104 -0.83681864 0.053168196 0.5601025 -0.017346006 -0.24515714 -0.7183777 -0.113997586 -0.057181295 -0.32033014 -0.25836655 0.8391275 -0.820859 -0.60564804 -0.2664854 0.4158247 -0.27962285 0.17480448 0.015106143 -0.46049464 -0.2363197 0.56963193 0.51784587 0.1363209 0.1158604 -0.7536543 0.23802641 -1.0481844 1.3329937 -0.011079693 -1.0541785 0.32406893 0.20942923
105 0.28924286 -0.5634412 0.047636267 -0.28104404 -0.044505905 -0.39946866 0.88373643 -0.31031317 -0.14557284 0.047159657 -0.16728786 -0.45487913 -0.04976307 -0.5660063 0.22509234 0.114158586 0.34182075 0.4005265 0.8005478 0.50891876 0.101462625 0.7687197 0.54953516 -0.31927124 0.83305377 0.22697993 -0.6228951 0.3495476 -0.12309147 -0.14288962 0.49374908 -0.39418012
106 0.2367188 -0.6148531 -0.016149934 -0.22775762 -0.11935912 -0.5467603 0.885347 -0.34301856 -0.23417641 -0.006635673 0.008182248 -0.50498027 -0.091764614 -0.5502927 0.214591 0.07639153 0.27914053 0.35798332 0.8311786 0.4363601 0.030813627 0.7723841 0.5239351 -0.45270827 0.8932629 0.115275495 -0.63726103 0.29329383 -0.19077317 0.0014119026 0.4251936 -0.37334576
107 0.28028262 -0.5993179 0.027948068 -0.3016965 -0.042162895 -0.5853595 0.8254914 -0.315356 -0.24204749 -0.09062064 -0.11765744 -0.489452 -0.21665698 -0.59636223 0.18862994 0.021566806 0.32372126 0.36766025 0.6722731 0.38647777 0.031073138 0.7289067 0.67054653 -0.3132429 1.029693 0.19349124 -0.5687737 0.1288806 -0.21428326 -0.12585153 0.4208715 -0.29521856
108 0.8531336 -0.3900575 0.7600636 0.024080548 0.27348253 0.6138532 1.0032227 0.86884266 -0.24748269 -1.0507327 0.26730102 -0.5152929 -0.0012150287 0.12664308 -0.612815 0.12707147 -0.46380144 0.5004218 -0.6216438 0.41033956 1.4785262 0.80985755 0.6215523 0.4893153 -0.22595106 -0.4216337 -0.5497573 0.29688042 0.37098762 -0.08074093 -0.2595735 0.2538891
109 -0.4556009 -0.27043822 0.14796859 0.37236753 -0.1418619 -0.2722406 0.8322192 0.08714079 -1.0844828 0.5348205 0.24084815 -0.65045476 0.6786351 0.0389664 0.10930929 0.4155996 0.51954377 0.25201878 -0.72498584 0.9008071 0.22995372 0.15592353 0.5441406 0.9163584 -0.28809038 0.2299048 -0.21316193 -0.3968024 -0.46641266 0.24163516 -0.75522757 0.55165595
110 -0.78473204 0.030856222 0.5275078 0.03459756 -0.2104576 -0.57437015 -0.17512073 -0.027332943 -0.3190204 -0.23511368 0.8270157 -0.8097663 -0.56021357 -0.15830962 0.41215256 -0.3011595 0.2646762 -0.0653549 -0.45097983 -0.2004444 0.53775495 0.46537477 0.20126532 0.14530349 -0.6422984 0.24040861 -1.1158482 1.4017113 -0.07842696 -1.0986395 0.34353963 0.16541143
111 -0.1348824 -0.8232577 -0.1052833 -0.32695895 -0.35981396 -0.3679653 0.58209306 0.46586946 -0.78500694 -0.36116183 -0.15159886 -0.9377166 0.17057863 0.24184653 -0.22095542 0.35197186 0.41431454 0.4548098 -1.1433057 0.41206694 0.1937267 0.36297897 0.6235993 0.42670584 -0.6160163 -0.2733905 0.34799066 0.025629062 -0.25177455 0.17768034 -0.70395446 0.3081399
112 -0.42233288 -0.5329247 0.016933141 0.07965962 -0.2244438 -0.29860088 0.751801 0.3130945 -1.1262871 0.21500957 0.18241794 -0.5777641 0.60250354 0.09260844 0.19621918 0.6254383 0.719687 0.32353148 -0.9462639 0.7165179 0.25482318 -0.05005397 0.736263 0.8254971 -0.24514845 -0.05430691 -0.06927803 -0.15301432 -0.11018169 0.3037177 -0.51741326 0.8310753
113 -0.16494915 -0.8104565 -0.14836289 -0.25156924 -0.23971127 -0.22557946 0.42557654 0.45075324 -1.0988714 -0.28920364 0.030846559 -0.6577975 0.23874608 0.29177576 0.030583726 0.30531383 0.4978626 0.547356 -1.1091294 0.5859663 0.16808139 0.3401737 0.47659865 0.49360952 -0.3582136 -0.3310867 0.3190371 0.031002682 -0.35984477 -0.0005300421 -0.7584068 0.18168278
114 0.7988168 -0.33492628 0.6468175 0.006760108 0.25487068 0.4848367 1.0195795 1.0015715 -0.33080533 -1.1012697 0.13258371 -0.5776596 -0.04611306 0.09250169 -0.64141273 0.026544796 -0.33053997 0.6446085 -0.6142055 0.38450736 1.5481669 0.75286686 0.579399 0.57794964 -0.23655061 -0.45852384 -0.4265249 0.24602972 0.18800965 0.027748767 -0.22417934 0.2848317
115 0.48260605 0.33606774 0.20573638 0.290039 -0.47866458 -0.38785198 1.4836001 0.18018597 -0.69501793 0.47263247 -0.04467679 -0.44576654 -0.32262367 0.6332041 0.9374387 0.45068097 0.38521475 -0.6598645 -0.9115715 0.7603618 -0.06215545 0.7152437 0.13935463 0.93254733 -0.3073535 0.6445678 -0.6664435 -0.2527349 -0.26012745 -0.56362504 -0.5528381 -0.085495524
116 -0.019976273 -0.81649125 -0.06134634 -0.78845364 -0.30692136 0.13773434 0.95473045 0.48227355 -0.5707291 -0.47906837 -0.32231712 -0.88837993 0.100205 0.48865366 -0.5799443 0.25040892 0.0662327 0.6657078 -1.2056167 0.48696312 0.5015036 0.9621725 0.55306846 0.41664895 -0.7721708 -0.2551969 0.22364375 0.33935526 0.28432986 0.086614 -0.7576026 0.26788384
117 0.8487672 -0.34835377 0.7456622 0.13116944 0.2213772 0.38386485 0.92950773 1.0714729 -0.24003224 -0.98893887 0.22284195 -0.67973053 -0.044012316 0.035392623 -0.5183582 -0.08837918 -0.55890685 0.55337834 -0.61111957 0.47866902 1.4835783 0.85910845 0.3954987 0.5896115 -0.23716238 -0.34038088 -0.2855411 0.16722159 0.31883752 0.014288807 -0.38936645 0.36734706
118 -0.31249446 0.030234667 0.015273314 0.34082913 -0.29027933 -0.08221047 1.1755338 0.12239044 -0.92482364 0.76069397 -0.014876086 -0.6569187 0.6471864 0.16730866 0.3304546 0.5020789 0.6353936 0.067734666 -0.6171442 0.8988014 0.19610739 0.27124384 0.553866 0.92966527 -0.4447108 0.3169299 -0.20236716 -0.018410882 -0.19058293 0.24976328 -0.5752646 0.5158872
119 0.21694116 -0.5880727 0.025038598 -0.261311 -0.038322892 -0.54402393 0.78977466 -0.3603955 -0.23728544 -0.09482673 -0.15759118 -0.42085123 -0.21639942 -0.570101 0.171135 -0.03612495 0.2870454 0.39455017 0.72639215 0.4535565 0.024948595 0.7614998 0.64337105 -0.35260874 0.95722574 0.10853041 -0.48523492 0.22064617 -0.29887253 -0.13737161 0.3892457 -0.39678222
120 0.31356627 -0.60245115 0.03281638 -0.28513324 0.030054053 -0.54516596 0.78115547 -0.20315555 -0.19630401 -0.09325895 -0.18951899 -0.4654832 -0.105103046 -0.6726855 0.25235036 0.083746746 0.37552342 0.49178147 0.76938313 0.49062353 0.08344014 0.6872004 0.6360366 -0.32847235 0.9136139 0.19972527 -0.50595266 0.37250248 -0.16257997 -0.051589813 0.5501086 -0.31303486
121 0.37123483 -0.6290138 0.06261923 -0.21117064 -0.07836589 -0.5240016 0.8505592 -0.27490228 -0.23305245 -0.0127475485 -0.123813055 -0.49119732 -0.1499262 -0.65699047 0.22459613 0.124106094 0.337893 0.37954792 0.8206001 0.44266593 0.06079017 0.7102827 0.50583446 -0.21365792 0.9465848 0.21378078 -0.5786106 0.23519972 -0.20417541 -0.03246149 0.48839572 -0.30953568
122 0.3426642 -0.53500766 0.02905312 -0.26591617 -0.053318124 -0.56575376 0.81766444 -0.24992259 -0.2722414 -0.09929282 -0.18031192 -0.4605839 -0.21223949 -0.60643774 0.22749285 0.020654295 0.3448352 0.42714307 0.7450427 0.47611833 0.04945179 0.6764115 0.65157276 -0.3273153 0.9921549 0.10432022 -0.5145105 0.29206246 -0.26008415 -0.094496444 0.45038703 -0.3100996
123 -0.4302267 -0.6249087 -0.047453027 0.13167581 -0.14168166 -0.32548273 0.7841725 0.15476242 -1.1045903 0.2594977 0.18611863 -0.71910185 0.6620136 0.14722402 0.07189651 0.56020325 0.6958747 0.3493557 -0.8617966 0.60376793 0.32251418 0.14124052 0.5209507 0.74029684 -0.4034472 -0.0028665105 -0.22486183 -0.23427002 -0.21660535 0.38284913 -0.595487 0.7542913
124 0.8457866 -0.2864416 0.68018925 0.17355292 0.23974316 0.20106277 0.93826926 1.1613605 -0.21356003 -1.0543243 0.21447988 -0.7409189 -0.16611429 0.07498363 -0.5101404 -0.020685177 -0.654393 0.48935387 -0.67011166 0.38797238 1.4721922 0.8177047 0.4725532 0.59903735 -0.11276743 -0.3585813 -0.26036572 0.11195812 0.18809038 0.030943306 -0.28712824 0.37646586
125 0.21918015 0.44701856 0.19483143 0.28234845 -0.30566514 -0.1782104 1.2817799 0.063087195 -0.6450092 0.77233785 0.025369963 -0.63519794 0.121615544 0.4117917 0.8316508 0.45582372 0.39305207 -0.45339474 -0.7381835 1.0465614 0.02485097 0.5772192 0.3223631 1.0754886 -0.27862823 0.6574557 -0.33970693 -0.1787267 -0.37141255 -0.48198605 -0.586203 -0.09102807
126 -0.13934967 -0.80105937 -0.08868004 -0.5930952 -0.32797816 0.056073453 0.86918074 0.66790277 -0.5461165 -0.50462425 -0.23770157 -0.87119347 -0.024415076 0.30610538 -0.5581515 0.07916863 0.047719706 0.7759607 -1.1581153 0.5241271 0.50243276 0.9251869 0.47780013 0.547754 -0.60046244 -0.21310079 0.490505 0.18933146 0.2523714 0.0038447196 -0.7137439 0.29821134
127 0.2987933 -0.59309757 -0.0566227 -0.18977185 -0.06351316 -0.5728064 0.8111903 -0.25976875 -0.23440835 -0.02413942 -0.09555411 -0.48107 -0.105858125 -0.52467906 0.26798794 0.103842005 0.3020191 0.35696325 0.67440444 0.34864005 0.05410281 0.6833343 0.6231724 -0.31861508 0.97052205 0.1631671 -0.6070475 0.13468324 -0.23016626 -0.06269591 0.45040652 -0.35316962
128 0.77426374 -0.26237243 0.74328554 0.04820582 0.3471938 0.42548984 0.7460702 0.9716907 -0.27904385 -1.0427198 0.12674 -0.55565906 0.19740045 0.25034344 -0.57329273 -0.038073625 -0.44901064 0.42282853 -0.89079386 0.7678668 1.2687652 0.7828621 0.7242083 0.38311264 -0.38144127 -0.45969257 -0.3632367 0.26762122 0.09208026 -0.023430139 -0.14586642 0.42582363
129 0.17839116 -0.86373734 0.13411586 -0.5907308 0.039074987 0.19333805 0.55438495 0.4772321 -0.7499735 -0.55096805 -0.32598457 -0.7160307 0.30941662 0.4186824 -0.53513014 0.07839765 0.042358406 0.78818035 -1.1454005 0.9588472 0.5113061 1.0057634 0.5319708 0.24327056 -0.7643693 -0.27741826 0.3197264 0.43749434 0.03415237 -0.026779857 -0.76683325 0.24563654
130 -0.5788742 -0.59288216 -0.047441017 0.20688544 -0.03713411 -0.3411461 0.6705998 0.2350846 -1.1879059 0.115083575 0.19413266 -0.6502519 0.5563084 0.043158505 -0.117432766 0.27564728 0.8131263 0.28334874 -0.8839435 0.6646717 0.31685856 -0.0668674 0.84363604 0.8087894 -0.16706467 -0.14064601 -0.1214282 -0.4992722 -0.40548885 0.18671012 -0.65125906 0.877914
131 -0.27665824 0.03973744 0.20932883 0.3276956 -0.21366177 -0.31987947 1.0160692 0.24177687 -0.87298924 0.5595984 0.25360644 -0.564249 0.6116955 -0.0012171865 0.4607691 0.5153351 0.5690517 0.05649096 -0.7160895 0.967793 0.12906902 0.13516979 0.57372296 0.96823853 -0.3714997 0.42982328 -0.017938485 -0.19800082 -0.1868798 0.21421543 -0.46586764 0.5773909
132 0.2116259 -0.8758361 -0.18189047 -0.7384444 -0.008975054 0.16982788 0.6999144 0.3427851 -0.79802954 -0.39829752 -0.28167823 -0.68771565 0.15560474 0.6516891 -0.4056211 0.44268462 0.19352005 0.6771309 -1.0856647 0.5516855 0.57255834 0.8308969 0.34846997 0.20216738 -0.6988176 -0.37485978 -0.09337336 0.516774 0.22065672 0.04777404 -0.63551205 0.20062879
133 -0.927917 0.065107554 0.5040942 -0.050473213 -0.1687881 -0.5829383 -0.019721437 -0.023009807 -0.2216832 -0.2733918 0.6162826 -0.8287599 -0.29269078 -0.3038477 0.22885218 -0.33784932 0.37942913 0.014320575 -0.42246628 -0.24878079 0.5975637 0.60056233 0.05497577 0.08745546 -0.85856444 0.47403285 -1.2369899 1.3229549 0.11901122 -0.845453 0.20237339 0.57230866
134 -0.15527403 0.44029105 0.20798674 0.17176716 -0.30703956 -0.06504993 1.2768201 0.024356872 -0.90953636 0.7749746 0.038684614 -0.31864354 0.49009472 0.28405577 0.4495566 0.4054824 0.5068893 0.086796954 -0.6800143 1.1594174 0.100003436 0.4464113 0.57291293 0.97974515 -0.46965858 0.45729956 -0.28872624 -0.09989272 -0.16988243 -0.05521691 -0.51852274 0.47169045
135 0.4470937 0.39442176 0.22013557 0.105717726 -0.392042 -0.39441013 1.5138363 0.1496835 -0.6157056 0.4625977 -0.047902405 -0.49314493 -0.37845373 0.6635361 0.8878735 0.3445082 0.50264275 -0.6573103 -0.98671037 0.81131124 -0.058247924 0.66389436 0.295874 1.060275 -0.26690313 0.73239464 -0.5911728 -0.40291455 -0.2225653 -0.7425506 -0.5978944 -0.11576113
136 0.28324923 -0.64877063 -0.034231294 -0.25499198 -0.025521692 -0.6262402 0.8438773 -0.24405728 -0.16368222 -0.11409562 -0.17649953 -0.5894229 -0.1839861 -0.6071968 0.20949437 0.055708293 0.3843325 0.49173504 0.7478121 0.4158806 0.030378578 0.7400852 0.5310006 -0.34055543 0.97597826 0.23789783 -0.5962652 0.20216632 -0.23506652 -0.057833727 0.54165304 -0.3705428
137 0.31662583 -0.5513006 0.091267884 -0.32124773 -0.053599562 -0.6067964 0.8056868 -0.21710771 -0.2003367 -0.1413118 -0.17116973 -0.5410739 -0.20061262 -0.7351275 0.2604045 0.024303101 0.3008077 0.48809275 0.7278324 0.43621933 0.026471699 0.7165269 0.5809419 -0.22131567 0.9276232 0.23224932 -0.3505794 0.23857008 -0.23509745 -0.0675598 0.5425957 -0.30871147
138 0.33321452 -0.613052 -0.008506186 -0.23686771 -0.030716883 -0.54107094 0.8613171 -0.2719175 -0.14777718 -0.05223277 -0.11223956 -0.55489635 -0.14599834 -0.5930678 0.23121943 0.15949716 0.31109276 0.40814754 0.7488903 0.39666733 0.065690614 0.7271657 0.53660953 -0.42450067 0.895024 0.23057455 -0.62920314 0.30285683 -0.2331329 -0.0081147 0.5173725 -0.40535587
139 0.30705136 -0.6214527 0.08675349 -0.25244182 -0.02346989 -0.53200096 0.85016197 -0.1923191 -0.19813396 -0.13082546 -0.0877872 -0.4637535 -0.15162419 -0.66402 0.21192853 0.030703587 0.29977345 0.43595043 0.7622795 0.5125027 0.027159207 0.72468 0.5231318 -0.25391686 0.9461773 0.16196233 -0.45237547 0.24293543 -0.19836086 -0.060291883 0.5107139 -0.30292478
140 0.33868113 -0.56152207 0.07077253 -0.3692028 -0.0073637925 -0.58688414 0.8445162 -0.22015943 -0.23729734 -0.11480416 -0.14237298 -0.48015484 -0.2875333 -0.6299151 0.20905717 0.046455935 0.3500504 0.46014214 0.78704375 0.43318433 0.06005888 0.71141165 0.52356905 -0.24567407 0.9026011 0.1574802 -0.50182617 0.25009614 -0.15438631 -0.097242385 0.5666809 -0.3151608
141 -0.9228197 0.2518263 0.5789951 0.00084100175 -0.17929287 -0.58806163 -0.061970063 0.044187054 -0.25028652 -0.22529875 0.6604758 -0.8272893 -0.4824714 -0.42403007 0.33485854 -0.3175836 0.33218345 0.078521535 -0.3456112 -0.13316126 0.699209 0.5583541 0.10238442 0.28139633 -0.82505846 0.4116956 -1.0626352 1.3488016 0.062724635 -0.95066774 0.28963497 0.42554805
142 0.73115885 -0.5149346 0.7396157 0.13636515 0.14466144 0.42467073 1.0253677 1.0616026 -0.11151884 -0.97949415 0.4707653 -0.59966475 0.1418107 0.12637964 -0.5743048 0.028249865 -0.61504257 0.50391066 -0.7255415 0.48065725 1.4582387 0.9369487 0.5054117 0.36655897 -0.24426968 -0.43660462 -0.3898675 0.2561315 0.3688038 0.061932772 -0.41748375 0.27882266
143 0.25269383 -0.56769437 -0.018281518 -0.29493317 -0.020703672 -0.5119512 0.84322995 -0.26739436 -0.07238459 -0.07906567 -0.10170605 -0.5200377 -0.11251141 -0.59058434 0.20665325 -0.03598016 0.2941782 0.44753835 0.6731051 0.4497953 -0.002611423 0.8181514 0.6041786 -0.3819187 0.94863045 0.18335387 -0.54562193 0.18734512 -0.17015898 -0.13984296 0.5463204 -0.35860652
144 -0.7774692 0.0954262 0.5289525 -0.003406737 -0.19553715 -0.6003609 -0.08564634 -0.011318225 -0.4056313 -0.3330626 0.76636195 -0.758117 -0.5224096 -0.23799318 0.43766785 -0.30739626 0.35996062 -0.03585084 -0.34970167 -0.16913305 0.55262387 0.4279342 0.16404915 0.13555919 -0.711481 0.2848971 -1.1338944 1.4130867 0.015764778 -1.056385 0.322788 0.2747192
145 0.78887165 -0.37631157 0.61166865 0.18216698 0.28382427 0.46116766 0.7587889 1.0034616 -0.4001384 -1.0537742 0.100413784 -0.46191674 0.14403187 0.27300256 -0.6257212 -0.12217552 -0.45090145 0.46895826 -0.76311725 0.81403947 1.3389263 0.77334106 0.79094166 0.2512653 -0.31561685 -0.5609083 -0.3728932 0.35759124 -0.05848184 -0.04204933 -0.36824304 0.2829624
146 0.27852935 -0.5812631 0.020879503 -0.24854285 -0.033396684 -0.5413739 0.8864833 -0.29115382 -0.2414903 -0.0608108 -0.11156424 -0.5370855 -0.20175354 -0.6273344 0.10952055 0.044726294 0.3274727 0.36368933 0.8024321 0.36031225 0.10357993 0.71952164 0.58429694 -0.24754663 1.0150108 0.16810079 -0.5967165 0.14468746 -0.24518555 -0.0042025927 0.43989453 -0.29473305
147 0.47960407 0.3101007 0.06900825 0.21506879 -0.40973982 -0.5811315 1.4075646 0.22129565 -0.53566533 0.50532985 0.20173943 -0.54069626 -0.37991634 0.58121186 1.0040122 0.58926624 0.30292684 -0.74938995 -1.0571681 0.7345352 -0.04847132 0.6382763 0.20372775 1.1197473 0.0028338428 0.7311606 -0.7109185 -0.42042413 -0.21322155 -0.7726718 -0.49507052 -0.022921883
148 -0.8421626 0.011286813 0.5098121 0.061778083 -0.23502111 -0.67870903 -0.077355176 -0.054343842 -0.35741362 -0.30687258 0.80098146 -0.81233764 -0.59722865 -0.19298124 0.37305474 -0.38850552 0.19402552 -0.10684291 -0.4207209 -0.21537097 0.5404848 0.45436642 0.17269307 0.11438785 -0.6680643 0.23756416 -1.1234612 1.3003191 -0.030145865 -1.1226053 0.1900023 0.24044538
149 -0.33717394 -0.683567 -0.20913269 -0.054254033 -0.20477909 -0.47076124 0.6033013 0.43305802 -1.1051892 -0.11933314 0.053509127 -0.8515526 0.3043414 0.1811223 -0.05162018 0.49842417 0.76638603 0.35389233 -1.044495 0.46848994 0.30069733 -0.07175872 0.86671704 0.86598825 -0.2063033 -0.14163429 0.14240742 -0.20296958 -0.3348571 0.19370164 -0.64674723 0.72137684
150 0.3179717 -0.5262864 0.03960729 -0.22539473 -0.06386897 -0.5381085 0.795055 -0.2654482 -0.19565476 -0.0747363 -0.18578285 -0.45389387 -0.12720077 -0.64743924 0.15575936 0.023948546 0.34674692 0.3925552 0.75006676 0.52781826 -0.0053174924 0.67634565 0.685816 -0.28067026 0.9630546 0.1922237 -0.40971446 0.26146615 -0.2688392 -0.12642147 0.44933936 -0.33857197
151 0.6475014 -0.2503921 0.6624008 0.28424343 0.060085993 0.43158314 0.97131765 1.1346463 -0.28788707 -1.0046283 0.3363412 -0.49194857 -0.016193528 0.021803182 -0.6622744 -0.18317063 -0.5344671 0.5714627 -0.63746685 0.53756094 1.4007578 0.87102276 0.68936074 0.517731 -0.23047026 -0.47975102 -0.17976473 0.15653105 -0.015303695 -0.025373258 -0.53737986 0.20567201
152 -0.89777553 0.14407434 0.57313716 0.0018106542 -0.16108604 -0.57389915 -0.040617213 0.08817142 -0.119123004 -0.22214068 0.63937205 -0.7625617 -0.32506803 -0.2949866 0.24982814 -0.3073756 0.41785014 -0.05938325 -0.47136676 -0.1629939 0.55969 0.6246278 0.1340688 0.15436314 -0.87275386 0.46907842 -1.228595 1.305628 -0.0004224516 -0.86971384 0.31045535 0.4385276
153 -0.8932048 0.24531314 0.54085916 -0.031352706 -0.11815248 -0.5537964 -0.12899393 -0.004160471 -0.34433508 -0.2131399 0.60048836 -0.7184905 -0.3852982 -0.25486788 0.25907683 -0.34721437 0.40273955 0.029455628 -0.36637628 -0.24449828 0.69367534 0.4946019 0.21674557 0.20329113 -0.7877085 0.29680023 -1.2528988 1.3175107 -0.062778845 -0.94872564 0.18525824 0.4411698
154 0.34448844 -0.5384612 0.06641266 -0.22724584 -0.098682955 -0.5604146 0.86586285 -0.3291293 -0.21691619 -0.099581026 -0.15237056 -0.43479246 -0.14507881 -0.6845808 0.09892327 -0.010510947 0.2583552 0.40259928 0.8249643 0.44263524 0.06441072 0.80976367 0.61500967 -0.33615306 0.89617306 0.22801152 -0.5009742 0.25790858 -0.21791957 -0.10054488 0.41899 -0.33525467
155 0.45275438 0.25027952 0.09688152 0.28230867 -0.4241914 -0.51454383 1.5671265 0.22512613 -0.7825342 0.46607763 0.18491876 -0.5638515 -0.4606052 0.60386103 0.954696 0.49321616 0.44917122 -0.6346692 -1.0550381 0.6327379 0.021984467 0.6724319 0.053889126 1.2135657 -0.058628093 0.64995694 -0.6954838 -0.60091835 -0.1699862 -0.73961 -0.5190917 -0.04051624
156 0.08813509 0.25370693 0.21094038 0.296386 -0.40381622 -0.24152368 1.2304637 0.032184962 -0.7652295 0.6667609 0.10985055 -0.51100403 0.28996968 0.39253187 0.8699504 0.53407454 0.49320394 -0.37039372 -0.8686282 1.0419738 -0.09593645 0.43372402 0.41717845 0.9013456 -0.25019777 0.4559133 -0.435275 -0.21251653 -0.3041397 -0.38838086 -0.5795659 0.14067331
157 -0.8561589 -8.478644e-05 0.6033371 -0.02842243 -0.2292917 -0.64629203 -0.08374944 -0.014944338 -0.3515279 -0.29388672 0.7909226 -0.8456378 -0.586439 -0.28420082 0.4076497 -0.34090826 0.2822913 -0.0068747276 -0.41102824 -0.20397247 0.4572131 0.41979653 0.12923613 0.18470612 -0.7203091 0.22201715 -1.059565 1.3594947 -0.012898345 -1.0242523 0.34359044 0.2327366
158 0.38129494 0.41532785 0.1579931 0.24381478 -0.31541446 -0.28377813 1.2799317 0.021449093 -0.66560584 0.50711554 -0.03818758 -0.5623422 -0.13182516 0.5484001 0.87526083 0.4271677 0.4447324 -0.57242006 -0.90583014 0.90768355 0.030731427 0.51496816 0.54630536 1.0921402 -0.19516024 0.65697944 -0.5176971 -0.37429407 -0.38867646 -0.56184363 -0.64519775 -0.027079158
159 0.3113084 0.24142389 0.087015405 0.02211449 -0.36352116 -0.57727325 1.2683556 0.008398709 -0.53864413 0.51100874 -0.07067975 -0.5174414 -0.3770175 0.554489 0.809186 0.4288815 0.47869372 -0.7668532 -1.1276578 0.79488295 -0.12551342 0.5133225 0.40467614 1.1207591 0.005953907 0.76961684 -0.6341789 -0.48305216 -0.21266419 -0.93247205 -0.46267256 0.031048834
160 0.57148606 0.3700434 0.08098309 0.024113797 -0.35629067 -0.33326232 1.5261357 0.21712025 -0.6425783 0.5655532 -0.021626612 -0.52323776 -0.23529762 0.67246544 1.1304997 0.6462771 0.56085503 -0.5558619 -0.93664 0.8088889 -0.06893856 0.5354339 0.17789961 1.0356617 -0.13181716 0.6320324 -0.6260706 -0.13093066 -0.16636424 -0.6171612 -0.3370552 -0.15655111
