1 0.22321889 -0.43626186 0.52757055 0.4195835 -0.51455694 -0.14007938 0.27017307 0.4406907 0.019378139 0.2629706 0.3014186 -0.50656945 -0.07136508 -0.18286325 -0.37073427 -0.12769124 -0.22681063 -0.16251926 0.57771033 0.30252054 1.0380216 0.687436 0.32982638 -0.5958017 -0.030328436 0.46753237 -0.44028053 0.3602809 -0.12508593 -0.17158586 0.00930091 -0.23165347
2 0.38042197 -0.36520588 0.6162093 0.34665304 -0.37429515 -0.2693274 0.23678146 0.28353795 0.1966545 0.14979298 0.31573504 -0.46392015 -0.010733149 -0.24553925 -0.41071048 0.048200227 -0.20422022 -0.22842081 0.5137357 0.32645178 0.93160963 0.5747766 0.39482546 -0.61021686 -0.0024714393 0.72486067 -0.54568255 0.45519283 -0.22168703 -0.063956894 0.04259492 -0.2197344
3 0.36785886 -0.34156686 0.56701964 0.37931368 -0.46033746 -0.16416606 0.34925395 0.33625323 0.094780385 0.19779372 0.34076375 -0.47078326 0.00055463467 -0.15644132 -0.34247968 0.003188703 -0.2420945 -0.14515592 0.6109714 0.31890264 0.9771336 0.5695378 0.3751586 -0.65076345 0.0337323 0.57505536 -0.5522592 0.3409834 -0.22173148 -0.18727021 0.024354078 -0.24774954
4 0.37228575 -0.4271672 0.51419884 0.3732147 -0.46165746 -0.10117289 0.40241566 0.3209953 0.016410327 0.20590645 0.31771395 -0.36933672 -0.10997816 -0.09250818 -0.37581936 -0.021633308 -0.20257859 -0.16474305 0.5306691 0.25995368 1.0692574 0.6744807 0.45534363 -0.6635635 0.010392671 0.5316465 -0.6601155 0.3447142 -0.18669921 -0.13822348 0.07081134 -0.30370578
5 0.30390587 -0.42812267 0.6611419 0.31558865 -0.43154573 -0.10138517 0.31479344 0.27003467 0.16078164 0.17832458 0.38799298 -0.43021548 -0.05990083 -0.20031294 -0.36035544 -0.0027376194 -0.21322663 -0.22867878 0.57912284 0.21265955 0.98917127 0.56243944 0.45792958 -0.61773807 0.08826408 0.6122536 -0.5169828 0.4177718 -0.13365582 -0.07275383 0.0017985781 -0.152176
6 0.34380564 -0.3560689 0.5621717 0.40572447 -0.51136404 -0.12504734 0.3598237 0.3052696 -0.01707788 0.18292327 0.37171745 -0.40615678 -0.15092807 -0.21549802 -0.42072958 0.011921297 -0.30479935 -0.13582306 0.48649937 0.30422074 1.0485421 0.6146763 0.4226495 -0.61370635 0.020884369 0.5481296 -0.5633667 0.33406496 -0.31003454 -0.070738524 0.0010811735 -0.26841927
7 0.3134828 -0.45357037 0.65172935 0.3806334 -0.5153588 -0.03609703 0.3871691 0.25197247 0.06360247 0.19706434 0.26175117 -0.51508796 0.024707373 -0.17529275 -0.3179244 0.029499866 -0.19967902 -0.17640252 0.5819002 0.26308882 1.02629 0.5717239 0.42088577 -0.64117026 0.09938028 0.68906415 -0.5030886 0.30670163 -0.23062907 -0.13906261 0.054050725 -0.24773802
8 0.3099798 -0.5880355 0.5057536 0.28746402 -0.48805562 -0.05793796 0.42268947 0.35925278 0.024482388 0.12393638 0.3769207 -0.41944292 -0.15909459 -0.21835467 -0.49934205 0.040002108 -0.22335784 -0.25943288 0.5439925 0.2656063 0.96830666 0.65947163 0.4360782 -0.61037135 -0.010012309 0.50033826 -0.5458542 0.35145003 -0.15275379 -0.12498525 0.025347969 -0.17141223
9 0.22904265 -0.38162538 0.63474655 0.35539305 -0.46449703 -0.18496338 0.33541927 0.24443336 0.04209381 0.19581397 0.33906525 -0.45413148 -0.07078994 -0.26165557 -0.29357922 0.021084292 -0.21461184 -0.16235024 0.5475845 0.2038441 0.9835723 0.6233757 0.37540787 -0.6375529 0.083788104 0.6426515 -0.60932547 0.38827297 -0.2997334 -0.045611158 0.038728695 -0.23768304
10 0.33316267 -0.5201103 0.5483793 0.3823506 -0.46784648 -0.16775395 0.3044666 0.3686273 0.09872332 0.107015945 0.28024623 -0.40604943 -0.08946096 -0.18974712 -0.36302865 -0.0019258317 -0.24893066 -0.119054124 0.48341718 0.2558034 1.055318 0.55027497 0.39246827 -0.60241085 0.09931719 0.5427387 -0.49624017 0.33163825 -0.14232469 -0.16284627 -0.05883399 -0.22719549
11 -0.981003 -0.088984594 0.37422773 0.06464336 0.24814583 -0.7293115 0.6610252 -0.45380527 -0.5124795 -0.5315363 -0.02045035 -0.44933358 0.48130196 -0.51274645 0.08141088 -0.19727089 0.10197279 0.37449095 -0.39633742 0.04932084 -0.00909479 0.48439848 1.0827463 0.16809654 0.26956534 -0.030982716 0.27405638 -0.3998463 0.39993936 -0.86843616 -0.144331 0.087328635
12 0.29393268 -0.37202767 0.5931159 0.37020388 -0.55088234 -0.09756483 0.39573577 0.30233115 -0.07960475 0.23469593 0.43073824 -0.41726294 -0.075485416 -0.1813019 -0.37068188 -0.01352851 -0.2610562 -0.17683832 0.6142196 0.20342585 1.0256888 0.6350795 0.42508692 -0.63802415 0.086915106 0.50547117 -0.52210987 0.3606377 -0.2750712 -0.090089425 0.022517538 -0.2246228
13 0.31838435 -0.31432593 0.6862232 0.41313964 -0.49750715 -0.18225981 0.32936564 0.31560382 0.014571313 0.18766081 0.45081237 -0.48203975 -0.12382371 -0.24879396 -0.41609678 -0.013610138 -0.24893099 -0.14552896 0.5469198 0.3179847 1.0764153 0.6289771 0.33160013 -0.64670706 0.022250673 0.58929867 -0.5153867 0.33697867 -0.29924494 -0.0725238 0.14441316 -0.24831939
14 -1.0054995 -0.16494678 0.4036793 -0.08741153 0.24458143 -0.73776793 0.69882876 -0.4164085 -0.5280696 -0.44936025 0.06078329 -0.5135446 0.475844 -0.51039165 0.116303325 -0.16510308 0.1783899 0.2891828 -0.34314367 0.05112257 -0.17649914 0.5245949 0.9987792 0.22832288 0.14967027 0.0034769876 0.28786832 -0.37268347 0.4381337 -0.8808065 -0.17316014 0.12644814
15 0.44107068 -0.41391915 0.5629189 0.40882555 -0.5345389 -0.11131397 0.34041435 0.3445513 -0.044380695 0.20678796 0.3471626 -0.3888042 -0.13593748 -0.1716179 -0.42087597 0.006407274 -0.13189313 -0.06441149 0.45082185 0.34420213 0.948783 0.6416504 0.43381512 -0.6628612 0.024310987 0.5675567 -0.6906407 0.29858813 -0.25259107 -0.09751333 0.15545186 -0.23243299
16 -1.0027566 -0.19380735 0.43735313 -0.11925453 0.23105201 -0.69247156 0.67143947 -0.4946743 -0.4647396 -0.49373767 0.116450444 -0.49275255 0.44068572 -0.5866949 0.019263834 -0.12570764 0.19389334 0.3002935 -0.3775951 0.04249657 -0.0626483 0.48673332 1.0705785 0.28281063 0.22020176 -0.0044275364 0.28580356 -0.5054172 0.52406305 -0.9720251 -0.21771106 0.1316371
17 0.41871265 -0.49914867 0.52162176 0.36720276 -0.49689397 -0.19585405 0.42795837 0.32457787 0.05667453 0.21897846 0.31262016 -0.43634182 -0.17399818 -0.21901602 -0.40395704 0.014633945 -0.25028095 -0.114710554 0.56765366 0.329249 1.0736008 0.63229555 0.39582798 -0.6677644 -0.04839458 0.453493 -0.44578797 0.37933865 -0.109107 -0.18565483 0.035794333 -0.29643962
18 -0.55671567 -0.08846036 0.3748264 0.30928946 0.58988035 -0.56848234 0.6359938 0.27224675 -0.049888153 -0.28424814 0.20929718 -0.9376108 0.42342907 0.17912269 0.19060789 0.5755149 -0.048632152 0.45648348 -0.67216414 0.4637939 -0.026687799 0.6053685 0.6860695 0.6607511 0.20831898 0.080515206 0.37870485 -0.3222322 0.4811419 0.045172483 0.050443392 0.42267504
19 0.28198478 -0.44616622 0.59793055 0.3683539 -0.5217503 -0.12297517 0.3377444 0.33078274 0.068903014 0.18188646 0.3160304 -0.40637934 -0.06402457 -0.18493351 -0.2903613 0.026957782 -0.26183262 -0.12082406 0.6141377 0.21648723 1.0326042 0.6015235 0.41320428 -0.709151 0.15033709 0.6156219 -0.60776836 0.35222 -0.16362023 -0.1629591 -0.050193008 -0.21606214
20 0.38692766 -0.46477258 0.3861036 0.07700685 -0.44065854 -0.17450514 0.4068432 0.14678447 0.004201556 0.26133516 0.19151956 -0.47519445 -0.17362595 -0.34826732 -0.2959636 0.08978754 0.08888128 -0.20588352 0.5106516 0.2130955 0.71469307 0.81986773 0.20034547 -0.51483345 -0.1397584 0.6152531 -0.6395664 0.41820022 -0.08166917 -0.14503637 0.08676096 -0.28676385
21 0.49533865 0.38287464 0.5243926 0.3318391 0.22583829 0.10658876 0.34245074 -0.26699123 0.55330324 -0.01996457 0.68887216 -0.76220334 -0.19973665 0.049305 0.5283206 -0.049415052 0.48802885 0.5861015 -0.03693121 0.5560625 0.14335537 0.5976884 1.22389 1.3295366 -0.20350382 -0.5482576 -0.84008783 -0.005952189 0.466701 0.30187786 -0.5838728 0.8589164
22 0.42326143 -0.41897315 0.35464498 0.06257369 -0.43949565 -0.21119949 0.42351124 0.11819787 -0.049605947 0.27805653 0.2670632 -0.45916533 -0.14983714 -0.36494824 -0.16194749 0.07054565 0.04696616 -0.10289119 0.47817546 0.2463827 0.7134121 0.83853877 0.20084195 -0.58881944 -0.062759124 0.5779049 -0.683166 0.5199895 -0.15338513 -0.060776807 0.09355221 -0.27803412
23 0.43292472 -0.46867594 0.32740632 0.123398446 -0.40950397 -0.3477694 0.41958258 0.32834217 -0.05491594 0.21640903 0.071521 -0.5150903 -0.13062052 -0.28792554 -0.26517022 0.016076898 0.12252429 -0.09233337 0.53088 0.22180198 0.70085484 0.7290161 0.24583572 -0.53393483 -0.1438335 0.5642055 -0.63097876 0.58399683 -0.06850303 -0.10378405 0.17934802 -0.2573749
24 -1.1586388 0.12113265 0.5569807 0.17230843 0.73989946 -0.510937 0.77645594 -0.59884155 -0.3801314 -0.4256272 0.029988147 -0.36264366 0.4684504 -0.57101715 0.0027453636 -0.45749432 -0.16178425 0.22363988 -0.41068968 0.16750568 -0.3424625 0.6295333 1.1818372 -0.14470917 0.05703534 0.18431108 -0.23534374 -0.28459287 0.20020999 -1.2179316 -0.074281 0.06614068
25 0.40877426 -0.442724 0.40667462 0.13058054 -0.2678961 -0.26005238 0.44551182 0.21221922 0.049872354 0.15477847 0.19560696 -0.35364628 -0.17140791 -0.3171284 -0.2144682 0.1219137 -0.014563276 -0.13168932 0.3705441 0.14339636 0.7032295 0.7803192 0.19611862 -0.59949416 -0.10929025 0.6522917 -0.76577973 0.5488349 -0.13459212 -0.023198629 0.11916948 -0.21562673
26 0.39515093 -0.41769108 0.41976395 0.1978121 -0.4092645 -0.19296381 0.3949124 0.21740705 0.027905509 0.170581 0.17847137 -0.32435054 -0.21567318 -0.3241118 -0.18532191 0.0420127 0.030870471 -0.019584958 0.46279368 0.2358275 0.7086323 0.74299544 0.17354935 -0.57880086 0.044490773 0.63021904 -0.8139954 0.45295355 -0.15873638 -0.070582286 0.06314261 -0.23817664
27 0.5403338 -0.41123325 0.42179328 0.20496638 -0.40467584 -0.2601255 0.37066463 0.17035714 0.006419846 0.1405337 0.28397074 -0.23541313 -0.23249382 -0.318131 -0.25596353 0.1262951 0.029238753 -0.026726646 0.3250812 0.21135654 0.8285992 0.730664 0.32943898 -0.60768455 0.023988968 0.5704045 -0.67713916 0.4781337 -0.1583896 0.021444896 0.12374985 -0.22656934
28 0.41155347 -0.48246396 0.41411787 0.059534445 -0.43563128 -0.20598297 0.5121714 0.1788742 -0.018799342 0.25151372 0.20047997 -0.4119094 -0.14431532 -0.29568544 -0.17434782 0.035048734 -0.03511141 -0.090573095 0.56066865 0.09836958 0.7952035 0.73685557 0.26662582 -0.55529195 -0.065784976 0.51805294 -0.6686704 0.57439494 -0.057046585 -0.04169549 0.08828587 -0.27438882
29 0.3841032 -0.44482604 0.352542 0.22491357 -0.5077166 -0.22378343 0.4357233 0.2510892 -0.12856436 0.26626182 0.12401043 -0.43518677 -0.15230314 -0.29081997 -0.1978359 0.12632796 0.085074924 0.014928038 0.43830478 0.2061885 0.8259164 0.79949665 0.2052987 -0.5575439 -0.0022987146 0.64100415 -0.74947 0.44563317 -0.18135521 -0.06024763 0.13445687 -0.29681572
30 0.40552357 -0.4957737 0.29892364 0.177509 -0.45955038 -0.34301597 0.39981106 0.27559757 -0.116508245 0.15508156 0.10808748 -0.3900836 -0.26481834 -0.3100357 -0.31996027 0.1618961 0.02171235 0.045239788 0.31045258 0.18705481 0.8447662 0.83623046 0.2075233 -0.6132958 -0.03328861 0.5296965 -0.7964984 0.39879984 -0.1466529 -0.029967638 0.1259612 -0.26451474
31 0.49098834 -0.51596415 0.39690843 0.06682556 -0.38854834 -0.2798113 0.4915339 0.049177274 -0.032482818 0.111325756 0.19388026 -0.37914604 -0.21634972 -0.4220482 -0.23965658 0.109641634 0.04001133 -0.10706582 0.45371768 0.18075728 0.739871 0.7046674 0.25761575 -0.5698003 -0.04995513 0.57762355 -0.5955626 0.55449736 -0.13370302 0.0015409389 0.08128211 -0.22220041
32 -1.128012 0.19026229 0.6122955 0.100765154 0.83451706 -0.6447511 0.5871574 -0.68227595 -0.14478847 -0.47830278 0.0995183 -0.3963967 0.3875239 -0.57624847 -0.14306186 -0.38944048 -0.19680752 0.23000954 -0.5125612 0.1448895 -0.32941386 0.62966996 1.1403629 -0.12728868 -0.10306165 0.26415396 -0.22708215 -0.26020703 0.123949766 -1.1232536 -0.11154856 0.03417457
33 -1.1002815 0.090271614 0.63446313 0.039379396 0.73826206 -0.5854971 0.5997519 -0.54723936 -0.20426005 -0.48196116 0.006712806 -0.45077944 0.3504633 -0.5035868 -0.2859062 -0.27902016 -0.11553529 0.22606555 -0.5528003 0.16272704 -0.3221839 0.59684205 1.1913434 -0.042343047 -0.07936091 0.22433773 -0.23643394 -0.4011744 0.17079857 -1.2079566 -0.101529054 0.08561383
34 -0.09196152 -0.24438919 0.36468846 0.6849001 0.6504063 -0.2038149 0.47442186 0.04193238 0.059571866 -0.14080106 0.68693906 -0.75366074 0.19696723 0.62356037 0.2528105 -0.011545368 0.2760908 0.7089455 -0.27582127 0.24931479 -0.0856576 0.6407691 0.66414523 0.9630994 -0.2975352 -0.29800776 -0.27526224 -0.18615149 0.43087977 0.45603344 -0.30641752 0.8344452
35 0.47465324 -0.47234717 0.3637814 0.13795282 -0.44543776 -0.22336206 0.31653464 0.14811313 -0.0028067979 0.21279316 0.15787248 -0.4428405 -0.21267898 -0.37486187 -0.26569533 0.06706352 0.058149215 -0.1029043 0.44568238 0.15160242 0.7639909 0.7305876 0.33064824 -0.55768317 -0.1932776 0.5780335 -0.7474333 0.48503104 -0.1253378 -0.06829199 0.03267873 -0.21819754
36 0.5948878 0.26524684 0.38355958 0.3400561 0.25544205 0.12162452 0.25481606 -0.28682065 0.5850395 -0.104419775 0.5429433 -0.70338196 -0.03411449 0.08095854 0.5972713 0.066313654 0.52588665 0.7740253 -0.06690732 0.62516844 0.23412205 0.56338555 1.310941 1.2102787 -0.19653939 -0.6369096 -0.8509804 0.033734012 0.50061697 0.28475574 -0.6812077 0.77804536
37 0.582761 0.25576648 0.37566182 0.3622985 0.2041555 0.0146896625 0.17612453 -0.2419554 0.45053026 -0.11508868 0.6649111 -0.7202945 -0.080596544 0.01790756 0.46595553 0.042898793 0.5668874 0.6178847 -0.06828561 0.5763393 0.33429515 0.48751786 1.2812005 1.3260617 -0.10507392 -0.55226725 -0.7265999 -0.079036884 0.5239309 0.2419037 -0.7395802 0.9002739
38 0.8216616 0.6571633 0.22575577 0.54559916 0.15328442 0.18471576 0.24885161 -0.43786252 0.42229792 0.3542426 0.746685 -0.71018535 0.012026275 -0.2304736 1.1312176 -0.21088637 0.78449374 0.6098741 -0.1377074 0.77589184 0.1839859 0.7359869 1.1079196 1.1813382 -0.18183103 -0.32876694 -0.72180015 0.32793432 0.3361471 0.044578623 -0.8171864 0.5367365
39 0.43679568 -0.33577076 0.36799797 0.24255465 -0.4056278 -0.24461299 0.38269112 0.22673069 0.017080225 0.29658622 0.2423621 -0.427112 -0.118426315 -0.3194159 -0.18433616 0.0779554 0.09549325 -0.10555623 0.4217773 0.3189946 0.73006946 0.81977534 0.13459972 -0.6229286 -0.07059395 0.6825996 -0.6465763 0.45527485 -0.12389887 -0.20030333 0.15154052 -0.32372692
40 -1.2161534 0.19697577 0.68288636 0.28089303 0.65409005 -0.5616329 0.72896457 -0.42264128 -0.19827956 -0.44471073 0.0011075786 -0.37263632 0.36943716 -0.46499494 -0.05750322 -0.44164446 -0.16207305 0.3369083 -0.51215595 0.2220093 -0.31800413 0.6594939 1.0902573 -0.1361391 -0.0843489 0.06439841 -0.27267668 -0.47047663 0.121431276 -1.2324729 0.09263686 0.018370805
41 0.54486775 0.35518518 0.14256746 0.48197383 0.39014938 0.20102683 0.18971787 -0.21697435 0.34707952 0.042579733 0.7764644 -0.73830265 -0.12867957 0.16920672 0.5013191 -0.09778275 0.43463308 0.6984257 -0.12450927 0.56130886 0.34750736 0.64556164 1.2208543 1.1591436 -0.24771208 -0.5756342 -0.791825 -0.00021699688 0.2720366 0.16508822 -0.7993334 0.6643041
42 -1.1543823 0.1956144 0.6615585 0.11932252 0.7431828 -0.41700917 0.81336284 -0.59568536 -0.304565 -0.41380692 0.07157452 -0.42573354 0.40461108 -0.4912484 0.054896574 -0.5161162 -0.1972596 0.23366939 -0.4143388 0.09996377 -0.46757212 0.6587246 1.238666 -0.13017285 0.019798743 0.23011419 -0.28962174 -0.19013058 0.15209344 -1.2472459 -0.032138504 0.0673941
43 0.9341844 0.5535072 0.35202533 0.60599095 0.1382158 0.041916203 0.34034127 -0.47517672 0.51943123 0.12263826 0.9283267 -0.56738764 -0.05276255 -0.18467923 1.0592161 -0.053763334 0.76111853 0.80989134 -0.16470031 0.71397245 0.025699982 0.61353624 1.1332577 1.1269559 -0.03279719 -0.33019617 -0.8070976 0.25976703 0.4015117 0.0024381445 -0.76540184 0.69428676
44 -1.2072395 0.09639095 0.5843233 0.114296116 0.75777864 -0.53429574 0.7512871 -0.6268776 -0.26513103 -0.47507662 0.030508654 -0.33918312 0.42008546 -0.5461776 -0.00419615 -0.36994603 -0.15169846 0.27365124 -0.49004927 0.10805249 -0.3615089 0.679024 1.1912282 -0.10201166 0.043385927 0.22910048 -0.33345425 -0.3143424 0.15091112 -1.2786093 -0.101543345 -0.007255182
45 0.4619425 -0.48241356 0.3015943 0.05402251 -0.41125992 -0.28421035 0.4373507 0.19267009 -0.07390363 0.19544977 0.14395286 -0.4549324 -0.263271 -0.37659317 -0.2785515 0.14331901 0.04574084 -0.091307186 0.45860368 0.25600764 0.799253 0.75973177 0.2764408 -0.46112972 -0.06042779 0.5446757 -0.6238617 0.53101057 -0.1296845 -0.02330268 0.10473729 -0.25672796
46 0.477811 -0.44880447 0.35130063 0.14164217 -0.46745887 -0.28389016 0.45637584 0.28561828 -0.05272573 0.22682184 0.112152636 -0.4049066 -0.1742789 -0.31755015 -0.22563754 0.115220025 0.01250244 -0.10279609 0.37672955 0.29712918 0.67486435 0.8043075 0.23675813 -0.57496744 -0.09849061 0.51668626 -0.63511574 0.517172 -0.1668204 -0.110889465 0.08777266 -0.24465868
47 -0.59359396 -0.05372997 0.29535398 0.35979077 0.65900606 -0.5530561 0.77026623 0.31827536 -0.26482278 -0.3431788 0.36256865 -1.0317189 0.3898456 0.19302465 0.15103012 0.47939858 -0.119353466 0.40061978 -0.68793553 0.42032036 -0.006049763 0.67421466 0.5438429 0.77927566 0.24023336 0.072725914 0.42552364 -0.39859447 0.36296514 -0.025587317 -0.12097422 0.36608166
48 0.42883232 -0.46053654 0.38319695 0.071276784 -0.34925216 -0.25629172 0.37343377 0.09046665 -0.045535658 0.24142341 0.1801016 -0.44765642 -0.2360353 -0.36678568 -0.26451987 0.16722827 0.077756405 -0.13115393 0.36794162 0.28076383 0.763658 0.80470663 0.17414631 -0.5393653 -0.105725 0.564726 -0.62699956 0.49100283 -0.15849093 -0.11958704 0.0743757 -0.26444146
49 0.43415365 -0.41897044 0.48300895 0.17392184 -0.3790849 -0.19749385 0.37595046 0.2613794 -0.018456833 0.13599032 0.24181104 -0.42578506 -0.14347158 -0.31256092 -0.1777174 0.07520052 0.047897503 -0.18263933 0.4237902 0.1483289 0.7022913 0.7300092 0.24483532 -0.5376076 -0.08299861 0.69667584 -0.6490067 0.5051244 -0.18313411 -0.06326906 0.15680669 -0.17038506
50 -0.6214367 -0.2266619 0.4449149 0.38738936 0.51238984 -0.5279766 0.81280273 0.26834714 -0.33303884 -0.22387873 0.40229556 -1.030514 0.53950465 0.25439778 0.2520413 0.4753504 0.0647591 0.44889128 -0.61042666 0.36956677 -0.018148802 0.6674861 0.47442558 0.75140375 0.101410784 0.08317063 0.45531115 -0.427527 0.5201441 -0.023223983 -0.15886933 0.5167158
51 0.4344961 -0.44384763 0.33265823 0.08485968 -0.36082864 -0.34137902 0.48826948 0.1823964 -0.014677003 0.26133627 0.25496432 -0.47940433 -0.10336858 -0.34695384 -0.151056 0.18081257 0.04644872 -0.120944165 0.41662592 0.24793044 0.69080126 0.84894633 0.09667884 -0.51283944 -0.14389078 0.62177 -0.5544628 0.5730883 -0.13397552 0.06860223 0.12961698 -0.2683107
52 0.38863918 -0.49448255 0.35871157 0.07371115 -0.43523785 -0.27132627 0.3890931 0.15924075 -0.05021446 0.22891381 0.14388584 -0.4671345 -0.23090915 -0.3878383 -0.28233543 0.096317336 0.12900776 -0.11535189 0.5084677 0.17202495 0.7723036 0.80245763 0.27868137 -0.5236435 -0.11982077 0.6064925 -0.6809569 0.5281561 -0.15735677 -0.03365883 0.08678213 -0.24652003
53 0.50394946 -0.5303167 0.31571555 0.035993934 -0.37802714 -0.29214627 0.46135154 0.24167873 -0.044580262 0.14529078 0.1558048 -0.36185518 -0.24434428 -0.2968407 -0.30985227 0.021706587 0.03356143 -0.10558004 0.42053232 0.18953708 0.77634114 0.8064555 0.2594577 -0.5799585 -0.11496243 0.5757838 -0.68939084 0.5673433 -0.10077299 -0.0973374 0.10282807 -0.2891019
54 -1.1129837 0.18094419 0.61789495 -0.011897274 0.8316253 -0.47239393 0.66207707 -0.742754 -0.25900096 -0.51833016 0.20764442 -0.49153632 0.2966386 -0.47633746 -0.067169175 -0.4543162 -0.22734465 0.19357753 -0.50350595 0.066840865 -0.37356877 0.64684826 1.1979885 -0.07351955 0.0071658688 0.2235923 -0.280485 -0.24393009 0.04060155 -1.1186693 -0.15667653 0.025295412
55 -1.0326325 0.028203474 0.60963124 0.23044465 0.8087445 -0.47826758 0.70157677 -0.42726448 -0.20885462 -0.5422936 0.06226382 -0.32378122 0.3527056 -0.48034936 -0.1760443 -0.39322156 -0.1647259 0.22921783 -0.585958 0.29909778 -0.330423 0.7001142 1.0464767 -0.084654495 0.033734735 0.120853394 -0.33667782 -0.51913387 0.2240735 -1.3582864 -0.062366687 0.0076809227
56 0.47628203 -0.55970883 0.4445796 0.040184032 -0.3457081 -0.24086216 0.45934278 0.16744566 0.03614167 0.1696607 0.08710612 -0.4146684 -0.1956451 -0.35939506 -0.26411554 0.12281739 0.09464549 -0.15403175 0.42920795 0.20803025 0.705976 0.6850154 0.2975125 -0.5822231 -0.014602933 0.69483376 -0.63517886 0.5373436 -0.077639006 -0.06736238 0.09523077 -0.19046666
57 -0.67887324 -0.2124938 0.41906586 0.33154616 0.54628724 -0.63813823 0.751092 0.20106782 -0.22604108 -0.42251304 0.3285142 -0.9065202 0.4609358 0.1817109 0.19903056 0.650438 -0.14584707 0.5874427 -0.56415236 0.40823546 0.0682624 0.54353786 0.7340145 0.6981618 0.35014454 -0.00071300525 0.41998753 -0.36698058 0.46195048 0.16616203 -0.04087564 0.5441567
58 0.550378 -0.48885462 0.33866453 0.1504761 -0.5662908 -0.24417885 0.44266877 0.24628066 -0.111421645 0.19667748 0.15097338 -0.42910996 -0.20926543 -0.3870419 -0.23338714 0.06186049 0.07746718 -0.071281925 0.473779 0.25093773 0.8053519 0.7821991 0.2660718 -0.53679293 -0.1136223 0.5264053 -0.5825279 0.4618114 -0.10786228 -0.17213278 0.085679725 -0.27054265
59 0.48642877 -0.4982513 0.3246869 0.045454595 -0.40802017 -0.26178983 0.52592254 0.10539646 -0.09106221 0.19995426 0.19920899 -0.37864524 -0.22378658 -0.3184384 -0.23987381 0.10956023 0.00886807 -0.17751761 0.43620083 0.22261468 0.71508545 0.7493017 0.30418256 -0.5479922 -0.10233576 0.54880923 -0.67007715 0.5506018 -0.18869582 -0.07103292 0.028013872 -0.31782943
60 -1.139101 0.11270508 0.59034896 0.2004647 0.7367197 -0.5395385 0.6469338 -0.47531852 -0.17925912 -0.43504393 0.059442744 -0.3752674 0.38026837 -0.49134007 -0.13909742 -0.35034642 -0.05269209 0.31727576 -0.50660133 0.206263 -0.2768136 0.6207297 1.1776572 -0.13222124 -0.09553865 0.090319954 -0.18579006 -0.37307277 0.2670789 -1.2817862 0.034587175 0.029981013
61 -1.0693895 0.15897563 0.6452406 0.09720423 0.68086046 -0.5368185 0.8218422 -0.5090973 -0.25777793 -0.38809952 0.074435264 -0.39141938 0.40646535 -0.43170777 0.043088716 -0.46196067 -0.106605925 0.3478082 -0.4986573 0.15699828 -0.5195424 0.59003043 1.1558529 -0.17260697 -0.008272141 0.24988493 -0.27722007 -0.20748655 0.15519445 -1.2595325 0.042042673 0.027942572
62 0.6283138 0.6328514 0.49230042 0.6251009 0.06731568 0.17178196 0.13819654 -0.41942742 0.6384238 0.14792494 0.7362345 -0.5717288 0.028240243 -0.14977472 0.9599884 -0.16753851 0.5444037 0.7292137 -0.21466134 0.8570296 0.2868369 0.585038 1.3110789 1.1874257 0.006630765 -0.3489682 -0.85359234 -0.025870604 0.29651472 0.015542415 -0.76554286 0.68866616
63 0.7009265 0.44400492 0.18319443 0.4780908 0.32917216 -0.02996354 0.22907631 -0.44444788 0.46313035 0.086507365 0.7009729 -0.5763038 -0.004145194 -0.11806032 0.82797474 0.05334689 0.65776247 0.83857274 -0.110084035 0.6688951 0.2260154 0.6141734 1.2039956 1.08622 -0.14211798 -0.502581 -0.77254426 0.2563153 0.38930503 0.25030062 -0.67093444 0.7176571
64 0.4699741 -0.54373145 0.36230046 0.18129382 -0.4919419 -0.2741193 0.40424663 0.23372427 -0.09166753 0.33977494 0.20680813 -0.4404398 -0.17945942 -0.32891232 -0.15806772 0.02684582 0.053082846 -0.060928535 0.41653752 0.23658918 0.8019532 0.74452174 0.1818281 -0.5984597 -0.10107331 0.6738439 -0.7004388 0.5521693 -0.14795093 -0.063553266 0.109439164 -0.3122482
65 0.47588146 -0.5199929 0.4931893 0.11655514 -0.36813956 -0.26459518 0.3962433 0.24503793 0.047449395 0.19430229 0.20353863 -0.40187952 -0.19523112 -0.3413051 -0.26565298 0.06854762 0.14138314 -0.21397485 0.38458073 0.18749225 0.77006173 0.68527347 0.23376784 -0.5173338 -0.08581146 0.6990429 -0.6259168 0.5542576 -0.122857 -0.11804862 0.050401606 -0.19926728
66 0.5764791 -0.46096304 0.3689417 0.08269431 -0.32976225 -0.21867289 0.44996926 0.18212357 -0.022261005 0.11816309 0.21665503 -0.3324388 -0.22204652 -0.41847652 -0.20208408 0.20948325 0.013846898 -0.084149025 0.33834362 0.24999808 0.80928063 0.74877703 0.20720042 -0.5587285 0.034322307 0.60927355 -0.6353649 0.42493555 -0.15643542 -0.044493817 0.11745102 -0.2604656
67 0.40754253 -0.47181326 0.3693138 0.09496859 -0.44367728 -0.24345039 0.5006151 0.19256383 0.035793863 0.1953872 0.11556646 -0.449371 -0.17896682 -0.3814575 -0.20526506 0.093282916 0.05689811 -0.11942382 0.5011799 0.14833528 0.68637896 0.7405589 0.23150758 -0.5469853 -0.02450572 0.6573751 -0.68442106 0.5192905 -0.09989626 -0.08219967 0.06813054 -0.2502912
68 -1.1272733 0.1069668 0.6363147 0.14412306 0.6310028 -0.5130329 0.7648687 -0.530762 -0.31159988 -0.38888732 0.057206966 -0.35241595 0.4068064 -0.558464 0.022862814 -0.481733 0.020036606 0.2728807 -0.47129527 0.14393958 -0.42098352 0.68631613 1.088101 -0.055415366 -0.0098702535 0.2289293 -0.2694078 -0.371544 0.17826329 -1.3230424 -0.01098146 0.013346288
69 0.5180289 -0.47786123 0.3615673 0.10090488 -0.44664374 -0.28922978 0.5271461 0.19988185 -0.13606887 0.2758277 0.22258253 -0.4340705 -0.22845137 -0.32159933 -0.21849439 0.16129641 0.042422052 -0.08049862 0.4431969 0.20882548 0.7025361 0.78961927 0.24830353 -0.5217872 -0.09663139 0.5424509 -0.6353162 0.5239745 -0.13609084 -0.024853135 0.11511601 -0.3194694
70 0.44696018 -0.40040848 0.35737616 0.070306644 -0.45077395 -0.25918874 0.41083336 0.15840025 -0.15374702 0.3024908 0.11636114 -0.51607746 -0.24390762 -0.31169447 -0.26837707 0.11730303 0.12828444 -0.10274135 0.5017355 0.29955223 0.7657804 0.7464968 0.26647946 -0.53251547 -0.112000294 0.578141 -0.53989255 0.5132283 -0.1338911 -0.15707453 0.118324086 -0.29581475
71 0.49423742 -0.38924408 0.3119455 0.19154909 -0.57417554 -0.1795652 0.48527873 0.17149623 -0.14321043 0.28212273 0.22697674 -0.37722963 -0.20027551 -0.28602493 -0.17179084 0.13447048 0.082407214 -0.028524863 0.34568968 0.3102435 0.8072598 0.78596 0.23898372 -0.56802064 -0.043126136 0.52353525 -0.63941795 0.40378314 -0.1614178 -0.10004592 0.15252899 -0.28032178
72 0.74925894 0.22637771 0.31068626 0.41579375 0.14063801 -0.038630713 0.30208117 -0.44124892 0.48384717 -0.014331166 0.66711 -0.53540796 0.044876695 -0.18355861 0.9299359 0.008200743 0.71233666 0.9080784 -0.0962796 0.63783115 0.17963113 0.5736914 1.1476042 1.174636 -0.016552234 -0.49007568 -0.87675726 0.13229272 0.5338671 0.26552632 -0.76993567 0.8324827
73 0.5390152 -0.42407367 0.3241794 0.19213936 -0.3451673 -0.3341822 0.5247176 0.1443327 -0.04416171 0.21465127 0.26787576 -0.26474455 -0.22474636 -0.34347355 -0.24504595 0.10260075 -0.07355251 -0.10314099 0.35709265 0.25826398 0.6680632 0.8783815 0.20407696 -0.63000226 -0.17027423 0.5357474 -0.6380342 0.50981086 -0.15044858 -0.042255253 0.13438378 -0.30990416
74 -0.5424731 -0.11837413 0.33813938 0.3373735 0.6015504 -0.62218565 0.8470205 0.35644948 -0.24904333 -0.2367224 0.2698676 -0.9895508 0.47184888 0.1575169 0.4441845 0.47779405 0.069179714 0.44618016 -0.62139076 0.38102 -0.110871516 0.7253413 0.4323149 0.7756767 0.1589759 0.14143501 0.3916865 -0.18176909 0.53067315 0.119255416 -0.004337553 0.48176268
75 -1.1193366 0.18190049 0.5953651 0.34810135 0.7320316 -0.5489101 0.7611987 -0.45231447 -0.21242808 -0.48815337 0.040571965 -0.30658504 0.37200812 -0.421901 -0.026367094 -0.3773185 -0.1612589 0.42486843 -0.57138723 0.20745783 -0.3134196 0.6619358 1.1621536 -0.2056975 0.016648635 0.06606151 -0.2878594 -0.4248581 0.17769244 -1.2495697 0.13852002 0.005322338
76 0.4895505 -0.4985059 0.44553334 0.17367116 -0.3834769 -0.29456136 0.3612105 0.22640392 0.046539433 0.30909088 0.14872776 -0.43982717 -0.20552057 -0.35052705 -0.2669508 0.011296171 0.13534243 -0.10308121 0.37581426 0.26867917 0.70217896 0.72757924 0.23151594 -0.57063323 -0.21405846 0.64983356 -0.7248258 0.5846001 -0.06728975 -0.12206064 0.18455553 -0.31718242
77 -0.82972413 0.07216771 0.41408154 -0.0837134 0.6992482 -0.68634754 0.8930467 -0.7265092 -0.47919378 -0.47466013 0.18732822 -0.24157871 0.13182473 -0.5101426 -0.07913196 -0.10561423 -0.0027176717 0.42769495 -0.60651594 0.15444247 -0.56233037 0.75483054 0.99548686 -0.10225766 -0.0030748304 0.10960325 -0.36677414 -0.37489805 0.019929975 -1.0577141 0.02402859 -0.06990761
78 0.4696556 -0.49019647 0.4646178 0.14484699 -0.41867903 -0.2886891 0.4311965 0.1538479 -0.0012666633 0.13553911 0.20635632 -0.35619825 -0.14305116 -0.314439 -0.18245211 0.11655926 0.009368465 -0.09641553 0.42487106 0.16387399 0.73295707 0.71472585 0.25761226 -0.5447993 0.011935389 0.69864947 -0.6862705 0.50390303 -0.13811477 -0.061801676 0.09266979 -0.23730662
79 0.440626 0.119953275 0.3011506 0.15674455 0.04554616 0.197405 0.40453154 -0.2987117 0.2997272 0.07882167 0.55462444 -0.6592148 -0.13968442 0.049983326 0.6637263 0.0039336705 0.7164604 0.7125917 0.02646713 0.47020963 0.20416404 0.6625612 1.2347144 1.3039956 -0.14897384 -0.6974307 -0.80498517 -0.009396202 0.6210271 0.13904694 -0.716415 0.7228934
80 -0.86264074 0.023373878 0.48512003 0.019828374 0.85267293 -0.7082036 0.8948946 -0.6554344 -0.3491181 -0.48823482 0.043919623 -0.1780647 0.15955171 -0.42842278 0.008730613 -0.20260605 -0.07172085 0.4980764 -0.7036987 0.1607948 -0.5941289 0.76350087 0.91162276 -0.10786029 -0.09308444 0.19708973 -0.50202554 -0.32609802 -0.018066159 -1.0333294 0.032041565 -0.06530738
81 0.4816 -0.5815481 0.32665658 0.15413027 -0.44990495 -0.26683202 0.42294183 0.31809458 -0.033125103 0.162052 0.07948228 -0.411029 -0.18033709 -0.30915353 -0.28772157 0.15471962 0.1033125 -0.048640106 0.29614675 0.2552927 0.86782235 0.71675783 0.2148848 -0.506331 -0.08862074 0.5678518 -0.7121688 0.42596772 -0.11917025 -0.110861585 0.120866686 -0.2552279
82 -0.7801653 -0.06708174 0.36188534 -0.22001268 0.7861416 -0.72947806 0.9541182 -0.8760888 -0.5266705 -0.57943046 0.17104077 -0.19352375 0.072656415 -0.5909304 -0.043749373 -0.04727754 -0.06924575 0.4565977 -0.6509876 0.042516608 -0.47373828 0.81706095 1.0870365 -0.04307955 0.15705805 0.07960029 -0.34110567 -0.35965285 0.10691076 -0.9183804 -0.068991646 -0.06513282
83 0.5830449 0.3432821 0.32031313 0.49288723 0.23982058 0.105143376 0.19060367 -0.35158363 0.46708834 0.032716937 0.8392861 -0.6652797 -0.037065323 -0.05554352 0.67349535 -0.008921047 0.6768288 0.7871205 -0.0644932 0.7102475 0.27155706 0.5654979 1.2273629 1.2518424 -0.08999709 -0.5273522 -0.740511 -0.052235913 0.43849275 0.05189542 -0.812474 0.7593785
84 -0.31205437 -0.31967092 0.28635418 0.5329536 0.63143915 -0.3157897 0.40571102 0.11964036 0.0049510235 -0.27181923 0.303137 -0.8697098 0.26154023 0.4610048 0.16574435 -0.0113377515 0.353303 0.7342508 -0.31908837 0.14178333 0.059706785 0.69389516 0.79175425 0.9577453 -0.32170996 -0.376412 -0.27003494 0.028210169 0.6442981 0.52007097 -0.22016376 0.83535516
85 0.42992848 -0.53081745 0.3826258 0.049997706 -0.42702386 -0.31754878 0.43497387 0.18810259 -0.09486223 0.1559749 0.27179518 -0.40473443 -0.1682159 -0.3614991 -0.17600697 0.018676942 0.012546847 -0.12484267 0.44343755 0.13641922 0.7336307 0.6888511 0.28422797 -0.49502644 -0.017042927 0.65879226 -0.6384294 0.5459758 -0.18295787 0.014610479 0.07189389 -0.23232503
86 0.3946225 -0.5065846 0.38729402 0.11583791 -0.47770688 -0.20334624 0.46179003 0.19598387 -0.030684216 0.2531957 0.22361365 -0.43662742 -0.19275552 -0.3476051 -0.29059893 0.0029705688 -0.0012217544 -0.107159436 0.49606496 0.15277259 0.7322687 0.7521636 0.29108858 -0.5665537 -0.12698947 0.5545537 -0.6072791 0.5085881 -0.10801778 -0.0343063 0.093285896 -0.24624133
87 -0.37973106 -0.28748932 0.45975515 0.63563454 0.75464267 -0.50820684 0.74047625 0.5277763 -0.08450919 -0.24319293 0.5967698 -1.1427388 0.3680742 0.49029255 0.32407543 0.09516522 0.017304454 0.43805468 -0.31408158 0.18537164 -0.29757327 0.6374171 0.67235255 1.0582286 -0.17327395 -0.04523576 -0.034535542 0.05581795 0.5590698 0.45206282 -0.13146137 0.9295657
88 0.46137467 -0.53691626 0.41041616 0.21103185 -0.47782347 -0.24593122 0.51494193 0.1971614 -0.056428976 0.16548225 0.1533185 -0.26939884 -0.19140218 -0.39687705 -0.22579534 0.10001782 0.09092885 -0.040818516 0.3781537 0.22157519 0.7074978 0.8287175 0.1766878 -0.5403285 -0.033809558 0.61091083 -0.7221972 0.44113317 -0.12606928 -0.027804418 0.15976907 -0.26392388
89 -0.85273415 0.015170686 0.39914206 -0.08847726 0.8117853 -0.8188487 0.89315844 -0.7575646 -0.41861042 -0.5116851 0.075128734 -0.2491367 0.17823209 -0.56194687 0.09207149 -0.11527879 -0.052856132 0.42737883 -0.6039416 0.13865997 -0.5406365 0.78702456 0.9286506 -0.05804164 0.030824821 0.25226557 -0.25784078 -0.18291213 0.06683301 -0.93575567 0.039428096 -0.084767066
90 -0.6666216 -0.0991219 0.3627492 0.34083933 0.685807 -0.5775935 0.6889804 0.3361048 -0.13964586 -0.26607224 0.25806937 -1.0917006 0.48646906 0.17196642 0.15551259 0.48260573 0.01960256 0.35813645 -0.6312917 0.52177066 0.020141384 0.6860814 0.57628316 0.75633746 0.13760576 0.1402245 0.4369128 -0.35425067 0.56110865 -0.056704357 0.031947818 0.48030314
91 -0.8671881 0.039703935 0.42516807 0.046539403 0.83052987 -0.6458142 0.94428796 -0.5950164 -0.36027125 -0.43203586 -0.03147512 -0.24060732 0.26673973 -0.4245202 0.07539431 -0.22570525 0.0020071822 0.49599218 -0.6282066 0.15946719 -0.64396703 0.82264984 0.91725177 -0.2000735 0.0063561425 0.24743362 -0.31177488 -0.20091027 0.1354945 -0.98678464 0.11607851 -0.013562832
92 0.55577296 -0.5569884 0.38672987 0.016723067 -0.40058213 -0.24382968 0.5478939 0.14013232 -0.114952885 0.039086264 0.26457134 -0.30000874 -0.2582604 -0.28964832 -0.18782969 0.105879396 -0.0405669 -0.114214614 0.3663938 0.1126592 0.76693815 0.7807743 0.23709081 -0.56664634 0.015192902 0.58976305 -0.7188988 0.48815915 -0.19176616 0.035002608 0.0308374 -0.2692614
93 -0.85289955 -0.017347008 0.44756824 -0.04467837 0.8105897 -0.7003365 0.93955916 -0.6234826 -0.40084448 -0.43818465 0.08826911 -0.21510494 0.20551805 -0.5006 0.11756919 -0.17995577 -0.017246205 0.41242024 -0.69679636 0.14916697 -0.5838123 0.8073538 0.83616936 -0.08584471 0.011422961 0.18959029 -0.37874562 -0.24611442 0.08549984 -0.92537004 0.02450933 -0.07292927
94 0.42975774 -0.45096 0.4690588 0.12602507 -0.36269647 -0.26888114 0.46710238 0.24997899 -0.049417105 0.1653479 0.1996301 -0.38507012 -0.13170086 -0.33642444 -0.20026869 0.16150357 0.006935961 -0.1454382 0.4049252 0.21471117 0.7823946 0.76917446 0.18769576 -0.61744803 0.05096491 0.73229855 -0.6790014 0.4790682 -0.22585909 -0.07593485 0.15091227 -0.31075194
95 0.47809067 -0.517762 0.37844276 0.053715643 -0.37605566 -0.25768316 0.4780239 0.22848536 -0.04223372 0.1938492 0.1512483 -0.38826752 -0.17964749 -0.32463157 -0.26782885 0.11637074 0.09570892 -0.1339067 0.3969825 0.20290747 0.6801448 0.8381776 0.21031095 -0.5616719 -0.12539755 0.6603279 -0.73616165 0.5187136 -0.10015703 -0.041528568 0.119317934 -0.26540953
96 0.46840382 -0.4959138 0.38793218 0.12697421 -0.44327745 -0.26442736 0.4596769 0.22692253 -0.013200996 0.2381464 0.19725533 -0.3903794 -0.16242449 -0.35033396 -0.20724212 0.078806 0.13142629 -0.09505503 0.40264744 0.21596551 0.74070656 0.79393566 0.20855753 -0.5303499 -0.15150407 0.609125 -0.6967916 0.5156786 -0.122143924 -0.06578649 0.13988103 -0.28057086
97 0.7992889 0.5186683 -0.0003030777 0.47670522 0.23028971 0.08272586 0.11294449 -0.30656794 0.5377954 0.14394934 0.3785635 -0.69349366 -0.058865722 -0.3129772 0.8719704 -0.07551553 0.94542754 0.8163554 -0.30165613 0.72514266 0.34987685 0.7518371 1.3250649 1.2359062 -0.20470898 -0.49576303 -0.92437464 0.2712132 0.5145448 0.023423156 -0.7558482 0.65002143
98 0.4257482 -0.4304104 0.38062507 0.081931986 -0.44523448 -0.31340924 0.5208123 0.14010324 -0.13631803 0.23126657 0.2011107 -0.33856723 -0.20015095 -0.39455858 -0.16595528 0.1596241 0.022417443 -0.00717556 0.37759772 0.19855677 0.7786574 0.726359 0.24239257 -0.57907915 0.04677331 0.56910354 -0.64927256 0.5069956 -0.2564349 0.014566423 0.12069367 -0.27381057
99 -0.83841604 -0.08720295 0.46730313 -0.1430037 0.75073576 -0.6728472 0.8434669 -0.6998629 -0.47641188 -0.5623463 0.27342427 -0.30794534 0.10792148 -0.47880453 -0.17678893 -0.11661826 -0.09327091 0.35457107 -0.6393619 0.09852798 -0.33859226 0.75238085 0.9089981 0.009492214 0.014874534 0.11429882 -0.25486135 -0.4798394 0.05410777 -0.9924783 -0.07421913 -0.111228265
100 -0.77503264 0.01370898 0.3818461 -0.025506703 0.7912113 -0.71980685 0.86602366 -0.62165403 -0.3604249 -0.5059016 -0.034549184 -0.20900613 0.0974354 -0.47143596 -0.065351166 -0.09717215 0.0352707 0.48485273 -0.670419 0.16697711 -0.5036948 0.7715236 0.84482276 -0.0048099053 -0.0212175 0.14855379 -0.4588294 -0.4143192 0.08244242 -1.0360364 0.06001425 -0.07562207
101 0.39156955 -0.58316684 0.37121052 0.15214361 -0.43599507 -0.20642032 0.38323414 0.2693826 0.031136546 0.17065307 0.07565646 -0.40597653 -0.16237187 -0.29538238 -0.30324072 0.12719567 0.12638007 -0.13387562 0.38104808 0.14462987 0.81561285 0.7449947 0.23056318 -0.4914496 -0.089883685 0.6539985 -0.63792545 0.36146814 -0.038982168 -0.25105602 0.086169526 -0.25612518
102 -0.50505155 -0.27566472 0.47920173 0.42466974 0.7388217 -0.33638975 0.77423245 0.4433715 -0.12168821 -0.13327311 0.37965062 -1.0649301 0.31442583 0.49755535 0.3771609 0.02026842 0.22603749 0.54737574 -0.35151616 0.1271584 -0.22507705 0.8406282 0.51989365 1.0686156 -0.37079552 -0.23257604 -0.13532335 0.048068766 0.65540105 0.3867664 -0.22687933 0.8621805
103 0.48620737 -0.54369164 0.3239186 0.1349832 -0.49579188 -0.21892829 0.44003192 0.1873938 -0.10879617 0.14300546 0.16317604 -0.29753107 -0.24741839 -0.31207678 -0.20583703 0.14261943 -0.009699155 0.003937851 0.39133102 0.26752588 0.8350239 0.7702254 0.25653672 -0.5518694 0.061203588 0.45847422 -0.7278763 0.36222163 -0.11627282 -0.047750503 0.04280803 -0.26652417
104 -0.81547105 0.06510617 0.4238254 0.033067662 0.8264081 -0.7314733 0.9073114 -0.66237164 -0.4087312 -0.4877565 0.04138021 -0.21521996 0.20222539 -0.550033 0.04477819 -0.16661727 -0.025625076 0.49264762 -0.5568455 0.16013096 -0.57505864 0.76522046 0.9681161 -0.08236581 -0.03009512 0.1316678 -0.33388004 -0.22421752 0.12558986 -1.0253066 0.046417687 -0.051500153
105 0.41297582 -0.4737067 0.38891095 0.15425298 -0.3387777 -0.37012333 0.52185214 0.14478979 -0.08145794 0.1993521 0.28931704 -0.2964131 -0.26131505 -0.32169408 -0.21097076 0.06799575 0.006170912 -0.0531082 0.43663737 0.17632261 0.671957 0.74797606 0.19666217 -0.6237037 -0.033097953 0.5762862 -0.77964425 0.59586334 -0.2589159 0.026418168 0.11307095 -0.26113415
106 0.4313193 -0.59700817 0.3978938 0.048240956 -0.4773367 -0.25252226 0.38821372 0.14246938 -0.031668518 0.12886791 0.13954143 -0.32575756 -0.21218716 -0.3307973 -0.27125692 0.015836496 0.114175126 -0.049402025 0.4288924 0.087121464 0.78885156 0.74188054 0.2437112 -0.5346115 -0.0010791197 0.6629733 -0.80614465 0.46311015 -0.1183431 -0.04715027 0.064976834 -0.16881719
107 0.52171165 -0.36590418 0.37210244 0.10891946 -0.4272724 -0.24790102 0.4623892 0.070891075 -0.04054994 0.27065054 0.26940888 -0.38580456 -0.1833948 -0.37766498 -0.12379346 0.152214 0.10028206 -0.1309747 0.4164939 0.33904344 0.74280286 0.80219793 0.19010387 -0.5362911 -0.04464979 0.55273294 -0.5908322 0.51100725 -0.2082128 -0.11238608 0.11577254 -0.3031811
108 -0.65708244 -0.2219307 0.19453956 0.10615437 0.6217971 -0.6901423 0.96049947 -0.07493667 -0.58565617 -0.49011993 0.44200906 -1.0879636 0.43009236 0.082579374 0.14670424 0.6941051 -0.090495124 0.39293173 -0.7180229 0.572949 0.16500841 0.71187705 0.7464951 0.69704795 0.54896325 0.096419595 0.6770508 -0.62171155 0.44798636 -0.21813592 -0.12926252 0.2846293
109 -0.32292688 -0.18099326 0.2648217 0.46878004 0.75341564 -0.45437303 0.71351194 0.41898194 -0.123024024 -0.20644826 0.32602763 -1.0053488 0.20621413 0.45654672 0.1896839 0.042064965 0.10521512 0.5386347 -0.2989615 0.054429434 -0.1475697 0.7781232 0.72829705 0.9774102 -0.3817735 -0.30479157 -0.19589701 0.14637196 0.5795082 0.57807714 -0.15058742 0.8266599
110 -0.90115523 0.046138678 0.31217432 0.0038220545 0.7204315 -0.6491362 0.80913275 -0.5372533 -0.40877727 -0.52386165 0.0021393117 -0.24838601 0.2432929 -0.50515175 -0.0737166 -0.13092558 -0.056366306 0.3735239 -0.5409591 0.15307628 -0.35671467 0.7427843 0.97702837 -0.0210288 0.013408774 0.09203047 -0.25484696 -0.30971262 0.12765183 -1.0307983 -0.08911069 -0.10613222
111 -0.47715244 -0.14315902 0.14589645 0.27050626 0.6014741 -0.8180762 0.87723607 -0.10793057 -0.41288042 -0.45932287 0.20856114 -0.7895813 0.45930845 -0.09048469 0.20767982 0.7702444 -0.07659029 0.48631042 -0.72150445 0.37156942 0.12404683 0.68199253 0.8963498 0.5704323 0.5168767 0.11811855 0.752307 -0.5005782 0.48673233 -0.16909249 -0.092268735 0.20550856
112 -0.98834634 -0.050802164 0.5472968 0.006302484 0.7284972 -0.67042214 0.83535594 -0.5542974 -0.3705462 -0.5213048 0.081505865 -0.20485197 0.21811822 -0.40565598 -0.060153194 -0.23881331 -0.059071027 0.50165933 -0.6558316 0.16349825 -0.5233679 0.7631157 0.87836957 -0.1876002 -0.008454212 0.19194701 -0.48438522 -0.37420002 0.06873229 -1.1518235 0.09260725 0.001091992
113 -0.5261784 -0.2083179 0.50754327 0.6621488 0.7192924 -0.36528155 0.6435477 0.42159304 -0.046999853 -0.20614421 0.40783522 -1.1314481 0.46688843 0.6079378 0.41855195 -0.041154068 -0.04329054 0.5865652 -0.42317832 0.16069622 -0.009094708 0.6916232 0.70943266 0.91422987 -0.19625011 -0.08354618 0.06422442 0.06876026 0.52065146 0.51173645 -0.25560045 0.7926501
114 -0.51836854 -0.10135101 0.23965093 0.21265996 0.6234694 -0.7656545 0.87241364 0.045817815 -0.4637908 -0.39637375 0.3186999 -0.8958552 0.4188071 -0.019751208 0.20281126 0.8107099 -0.10970199 0.398808 -0.7964141 0.47196168 0.015474608 0.63769287 0.9279704 0.58947366 0.54973674 0.14668964 0.5599472 -0.479963 0.43447617 -0.1074206 0.014383936 0.36686793
115 0.7486146 0.5405022 0.24351856 0.59365433 0.07195826 0.094823435 0.16672595 -0.35982123 0.4497961 0.13435613 0.7234717 -0.7206912 0.07777281 -0.30070126 1.0561881 -0.2213595 0.9405875 0.62011755 -0.27314115 0.7474583 0.18056516 0.57673776 1.0937274 1.2040693 -0.11379606 -0.24864626 -0.758205 0.08932168 0.4465855 -0.17571071 -0.8537128 0.7274414
116 -0.41479334 -0.27925992 0.4746956 0.49646223 0.67737925 -0.2991005 0.5999325 0.45513007 -0.04389743 -0.20101704 0.3991639 -1.1626817 0.25616196 0.6070545 0.18605123 -0.12163605 0.08485027 0.4464809 -0.40835834 0.19830446 -0.16715334 0.7065733 0.8012087 1.162429 -0.33588848 -0.21630323 -0.07732063 -0.078741945 0.564698 0.36282212 -0.2234624 0.81232893
117 0.5230708 -0.49021682 0.38676196 0.13117218 -0.41104808 -0.27122453 0.49286908 0.17667453 -0.08138562 0.15176019 0.16798322 -0.38733065 -0.23502445 -0.32353532 -0.3247557 0.12289428 -0.09368745 -0.08626698 0.41540048 0.21407655 0.861588 0.7244946 0.321993 -0.5404532 -0.08037952 0.55813795 -0.5708248 0.51554865 -0.1461545 -0.0822499 0.051679444 -0.3313728
118 0.04070886 -0.1537977 0.21081112 0.51025534 0.5536971 -0.030165209 0.4453633 -0.15009315 0.095250435 -0.18395182 0.62137836 -0.75224286 -0.039172538 0.37229857 0.4310219 -0.21735883 0.33907327 0.7882743 -0.038703177 0.05132571 0.15060428 0.6463277 1.1551716 1.1391551 -0.2445051 -0.63804036 -0.6440003 0.179027 0.4049047 0.6721073 -0.548717 0.88927543
119 0.45378992 -0.4988312 0.39682558 0.15691099 -0.44892448 -0.20197904 0.38015026 0.12749308 0.015475242 0.21312521 0.1844229 -0.45303988 -0.19180195 -0.36995056 -0.17492133 0.111333355 0.12843068 -0.1244228 0.48218256 0.31095818 0.8140487 0.8052547 0.19756047 -0.56216276 -0.08256484 0.5486979 -0.5664398 0.47467154 -0.06349709 -0.21126269 0.097369164 -0.31993747
120 0.36973223 -0.5443629 0.31679994 0.1601189 -0.3887057 -0.2359803 0.4200195 0.32606718 0.043956216 0.21784383 0.060644817 -0.42251757 -0.15340684 -0.32474798 -0.29742065 0.17942029 0.020180205 -0.07250421 0.4723446 0.19458911 0.84461045 0.7731424 0.19438541 -0.5742181 -0.04369106 0.6469568 -0.7343931 0.4298115 -0.09893224 -0.1484758 0.09717176 -0.23853046
121 0.5303937 -0.48342976 0.2808722 0.042482503 -0.44522646 -0.27557048 0.4474189 0.15667243 -0.019688582 0.18120106 0.0897047 -0.4613584 -0.27240568 -0.41681248 -0.25613567 0.18665971 0.13303678 -0.0644798 0.47081828 0.23353662 0.7503502 0.81321466 0.21870743 -0.49099115 0.015013575 0.59521127 -0.6562001 0.42912036 -0.08470349 -0.08816784 0.06747142 -0.31651628
122 0.46695557 -0.44327155 0.29364505 0.12182659 -0.41592047 -0.29003134 0.46070352 0.30417833 -0.10411059 0.2231544 0.17688468 -0.3565781 -0.21449609 -0.340451 -0.3056249 0.071519464 -0.0061227125 -0.12446852 0.48905405 0.2377181 0.80695236 0.8176315 0.27391586 -0.50129145 -0.16084619 0.40550953 -0.6589231 0.5061959 -0.13369456 -0.0312915 0.054010395 -0.26450947
123 -0.8496905 -0.02302219 0.44101992 -0.04364739 0.754533 -0.7001449 0.90367395 -0.69422317 -0.39551786 -0.5386012 0.015557485 -0.20693822 0.17790061 -0.53506154 -0.07090502 -0.1030496 -0.06152429 0.41593906 -0.6525923 0.11327027 -0.469232 0.7666018 1.0016943 -0.06574336 0.0280166 0.12629376 -0.3596055 -0.3718889 0.118563436 -0.9430958 0.051804684 -0.0014207102
124 -0.83097637 0.011765037 0.4179148 -0.15569514 0.85692173 -0.80436707 0.91394025 -0.74139434 -0.5177316 -0.54126346 0.11291592 -0.32004544 0.16336644 -0.54215425 -0.108325385 -0.08864019 -0.1507716 0.37025326 -0.63806504 0.076651625 -0.4846472 0.76783437 1.0445333 -0.09052951 0.043167226 0.13407567 -0.21782589 -0.24617021 0.12055263 -0.8704261 0.005213344 -0.025957985
125 0.7072193 0.23860769 0.4331596 0.4886641 0.20511839 0.045291435 0.3367588 -0.42038622 0.47380245 -0.004651724 0.79715997 -0.61027104 -0.04000442 -0.052891318 0.7505424 -0.024161868 0.8134148 0.81490797 -0.10451309 0.6042833 0.10349646 0.54227614 1.2322265 1.2405497 -0.11791129 -0.46094608 -0.80252916 0.0751261 0.58451855 0.15244342 -0.6794823 0.8605857
126 -0.5224738 -0.18375759 0.13793899 -0.08761524 0.6287976 -0.71806055 0.86257035 -0.1677968 -0.7078545 -0.3319302 0.3737021 -1.0051067 0.32936037 0.09549771 0.010540197 0.84906834 -0.09240457 0.34610206 -0.7089036 0.5031849 0.19661474 0.76113945 0.84298307 0.5873145 0.44475135 -0.017300231 0.6466143 -0.58094513 0.5386773 -0.07641843 -0.16779031 0.26149532
127 0.40258065 -0.42235315 0.35321197 0.11553091 -0.30619505 -0.25251827 0.36741945 0.20085579 0.018569157 0.2187871 0.20068164 -0.392546 -0.25128067 -0.3390918 -0.2641521 0.1106567 0.082049824 -0.18951476 0.49019668 0.13425685 0.71770793 0.7742664 0.30213755 -0.5527545 -0.08344843 0.6632139 -0.7550078 0.58984035 -0.11125399 -0.014662648 0.11617556 -0.26344708
128 -0.8831268 0.06355013 0.3393745 -0.0398402 0.71142733 -0.7128978 0.8211963 -0.64980525 -0.42042333 -0.44029406 -0.040340587 -0.2531403 0.19913948 -0.5206543 0.052906714 -0.21949174 0.13097695 0.40735546 -0.64821744 0.16240089 -0.5095545 0.8366752 0.89993054 -0.095593035 -0.099465124 0.2281607 -0.3973679 -0.19944023 0.13264436 -1.111732 0.027084704 -0.094940655
129 -0.6707765 -0.19657731 0.09304097 0.12729968 0.60214007 -0.6332663 0.93685764 -0.12628645 -0.63697225 -0.34929538 0.5796205 -0.89191806 0.42307228 0.19142152 0.0011789368 0.7282467 -0.09910544 0.5387556 -0.53554183 0.42240974 0.2983697 0.64976376 0.8851759 0.52323127 0.41605905 -0.15155683 0.6668822 -0.49873894 0.48586085 -0.10575851 -0.2087716 0.32082534
130 0.012756354 -0.03500488 0.45422462 0.4967263 0.43359533 -0.049186602 0.45889995 -0.30508 0.17775114 -0.12113851 0.7481909 -0.6351607 -0.055279545 0.42868385 0.4462902 -0.005551408 0.1804728 0.80799985 -0.11339395 0.23836634 0.06848308 0.69113374 0.8859028 0.9871361 -0.1668866 -0.5725357 -0.6375569 0.016526263 0.3670726 0.74567044 -0.42243508 0.8682961
131 0.53786415 0.16899279 0.25769502 0.33693856 0.1892656 0.00867079 0.35944468 -0.38767657 0.25315955 -0.014973585 0.66258645 -0.585751 -0.15196882 -0.004360407 0.7308829 -0.058248095 0.6295898 0.7720494 -0.09289781 0.44455466 0.24571267 0.57903916 1.2358171 1.2261735 -0.07488446 -0.5590457 -0.81920314 0.10322408 0.39954153 0.42061242 -0.6475555 0.833326
132 -0.8535143 0.065467216 0.40191168 0.07129251 0.7717182 -0.79532975 0.8864381 -0.6223722 -0.4144324 -0.44909552 0.052207693 -0.25837812 0.21527869 -0.51790655 0.09975081 -0.15594427 0.088483624 0.5489636 -0.7704839 0.2752454 -0.5506803 0.87683016 0.8624891 -0.123511024 -0.03148144 0.21371241 -0.38507247 -0.34850556 0.11303538 -1.1653863 0.2055431 -0.097869545
133 0.4831762 -0.5095358 0.40313452 0.13689739 -0.37154692 -0.24537027 0.38357383 0.1918218 0.015504091 0.21880361 0.17956765 -0.4275289 -0.18817198 -0.2761641 -0.2564777 0.09310653 0.09524278 -0.06972768 0.31731558 0.26902324 0.7984309 0.7653969 0.18342203 -0.5313999 -0.15908723 0.6673679 -0.66277283 0.47685987 -0.14058235 -0.1618819 0.13003175 -0.25779495
134 -0.055271942 -0.07214647 0.27244467 0.4763132 0.41503987 0.07796912 0.40103075 -0.13870768 0.0398365 -0.17704514 0.76246506 -0.7437549 -0.009303468 0.46281767 0.45328903 -0.19917628 0.22465643 0.83873564 -0.02552952 0.2173825 0.28832626 0.6391728 1.0743582 1.1377717 -0.117674716 -0.69330376 -0.6097799 0.0635736 0.37725118 0.61329806 -0.68977195 0.9246116
135 0.8167708 0.5925698 0.26725036 0.66646653 0.11913195 0.06438824 0.22444879 -0.32051203 0.7003963 0.24483068 0.6032211 -0.5625108 0.14271848 -0.34757543 1.1420408 -0.03977696 0.9726772 0.80453444 -0.09024295 0.89005053 0.16770159 0.6224219 1.1396408 1.1016659 -0.14203493 -0.35543486 -0.806022 0.39515197 0.5881612 -0.06606267 -0.6588311 0.77157456
136 0.3632788 -0.42780057 0.30215704 0.14148036 -0.42724293 -0.23088638 0.4246907 0.21147314 -0.07691312 0.2711482 0.19749452 -0.41749465 -0.175985 -0.34860572 -0.19571222 0.17838421 0.09021286 -0.073791 0.37537798 0.282134 0.74378026 0.7018824 0.21984918 -0.60660475 0.06212783 0.5762412 -0.6385537 0.40843022 -0.1037085 -0.20063025 0.10382699 -0.3051778
137 0.43977043 -0.5301645 0.43757764 0.15217927 -0.38285068 -0.26385903 0.36500922 0.29043505 0.05816497 0.13593575 0.17013645 -0.4636753 -0.19551437 -0.32096654 -0.28846475 0.09603839 0.057397112 -0.14598222 0.4521696 0.19243398 0.6751466 0.7817357 0.22182749 -0.5414371 -0.078635305 0.6243283 -0.63125193 0.4896302 -0.05685792 -0.10833046 0.13155277 -0.17547853
138 0.49709484 -0.3646369 0.2808582 0.08309096 -0.42170882 -0.29444018 0.40655914 0.17895432 -0.10972743 0.26035282 0.25417587 -0.459723 -0.17499994 -0.36882338 -0.2795801 0.112412415 0.08705649 -0.1855662 0.4851187 0.25620422 0.8081448 0.7846373 0.3018064 -0.5577003 -0.14838895 0.5664464 -0.5580581 0.526514 -0.10563399 -0.13750347 0.11374826 -0.31985277
139 0.47780374 -0.37572455 0.35983524 0.14620218 -0.36344644 -0.25306648 0.30499655 0.22222494 0.045049507 0.23979513 0.07172984 -0.49884105 -0.18699747 -0.2943361 -0.23458728 0.10565929 0.10445271 -0.0799514 0.4217613 0.21960571 0.8003762 0.7050644 0.27339068 -0.54125917 -0.20156269 0.61504465 -0.6957789 0.5164231 -0.08990307 -0.24633779 0.13188072 -0.2577152
140 0.44101283 -0.53014654 0.40449262 0.067291915 -0.35814115 -0.22963691 0.41593325 0.24091619 -0.043690436 0.25749066 0.1327257 -0.5188728 -0.19487093 -0.29115772 -0.31782404 0.09420818 0.13664207 -0.1073454 0.47752154 0.1781774 0.81884146 0.8110983 0.23815307 -0.599967 -0.1321775 0.6021346 -0.6168252 0.52994144 -0.1049251 -0.11211237 0.19507013 -0.26163265
141 -0.7915527 0.05723435 0.40438476 -0.04575676 0.7598889 -0.66280705 0.9110543 -0.6976728 -0.4855632 -0.52807105 0.15127185 -0.2585343 0.15617134 -0.5056197 0.050762206 -0.1648737 -0.14043415 0.42377266 -0.6194269 0.09116361 -0.4181213 0.74793226 0.94517744 -0.088931926 0.04370071 0.07560786 -0.24286158 -0.25060937 0.044794798 -0.9396768 0.01444449 -0.19977465
142 0.43745887 -0.5265338 0.39944908 0.18766525 -0.45690745 -0.16350497 0.39572406 0.28864348 -0.010918857 0.20704757 0.10572469 -0.4063104 -0.17041533 -0.2782746 -0.21010534 0.04701993 0.15661111 -0.09285698 0.47548702 0.1681667 0.77975047 0.6564701 0.3342468 -0.523777 -0.04533994 0.56202585 -0.66401625 0.47477332 -0.014128863 -0.10779917 0.18239614 -0.21121547
143 0.49262342 -0.48749402 0.51401275 0.11277196 -0.50500476 -0.2862159 0.43880647 0.13795005 -0.08159844 0.16546397 0.18107462 -0.37473956 -0.15311477 -0.36669248 -0.17710717 0.10930606 0.029024716 -0.051185723 0.43285608 0.21960756 0.78639144 0.73549175 0.26819867 -0.6275134 0.047038756 0.7004475 -0.68518806 0.5240548 -0.19465841 -0.059576865 0.09828873 -0.2510262
144 0.45942423 -0.34188655 0.35086712 0.15412019 -0.39410725 -0.25539762 0.39737627 0.17449872 -0.016711198 0.27855438 0.2076488 -0.4500711 -0.17808928 -0.36835802 -0.14472847 0.12536149 0.08177743 -0.10946556 0.47058186 0.3105044 0.732741 0.7136377 0.22117496 -0.544402 -0.06860038 0.6313681 -0.5257837 0.5065708 -0.11559208 -0.16875023 0.05967281 -0.32157052
145 -0.57675725 -0.17821456 0.11547152 0.08621244 0.5518925 -0.679738 0.8824152 -0.09236353 -0.53983563 -0.40265125 0.33097225 -0.9027009 0.4021714 0.122089475 0.11292338 0.77036124 -0.11595935 0.4773871 -0.66422135 0.5134034 0.23444271 0.6782419 0.9333722 0.59235305 0.53682625 -0.009296846 0.6658098 -0.5629515 0.39245152 -0.1264857 -0.10228795 0.22634137
146 0.41125438 -0.4545439 0.4460612 0.13825534 -0.44249415 -0.31988007 0.42525008 0.2620201 -0.035552595 0.2729138 0.19757773 -0.5238059 -0.15355527 -0.35468078 -0.22622564 0.17598844 0.07124386 -0.12242704 0.46588618 0.29545718 0.7640875 0.7184092 0.18182625 -0.545539 -0.112221904 0.60776716 -0.5020754 0.48323736 -0.10873968 -0.12254318 0.13326362 -0.2516306
147 0.7008688 0.5039516 0.22629726 0.70252043 0.22315668 0.07705634 0.18930943 -0.43816587 0.43872193 0.29493764 0.9470591 -0.6377853 0.15876201 -0.22712354 1.1078885 -0.19813196 0.72301704 0.7680488 -0.016964048 0.7261632 0.26146546 0.63482356 1.1551416 1.1055427 -0.079326 -0.37670672 -0.66801596 0.27487877 0.3457549 0.07175932 -0.82485443 0.69164807
148 0.4496463 -0.5487495 0.42697543 0.12935129 -0.3701062 -0.27484697 0.51866865 0.16797036 -0.10378666 0.1370794 0.23460902 -0.31180805 -0.24718246 -0.25948983 -0.20237242 0.05111262 -0.1414353 -0.034668777 0.44850585 0.162951 0.73120624 0.7578687 0.20538402 -0.6367735 0.010949526 0.5390499 -0.7149645 0.54628325 -0.16989218 0.057170898 0.06121008 -0.23746336
149 -0.6278235 -0.12468912 0.05051751 0.1257277 0.60561 -0.76245624 0.80039597 -0.06557303 -0.40658227 -0.47404706 0.2317052 -0.9810558 0.45518973 0.006603595 0.25754142 0.7043224 -0.021519339 0.42074764 -0.6601792 0.54821604 0.14795843 0.6334129 1.0122614 0.55441254 0.60799104 0.11056322 0.7487492 -0.4061244 0.5527413 -0.15854731 0.043451034 0.31154
150 0.4106615 -0.5546769 0.38756838 0.096029334 -0.41191527 -0.33912575 0.44757876 0.18948033 -0.026187269 0.23837851 0.11786656 -0.46560982 -0.18393894 -0.34731424 -0.2305997 0.08920742 0.0483561 -0.13808881 0.50673807 0.20926362 0.72299063 0.7927656 0.19439319 -0.57474315 -0.102581844 0.63226694 -0.54841685 0.54771566 -0.01493612 -0.07445113 0.11371759 -0.28457728
151 -0.83237 0.0095401835 0.42048332 -0.15194269 0.86969864 -0.64625967 0.8897421 -0.61283445 -0.4116299 -0.6257123 -0.031365074 -0.29013067 0.12239341 -0.4922949 -0.12804821 -0.095911086 -0.20903721 0.32820258 -0.63216174 0.14790751 -0.39769784 0.7289212 1.1347065 -0.047535457 0.12671183 0.076405205 -0.29212695 -0.2639995 0.14759596 -0.95638174 -0.021134421 -0.029866412
152 0.5051744 -0.59588337 0.3658913 0.14950319 -0.45271513 -0.21957883 0.4662882 0.22319713 -0.05876973 0.15470618 0.17120461 -0.29948777 -0.26293662 -0.22576247 -0.3619246 0.08352746 0.05614284 -0.06358475 0.2721941 0.20482929 0.8514242 0.68903095 0.32260433 -0.5579117 -0.06989875 0.5182917 -0.67827684 0.43783283 -0.13456646 -0.1615215 0.12214404 -0.30572316
153 -0.79455584 -0.0046982565 0.46337032 -0.17921601 0.8084802 -0.7294428 0.8131545 -0.7840993 -0.43046513 -0.60466003 0.19054914 -0.302397 0.105082296 -0.5240293 -0.12403085 -0.09406478 -0.10444384 0.34287077 -0.71799326 0.07693463 -0.4031833 0.7039496 1.0389494 -0.035039995 0.01103675 0.12248849 -0.31305975 -0.32698002 0.06591485 -0.9008771 -0.0285157 -0.017717727
154 0.45849955 -0.337015 0.3599122 0.13341822 -0.34354213 -0.2563157 0.41202673 0.24203318 -0.032560546 0.24081342 0.1713975 -0.37715507 -0.2015982 -0.30104357 -0.20105648 0.09028214 0.069494665 -0.12516877 0.48819765 0.22025345 0.725139 0.85061425 0.20754714 -0.55960387 -0.15902406 0.51064414 -0.69771665 0.49893832 -0.09729256 -0.17638242 0.08307529 -0.31371346
155 0.62406516 0.3966812 0.19368964 0.5974726 0.26534426 0.13885035 0.16425778 -0.28972977 0.4980524 0.08321962 0.80896306 -0.65332764 0.0029421644 0.0035245812 0.6497865 0.008991775 0.80708164 0.8336245 -0.16683032 0.7484277 0.24997073 0.6054136 1.1811123 1.1863868 -0.20481317 -0.4953189 -0.80767554 -0.04616516 0.4590279 -0.097447135 -0.74300915 0.77700794
156 -0.40327454 -0.42551276 0.486774 0.47702578 0.66334635 -0.3125613 0.723685 0.3986967 -0.09405915 -0.13139549 0.41602823 -1.1259859 0.31035268 0.6256036 0.31337565 -0.063745506 0.13245009 0.45476002 -0.23850532 0.1866754 -0.1448593 0.81361204 0.6199488 1.1169775 -0.2964214 -0.21711425 -0.15958518 -0.06875523 0.6110734 0.5529109 -0.18085758 0.9157603
157 -0.8551892 0.005676125 0.33075696 -0.025157286 0.7591519 -0.76804894 0.9389106 -0.62338483 -0.44357786 -0.51392007 -0.115499005 -0.21620171 0.19204342 -0.55878925 -0.012056556 -0.1621859 0.047400735 0.49287564 -0.7301156 0.18320203 -0.5295912 0.8396589 0.94915336 -0.058322508 -0.0486364 0.14459 -0.38077766 -0.28041133 0.20505978 -1.0797597 0.11719773 -0.040990055
158 0.74624765 0.5621288 0.27292293 0.7907765 0.20236722 0.11216631 0.2570441 -0.45800343 0.48191193 0.08843078 0.83414406 -0.64092344 0.17334677 -0.16567011 0.97649634 -0.13386385 0.7235014 0.7744577 -0.099505715 0.723759 0.25759625 0.53734285 1.2439905 1.0732799 -0.115967594 -0.38014382 -0.6153677 0.24318752 0.45593986 0.060819376 -0.7307307 0.74174786
159 -0.27723548 -0.29991823 0.2691308 0.46213 0.6750187 -0.34070355 0.6188214 0.43496138 -0.08666214 -0.27341652 0.33034167 -1.0829871 0.24159992 0.4946719 0.23447828 0.022300709 0.23490143 0.5184255 -0.54036915 0.10160179 -0.05927655 0.7747371 0.63609153 0.99940455 -0.2966334 -0.23645172 -0.17206423 0.017953327 0.635587 0.5132955 -0.2838524 0.84999514
160 -0.21469155 -0.28760675 0.2618634 0.47384885 0.8260996 -0.29680273 0.6376847 0.4823659 -0.06725247 -0.19706792 0.42054725 -1.1096499 0.19655418 0.5801037 0.17963305 0.110190436 0.12218423 0.497815 -0.30120075 0.11266332 -0.07270928 0.7799869 0.78452593 1.1352522 -0.3380531 -0.24452953 -0.10680185 0.09081719 0.5813527 0.47017995 -0.3130268 0.84697145
