1 0.3529842 -0.2904514 0.37676153 0.030491265 0.061514515 -0.35280293 0.38872042 0.2202218 0.018047523 0.37720928 -0.0696699 -0.6039273 0.017592773 -0.41318947 -0.29918903 0.2228195 0.077001475 -0.16719022 0.10137303 0.55354357 0.5116842 0.83549833 1.0270002 -0.5715022 0.08011377 0.27940524 -0.67323554 0.25277022 -0.27945188 -0.31314027 -0.010321693 -0.33253685
2 0.25318336 -0.46732107 0.36264333 0.17280485 0.11983489 -0.30525956 0.47385845 0.07322083 -0.015019182 0.19694693 -0.07461519 -0.72957325 0.046443824 -0.39656675 -0.46614915 0.3091269 -0.1087077 -0.2165387 0.0580311 0.45754543 0.5176101 0.99257046 0.9687165 -0.5774576 0.17324893 0.21255584 -0.43986052 0.13030219 -0.20363292 -0.21459723 0.13810642 -0.4342123
3 0.33097947 -0.37520602 0.36737216 0.1642428 0.116306774 -0.37650532 0.4288603 0.08677349 -0.005456514 0.20854503 -0.099387415 -0.63583523 0.025892671 -0.3556631 -0.360113 0.20572843 0.027023183 -0.23487493 0.028555887 0.6308971 0.43827012 1.0238811 0.979098 -0.5216496 0.086610205 0.2909016 -0.6215903 0.17193073 -0.26713037 -0.26237065 0.02506334 -0.43255305
4 0.32495594 -0.39167377 0.31809688 0.122121826 0.18001014 -0.2813284 0.47855565 0.3045858 0.049859148 0.26975602 -0.13055201 -0.6713048 -0.0018623151 -0.4470821 -0.4542378 0.19749622 0.056898933 -0.25198373 0.12062307 0.6090726 0.44579688 1.046462 0.8468215 -0.52641577 0.022505658 0.34745476 -0.6410141 0.149041 -0.027570345 -0.3120238 0.12005107 -0.2833011
5 0.29754636 -0.4180189 0.37214231 0.117194526 0.11615396 -0.26574644 0.52319837 0.108307496 -0.025484003 0.26639432 -0.048890222 -0.63342506 0.013786686 -0.3745714 -0.38907304 0.22219153 -0.028066618 -0.23024137 0.121186316 0.5920716 0.48236358 0.96326107 0.9171138 -0.54910374 0.12216561 0.2896648 -0.53185856 0.18875857 -0.1476815 -0.28814745 0.1370071 -0.3726536
6 0.25582552 -0.37575933 0.30115497 0.17698003 0.09400345 -0.32625434 0.467159 0.16442037 0.08953693 0.20457777 -0.0993209 -0.65351635 0.060433924 -0.501621 -0.42697144 0.19920668 -0.094679154 -0.23143086 0.16789305 0.53944147 0.48226792 0.93668705 0.92332 -0.59302485 0.0076437253 0.2093764 -0.48783484 0.16901611 -0.12223887 -0.23138253 0.038743 -0.35997367
7 0.3000324 -0.46443564 0.34564725 0.1712976 0.10812296 -0.33828402 0.4451198 0.19121045 0.014836847 0.17355444 -0.12743083 -0.6838523 0.00079567696 -0.4799755 -0.46201676 0.14448012 -0.0450085 -0.15148912 0.16185567 0.58586246 0.38859352 0.98110163 0.86616373 -0.5530732 0.044673003 0.32075632 -0.5117373 0.13594268 -0.08307377 -0.33414176 0.13117982 -0.35449702
8 0.37352994 -0.38714564 0.27836573 0.06848886 0.1235181 -0.4243308 0.5282139 0.26346016 0.019684998 0.13391554 -0.14517675 -0.6584452 -0.03562518 -0.48979118 -0.36413664 0.2079867 -0.00013973811 -0.26447433 0.049231764 0.55882967 0.40971002 1.023839 0.8429554 -0.5220545 0.025734158 0.26455358 -0.5344519 0.21494544 -0.009469656 -0.2695356 0.10681808 -0.3291864
9 0.33115956 -0.3501025 0.33296925 0.038987737 0.17410105 -0.39948228 0.45779216 0.10971897 0.013068113 0.2801262 -0.06589974 -0.5892734 0.0139152 -0.3934169 -0.35835728 0.22006664 0.0033412615 -0.15845783 0.13305496 0.5850871 0.42628664 0.956353 0.91131043 -0.56532055 0.101571366 0.23059963 -0.58337134 0.20514569 -0.10187982 -0.26616925 0.040453017 -0.37868458
10 0.30584487 -0.38791913 0.39136106 0.12921022 0.12192444 -0.34133047 0.52724695 0.07648111 -0.0021733819 0.17043164 -0.012583309 -0.71297824 0.022132391 -0.49464673 -0.498746 0.20548232 -0.077571034 -0.23244026 0.11679101 0.56076294 0.454058 0.91401416 0.8454518 -0.4721286 0.10018436 0.3150327 -0.5088839 0.08090486 -0.16283913 -0.2580733 0.15759717 -0.42334902
11 -1.1657672 -0.47363374 0.42033336 0.16944402 0.054387197 -0.21959087 -0.11013247 -0.98762584 -0.13412924 -0.28531885 0.111502595 -0.07725925 0.08136249 -0.18031462 0.38525805 -0.63937384 0.1017415 0.27740037 0.5311673 -0.34459606 0.41163504 0.04589049 0.38734806 0.53887635 0.3496322 -0.029916711 -0.9212054 0.34531814 0.21713786 -0.6515116 -0.19709246 0.3840543
12 -1.1984606 -0.52588236 0.4093268 0.24312735 -0.11674124 -0.21488334 -0.12344164 -1.0303774 -0.17323738 -0.40778345 0.078651115 -0.1850855 0.15561928 -0.21096414 0.39866412 -0.83497834 0.15901142 0.2393781 0.3972158 -0.41972166 0.26295793 0.0895367 0.48913923 0.39228806 0.27186438 0.037028566 -0.8078859 0.42062512 0.17328958 -0.7854506 -0.18246204 0.39996988
13 0.27467278 -0.4279958 0.33230722 0.20961328 0.09470925 -0.3280919 0.45066002 0.2272835 0.06964563 0.13788003 -0.15348245 -0.62919486 -0.06126359 -0.42735276 -0.3997992 0.19407408 0.030591063 -0.18281366 0.16538092 0.589374 0.36010692 0.9854035 0.86124206 -0.5643051 0.045332547 0.3032677 -0.5744432 0.17891346 -0.08380855 -0.26146483 0.096787825 -0.26424646
14 -1.0054818 -0.4990253 0.38465706 0.14704438 -0.1349993 -0.15156853 -0.12396736 -0.9823247 -0.024536127 -0.32360044 -0.0021209004 -0.2203014 0.21533251 -0.38983908 0.25952542 -0.7513365 0.24232772 0.2302156 0.44087017 -0.55015177 0.3515059 -0.024389429 0.5094263 0.47839853 0.3735524 -0.033070844 -0.7333975 0.23318537 0.27782795 -0.6788566 -0.07119511 0.47913972
15 0.26452872 -0.44658792 0.33949873 0.20246834 0.13343571 -0.38030678 0.49040216 0.101418875 -0.013047861 0.1574957 -0.061385177 -0.6477525 -0.01711129 -0.43530732 -0.4093562 0.19975473 -0.06420503 -0.23532858 0.05700371 0.55173635 0.44187143 1.0073346 0.81847805 -0.5212834 0.14562824 0.23541224 -0.5603268 0.091471165 -0.15125576 -0.29181087 0.088069454 -0.4697441
16 -1.0426968 -0.43149734 0.53366107 0.040779732 -0.027414162 -0.2265592 -0.13553134 -0.9354792 -0.10096965 -0.33224177 0.17539693 -0.20727144 0.07890933 -0.2721869 0.3967462 -0.8296762 0.13100056 0.2242888 0.43873832 -0.5594071 0.31184942 -0.03481663 0.44420654 0.49233383 0.31427217 0.095418096 -0.8888712 0.34956953 0.20237754 -0.8057861 -0.1692816 0.40710908
17 0.36602494 -0.4056574 0.29528463 0.123793475 0.17315635 -0.38300857 0.51466566 0.12942688 0.025002616 0.23625498 -0.08857119 -0.68189067 -0.0029548965 -0.35810655 -0.38514546 0.19656825 0.0032170173 -0.18490233 0.1614196 0.57572645 0.33560959 1.0258805 0.8879225 -0.54290396 0.036102504 0.36315018 -0.569489 0.15486558 -0.16001597 -0.25984147 0.054353766 -0.35009253
18 -1.048755 -0.7319252 0.13825648 0.0046618693 0.11513864 -0.06419003 0.3624132 -0.2554353 -0.41277885 -0.2322744 0.68115896 -0.32434145 0.060779285 0.27116808 0.33511358 -0.40818018 0.59063005 0.5276915 0.23473053 -0.5336976 0.26606187 -0.12965955 0.62494767 0.95262843 0.5615471 -0.050547283 -0.42241135 0.22011685 0.29433584 -0.62035245 -0.091007076 0.48508096
19 0.30243284 -0.3379721 0.41213843 0.10666022 0.12306105 -0.23572442 0.4006136 0.12970106 0.05578417 0.26659414 -0.07772246 -0.6322864 0.045485307 -0.41061908 -0.3628531 0.24111645 -0.002002016 -0.15284659 0.098630145 0.6875365 0.43140033 0.97496516 1.0521135 -0.6094496 0.07503485 0.35563436 -0.54619974 0.18825297 -0.15283614 -0.24962199 0.017558876 -0.36267388
20 0.26715198 -0.42655364 0.3049199 0.14350274 0.16645406 -0.3167114 0.48991218 0.15269145 -0.036905285 0.18994851 -0.052608702 -0.6381941 -0.029656382 -0.47384712 -0.43810257 0.21988404 -0.036356714 -0.3258076 0.06816733 0.5735183 0.42101192 0.9904954 0.8714634 -0.48849773 0.09805649 0.3210564 -0.58321375 0.10925765 -0.111480474 -0.29039654 0.10282932 -0.43741515
21 -0.2540979 0.2302498 0.088186055 -0.097355515 0.044118416 -0.017247979 0.84761596 0.17346421 0.13173316 0.26597148 0.6964858 -1.1899856 0.3143592 -0.3543882 0.20866951 -0.21583663 0.17130677 0.7677949 -0.2824199 0.2809395 0.5750421 0.3205794 0.10350167 1.611649 -0.14414169 -0.38032416 -0.6300408 -0.06700721 0.4100178 0.077396214 -0.875339 0.7735609
22 0.51872045 -0.49938208 0.24527328 -0.15055324 0.10197092 -0.46357486 0.507478 0.104602315 -0.118944384 0.07076335 -0.038920913 -0.6723682 -0.18503906 -0.50095046 -0.30694517 0.29246745 0.04816775 -0.017483363 0.10728081 0.4243847 0.33841243 0.7466307 0.8318383 -0.48769236 0.02804482 0.39162287 -0.48568943 0.15272178 -0.08875449 -0.3302336 0.15349677 -0.29026586
23 0.54524267 -0.46266755 0.15263379 -0.25455007 0.16403516 -0.50584126 0.41676405 0.10587053 -0.07504118 0.17205521 -0.07762101 -0.6150077 -0.1416927 -0.50699687 -0.24832729 0.31265023 0.15248325 0.061251387 0.18384486 0.4768796 0.34159133 0.7069537 0.85785353 -0.52481645 0.01588093 0.3674418 -0.52213275 0.24320352 -0.12252098 -0.27327666 0.09220513 -0.26683217
24 -1.143788 -0.45752168 0.5600915 0.07918128 -0.10773358 -0.17586349 -0.27759942 -0.81232876 -0.03311591 -0.234799 0.1994113 -0.121694215 -0.0040942254 -0.376662 0.5517807 -0.73821825 0.07935225 0.17634027 0.4909657 -0.4467306 0.3450843 -0.058655508 0.41095686 0.5991723 0.4392079 0.06997287 -1.0027274 0.38540065 0.20279585 -0.8021752 -0.24984805 0.24309886
25 0.44235882 -0.48862037 0.24855664 -0.12267896 0.13090008 -0.5398396 0.48325855 0.049154546 -0.07008792 0.119241185 0.025990888 -0.60898054 -0.11990793 -0.63596916 -0.33692998 0.3305405 0.081048794 -0.0048688804 0.18829507 0.56560165 0.35988486 0.7526432 0.7739026 -0.5970867 0.07921092 0.36248696 -0.5316965 0.16395773 -0.031625357 -0.2627688 0.1540702 -0.3856686
26 0.5761158 -0.5282345 0.18104748 -0.23369029 0.13234226 -0.52620983 0.51588845 0.0392426 -0.1738839 0.15288894 -0.054071452 -0.64498025 -0.17546375 -0.44748458 -0.2021688 0.3892321 0.13369362 0.0790995 0.14005215 0.459534 0.34528673 0.67623615 0.86581457 -0.5162932 0.1130993 0.40378848 -0.43333972 0.30265352 -0.14014661 -0.25167495 0.10780257 -0.28717056
27 0.51527935 -0.51947355 0.21743879 -0.16490577 0.058294114 -0.5014173 0.5178088 0.0018273175 -0.042918276 0.118110225 -0.09489891 -0.6912503 -0.053156216 -0.5062488 -0.29074937 0.29504314 -0.0019283111 0.07166674 0.117261745 0.45347285 0.33193251 0.6849819 0.8401972 -0.6000025 -0.004352728 0.3490814 -0.4874804 0.156595 -0.14888306 -0.33349475 0.061161354 -0.34621486
28 0.54503626 -0.4285541 0.24366069 -0.23386458 0.14861962 -0.54481536 0.5430517 0.008147426 -0.07601992 0.1856504 -0.020881291 -0.6449829 -0.10374437 -0.52294654 -0.28661314 0.3574365 0.010782689 -0.004427214 0.18517335 0.41761124 0.36164993 0.75923884 0.79870754 -0.53948987 0.102568775 0.30968258 -0.47410285 0.20767471 -0.106878124 -0.22460799 0.18937182 -0.28214324
29 0.6271082 -0.58209884 0.071217306 -0.1615763 0.13033307 -0.5141707 0.5574992 0.1058185 -0.08342971 -0.02695935 -0.089906685 -0.58799624 -0.15570627 -0.6372349 -0.20427287 0.40339744 0.055270024 0.06268817 0.060367197 0.49224803 0.38889766 0.6862636 0.7182468 -0.5006119 0.067627236 0.314301 -0.44693914 0.1358709 0.03269605 -0.29525307 0.14199662 -0.25014898
30 0.5538427 -0.5134858 0.20040971 -0.13120954 0.17877926 -0.5188192 0.4306956 0.25695074 -0.13903213 0.17023641 -0.116610415 -0.58942425 -0.17065494 -0.53022325 -0.27287292 0.2878156 0.11770442 0.020683728 0.17432524 0.46972308 0.33036652 0.7382435 0.7660892 -0.5665699 -0.011957257 0.41065243 -0.583147 0.27390614 -0.089049675 -0.33271122 0.13133839 -0.18118075
31 0.54575765 -0.53590554 0.21606666 -0.16915053 0.16920373 -0.5536029 0.5248164 -0.048416432 -0.13050483 0.13159154 -0.08491318 -0.61931896 -0.1627819 -0.5182783 -0.3449797 0.38637066 -0.01423424 0.017255442 0.2092773 0.39490718 0.39648142 0.7477716 0.686731 -0.5583822 0.015377041 0.32743728 -0.4925619 0.20662142 -0.021668613 -0.21407133 0.07962533 -0.28983128
32 -1.2908807 -0.5234031 0.40856105 0.12951662 0.2427177 -0.38883406 -0.4589967 -1.120127 0.17915514 -0.6558479 -0.0036590598 -0.111385606 0.24846444 -0.4305369 0.4768083 -0.792103 0.07545069 0.14318046 0.35111856 -0.24704778 0.4615167 0.29986557 0.35435924 0.23101988 0.41223967 0.025375394 -0.90759027 0.62355274 0.50705194 -0.6380837 -0.18390185 0.3530931
33 -1.2001458 -0.36043975 0.37117097 0.20164809 0.11683063 -0.34735394 -0.44102916 -1.0497835 0.16212295 -0.54573405 -0.09645278 -0.1948235 0.27599567 -0.59234315 0.4892822 -0.88971007 0.039159946 0.075831 0.33225197 -0.44368267 0.4420125 0.31362525 0.43583372 0.19765662 0.47500283 -0.088090435 -0.8775716 0.6033239 0.5544725 -0.62926507 -0.18351477 0.51472646
34 -0.8204125 -0.5672387 0.0808762 0.072296806 0.30109954 0.22814254 0.5901409 0.31430805 -0.225446 -0.30586192 0.85034955 -0.48204824 0.24182758 0.17410377 0.34246856 -0.14778769 0.5657346 0.6744671 -0.21658947 -0.24976371 0.6441717 0.13772555 0.3446774 1.2147006 0.73126966 -0.2034341 -0.084455915 0.19988532 0.6337514 -0.29798958 -0.08407304 0.42432845
35 0.6014746 -0.5450533 0.24728 -0.2247263 0.14626005 -0.56256735 0.45907465 0.047905337 -0.14143105 0.15493587 -0.054423653 -0.6119993 -0.19604942 -0.50148463 -0.20403557 0.33067992 0.035969753 0.12038755 0.17242669 0.46979403 0.3529217 0.67086935 0.73734283 -0.5683027 0.083980754 0.38885483 -0.5375644 0.20547637 -0.13279146 -0.3021678 0.11945976 -0.27787477
36 -0.049938843 0.3230769 0.08228948 -0.2731508 0.055714913 0.027992709 0.8020665 0.13807537 0.12868898 0.23305853 0.85689896 -1.2434378 0.16800949 -0.3401086 0.32748416 -0.24551986 0.070117004 0.6842226 -0.34877667 0.13567685 0.62220716 0.29834247 0.09886767 1.631282 -0.1600295 -0.36408582 -0.76354265 -0.18966514 0.2760089 -0.043235183 -0.82541627 0.68725467
37 0.02455463 0.29348692 -0.08378492 -0.2635616 0.28044382 -0.028442292 0.7997084 -0.0222678 0.08342202 0.17345645 0.72825503 -1.3001779 0.29393065 -0.26967227 0.4429179 -0.27496597 0.10085029 0.71423274 -0.3570751 0.24994078 0.5315924 0.5409122 0.088779666 1.6255388 -0.14499786 -0.4012434 -0.6805925 -0.001801469 0.3735311 0.14279579 -0.9492049 0.7493925
38 0.26911995 0.3992943 -0.3248825 -0.42679432 0.5216386 -0.51000184 0.89910436 -0.3940732 0.06354607 0.2468363 0.67614543 -1.4936142 0.3593662 -0.459721 0.7428883 -0.016123598 -0.0033619755 0.95312375 -0.41184148 0.4227405 0.19309147 0.42233342 0.20562552 1.554746 -0.1676093 -0.37226757 -0.4417634 0.3419818 0.29202497 0.39545465 -1.1350404 0.5958091
39 0.52671206 -0.55271745 0.13399665 -0.18963023 0.08993714 -0.52327186 0.46534652 0.103069946 -0.15530512 0.11102002 -0.060628064 -0.6241542 -0.15432316 -0.64377314 -0.31571504 0.31665662 0.1480614 0.028526288 0.20281385 0.46556202 0.30895957 0.68941647 0.7372305 -0.5548707 0.053129345 0.40168428 -0.5007007 0.18298836 -0.026010482 -0.32745788 0.17587094 -0.2795503
40 -1.1485375 -0.42425242 0.30200392 0.22232103 0.018840216 -0.26331243 -0.4066339 -1.1276071 0.22047167 -0.42306608 -0.11983857 -0.30903113 0.23980902 -0.45721412 0.37228343 -0.90078825 0.098311774 0.037270326 0.45782074 -0.57434076 0.43085817 0.45242432 0.43261492 0.14296974 0.4401699 -0.08700276 -0.8395328 0.7205254 0.5531328 -0.47575626 -0.08594317 0.67701274
41 -0.11370245 0.25424942 -0.026436523 -0.20896807 0.028123833 -0.28315613 0.84698194 0.2589948 0.059477203 0.42020655 0.68358034 -1.2116672 0.3255636 -0.4923106 0.38302806 0.040472336 0.2016244 0.97652245 -0.105877444 0.50259894 0.45414627 0.27986482 -0.017249024 1.575848 -0.19568907 -0.43428206 -0.7879417 -0.05401676 0.31268966 0.10413565 -0.9262198 0.81015414
42 -1.2032301 -0.50963134 0.375885 0.15834744 0.1605488 -0.25347263 -0.4920874 -0.9911894 0.21921697 -0.61409634 -0.03735226 -0.21748058 0.22644463 -0.6365885 0.37394276 -0.9206262 0.15447116 0.033973847 0.3967293 -0.3335497 0.32428184 0.35215116 0.25049686 0.21799311 0.34136063 0.038508937 -0.946674 0.7126022 0.49433896 -0.6882869 -0.1911654 0.5734869
43 0.22353174 0.32060018 -0.3821133 -0.38735852 0.24256818 -0.53356385 0.9398366 -0.4295657 0.05770603 0.047798622 0.70513517 -1.461818 0.48232704 -0.56992525 0.6098556 0.05352459 0.06625118 1.1221294 -0.3430682 0.56388414 0.17778735 0.3024005 0.12538812 1.5360247 -0.11618791 -0.5272761 -0.36293545 0.16105509 0.35665616 0.30565113 -0.9893796 0.6441267
44 -1.069654 -0.4830333 0.39794978 0.07567146 0.11221103 -0.13919313 -0.4511079 -1.0970455 0.24589905 -0.66123945 -0.06298712 -0.29194963 0.25560614 -0.7864121 0.4011617 -0.9794958 0.12981561 0.07030317 0.28036222 -0.5373377 0.47388467 0.34159 0.27738166 0.25208104 0.4252785 0.029028937 -0.8757087 0.6064792 0.66443944 -0.70831287 -0.050796837 0.58826035
45 0.61173797 -0.47578302 0.1830498 -0.17504518 0.10244888 -0.50519073 0.5028633 0.032098107 -0.10191957 0.09878194 -0.025525957 -0.558903 -0.092477 -0.6888473 -0.3026251 0.3035757 0.04091984 0.08212375 0.09843342 0.53046495 0.4445359 0.6823727 0.80563235 -0.5502952 0.04361821 0.33896777 -0.45512417 0.06304469 -0.046682492 -0.35341665 0.10719184 -0.3565092
46 0.6100803 -0.5435482 0.14348778 -0.14639392 0.014261367 -0.48607588 0.58301187 0.018738769 -0.093146525 0.015439315 -0.09709799 -0.74461514 -0.14073694 -0.5975284 -0.38177574 0.30131894 0.023170197 -0.0054984656 0.12418944 0.35106847 0.36151767 0.7408651 0.7752424 -0.5237756 -0.011181266 0.37313786 -0.43170983 0.13679178 -0.012432074 -0.31333134 0.172094 -0.21235229
47 -1.0294149 -0.7360413 0.13076803 0.024031999 0.30727756 -0.20200501 0.4106423 -0.23958376 -0.23217356 -0.042287063 0.7061255 -0.19296253 0.06487772 0.3675257 0.35942516 -0.3339005 0.6214932 0.63572955 0.4271302 -0.55753815 0.21668176 -0.0440718 0.51141685 0.7273623 0.63603157 0.004738542 -0.29725307 0.48755956 0.41887575 -0.4293583 -0.008585704 0.42644456
48 0.58032006 -0.4717171 0.1396294 -0.21636829 0.1689363 -0.62191087 0.48776102 -0.018666819 -0.12221339 0.085427284 -0.021814073 -0.5848633 -0.14170976 -0.55010086 -0.18256891 0.3888197 0.115179196 0.0024260872 0.11213632 0.45356217 0.31162214 0.67825747 0.8268967 -0.5980666 0.09580883 0.32846475 -0.4705215 0.17661603 -0.031698115 -0.28527528 0.10533659 -0.25459126
49 0.5190489 -0.54067993 0.10214745 -0.11557198 0.095926836 -0.54562056 0.4734853 0.061819892 -0.18486227 0.049383525 -0.08942817 -0.69286853 -0.14336419 -0.4848575 -0.27306277 0.30721685 0.10575494 0.025394386 0.0583887 0.41754073 0.29303387 0.7202392 0.8240161 -0.60580415 -0.0035346954 0.34604347 -0.5064435 0.18389425 -0.10035353 -0.34440753 0.12845744 -0.2283312
50 -1.0025991 -0.86143714 -0.03191127 0.025055064 0.12545416 -0.08662839 0.36228916 -0.24672918 -0.5076196 -0.19572218 0.58210176 -0.3204368 0.0060372683 0.28368628 0.30619326 -0.41828063 0.70999354 0.6087749 0.17610818 -0.6011926 0.28158933 -0.10974911 0.59857124 0.95740557 0.51641953 -0.050520286 -0.40712702 0.19601555 0.38084334 -0.571017 -0.09914703 0.5881617
51 0.5850416 -0.54223543 0.16463976 -0.28900206 0.09409322 -0.49922404 0.53613216 0.040704496 -0.09305257 0.11254588 -0.018371986 -0.6772454 -0.20272672 -0.58637923 -0.30425104 0.32790425 0.11723889 0.012041495 0.14767902 0.4320409 0.3086867 0.66976655 0.82552224 -0.54869676 0.087686636 0.4389523 -0.5174472 0.08976849 -0.04906682 -0.3398563 0.16336183 -0.33406815
52 0.57705665 -0.47689578 0.10198893 -0.18186234 0.13293865 -0.5223469 0.3518309 0.07601129 -0.12531401 0.056090053 -0.0779628 -0.6488628 -0.0685272 -0.65630984 -0.22208335 0.35832918 0.17299457 0.08932283 0.07193059 0.5646305 0.36978024 0.677587 0.8420672 -0.54698896 0.057384387 0.36106303 -0.4757229 0.2502246 -0.0934584 -0.28721404 0.13647817 -0.30408543
53 0.51322657 -0.42748457 0.25014776 -0.11373826 0.09639646 -0.5814913 0.50260675 0.06385768 -0.09152597 0.12622772 0.009494911 -0.61591583 -0.1870352 -0.50224423 -0.33920386 0.3172498 0.04065909 -0.04920527 0.21188828 0.37382796 0.3835837 0.73478913 0.776364 -0.49388343 0.061834913 0.3502787 -0.5444618 0.21144316 -0.10456196 -0.28037325 0.12181662 -0.28292575
54 -1.1293509 -0.51096344 0.45149025 0.0828811 0.00016094008 -0.19218843 -0.45738578 -1.0660071 0.17731157 -0.7333334 0.1272866 -0.30048585 0.34043294 -0.7903077 0.5030527 -0.9051534 0.11220404 0.1300285 0.10314817 -0.4037439 0.3881866 0.2318656 0.33101454 0.2675673 0.5012003 0.052221343 -0.79916066 0.5031729 0.54418784 -0.7671594 -0.051434565 0.3043343
55 -1.073988 -0.52744275 0.31811798 0.15139404 0.048673775 -0.2080012 -0.4251598 -1.046883 0.2059938 -0.6681735 -0.07407269 -0.27612534 0.34146163 -0.71599996 0.38902903 -0.87452036 0.14685947 0.13651273 0.2698717 -0.4212574 0.3319984 0.3187308 0.36317483 0.18384577 0.3926818 -0.004290775 -0.7940466 0.6040665 0.58299625 -0.69830626 -0.11425781 0.47385028
56 0.5685871 -0.55266255 0.10660418 -0.20232418 0.21724954 -0.6253662 0.47798064 0.06566573 -0.07110411 0.07420551 -0.096151404 -0.5969381 -0.13466093 -0.55062366 -0.15220326 0.41248178 0.09550417 0.016322011 0.08360522 0.56084657 0.33072212 0.7972122 0.7576112 -0.53497666 0.10471313 0.3341505 -0.47923434 0.25667998 -0.018188337 -0.23791543 0.07902656 -0.31632572
57 -1.1312419 -0.47358987 0.18462431 0.2118023 0.37910414 0.13087931 0.58286697 0.20940886 -0.1234839 -0.021907782 0.7646092 -0.3760233 0.31031334 0.33586606 0.32182586 -0.15941207 0.5095222 0.44980493 -0.19767877 -0.16990012 0.690091 0.24885729 0.4832429 1.1684767 0.88771224 -0.31686231 -0.1402331 0.12040576 0.5639695 -0.17885889 -0.17897838 0.26474208
58 0.5347626 -0.44734463 0.17149618 -0.14283453 0.18236029 -0.50727195 0.47195414 0.1265308 -0.09928796 0.056889392 -0.062152293 -0.58669645 -0.16407676 -0.53902304 -0.24662337 0.33521873 0.14074507 -0.02664859 0.11315682 0.51789486 0.3305481 0.73260117 0.78070885 -0.5164666 0.14587286 0.36070284 -0.5020782 0.16873804 -0.002471998 -0.29780564 0.18047759 -0.21863589
59 0.58653396 -0.47327888 0.16781808 -0.1336276 0.10363873 -0.60915846 0.4835124 0.12930487 -0.12133766 0.14191346 -0.022762436 -0.67901665 -0.1839177 -0.513909 -0.34490463 0.30644792 0.068850756 0.06485151 0.167698 0.42567497 0.3622424 0.716245 0.802129 -0.52215964 -0.04095021 0.32318982 -0.5046445 0.1941331 -0.12093258 -0.282427 0.10688317 -0.27491602
60 -1.1141973 -0.34578687 0.39848077 0.16536109 0.05507384 -0.29673967 -0.3891245 -1.0585941 0.1782958 -0.5934512 -0.038636666 -0.2511636 0.30315128 -0.5756474 0.5484419 -0.87028974 0.026787668 0.14134279 0.24078539 -0.3926711 0.41074342 0.31415737 0.35950398 0.20630604 0.4333734 -0.028750082 -0.8332066 0.5830421 0.5479824 -0.66815764 -0.094021216 0.49294657
61 -1.078153 -0.49691325 0.3947549 0.21674336 0.07982025 -0.14049056 -0.40211353 -1.0891547 0.23154852 -0.63652474 -0.19049406 -0.29344416 0.32373098 -0.83317226 0.40129676 -0.9494621 0.12936856 0.11161686 0.31442234 -0.41148806 0.35142523 0.3766058 0.31165427 0.13124278 0.40026692 -0.033002783 -0.80058545 0.6511873 0.54927146 -0.67496175 -0.039217234 0.6330282
62 0.013594955 0.4035332 -0.24953143 -0.18189372 0.41140124 -0.40671268 0.8287726 -0.44874644 0.1989485 0.14529689 0.56298375 -1.421019 0.57559216 -0.3564751 0.65110505 -0.022029534 -0.055353057 0.92345005 -0.3833362 0.54609776 0.2735736 0.5643328 0.2713324 1.4591177 -0.09863614 -0.5382303 -0.36272538 0.39841458 0.310385 0.5051501 -1.0885234 0.55725706
63 0.05757577 0.35847044 -0.2712495 -0.20666972 0.20252137 -0.3492409 0.8452855 -0.20406823 0.15092961 0.21055771 0.54981863 -1.4442612 0.47840235 -0.49611157 0.6347777 -0.12401241 0.07075055 0.8357557 -0.46055567 0.38052928 0.13912709 0.38552848 0.29908046 1.4398062 -0.2479233 -0.47807345 -0.45025393 0.22665007 0.29350486 0.20391801 -1.1382993 0.73024803
64 0.5417987 -0.5582643 0.20538758 -0.1279375 0.12005344 -0.43992257 0.5981568 0.1863721 -0.028296627 0.09546573 -0.11165727 -0.6794466 -0.11567372 -0.592288 -0.33038417 0.31458104 0.10045587 -0.050106045 0.13277277 0.50046265 0.35088542 0.72988135 0.7034757 -0.53384376 0.06889633 0.40581787 -0.49186516 0.124931194 0.022676617 -0.3545223 0.15936667 -0.29981226
65 0.49422246 -0.49995595 0.1767897 -0.09175739 0.12047729 -0.45652637 0.530224 0.22204237 -0.06991566 0.2012563 -0.035284314 -0.6261311 -0.15107943 -0.5372841 -0.3043839 0.3571932 0.040132307 0.025373967 0.10295051 0.49763182 0.46146992 0.7357798 0.759387 -0.53442925 0.035827637 0.2960967 -0.5117361 0.20007388 -0.014287978 -0.30637664 0.13340057 -0.18852738
66 0.56857276 -0.47064292 0.19616143 -0.27126765 0.15097553 -0.53907084 0.48991793 0.09501561 -0.08041249 0.1151422 -0.01435856 -0.6429741 -0.13398345 -0.57084286 -0.24595672 0.42006722 0.09609506 -0.025943676 0.09124424 0.39183497 0.45467615 0.7502682 0.7090375 -0.5740547 0.10057262 0.3183487 -0.49220207 0.22916245 -0.005027825 -0.22494715 0.12268495 -0.23999166
67 0.5390641 -0.46652487 0.16182365 -0.22478363 0.055170152 -0.3832761 0.4396894 0.018393638 -0.12526909 0.063210055 0.0103090275 -0.5488421 -0.08031648 -0.6753672 -0.28623596 0.35871193 0.15303744 0.08006954 0.010107203 0.5805531 0.4851373 0.6827651 0.764137 -0.57037854 0.10044433 0.39516142 -0.47303104 0.10393562 -0.03294953 -0.36726114 0.1891434 -0.35611376
68 -1.1657748 -0.5677584 0.41000047 0.1379477 0.13431771 -0.12715733 -0.41218594 -1.0125676 0.16601261 -0.62219524 -0.03752853 -0.28055617 0.19542219 -0.73230416 0.4780123 -0.8928168 0.036792558 0.07220933 0.2663408 -0.40057302 0.43719253 0.31096575 0.17832221 0.24976955 0.41551977 0.0754248 -0.9194656 0.6242771 0.632965 -0.75537145 -0.10999321 0.544924
69 0.5835672 -0.49425253 0.17484683 -0.23636629 0.10554583 -0.57929206 0.5254582 -0.0052066105 -0.100698024 0.09960306 -0.09206995 -0.6526265 -0.1788481 -0.52490497 -0.2711577 0.29286295 0.12063458 -0.00028586213 0.14694886 0.46717286 0.30766183 0.70853394 0.8089986 -0.5379601 0.037266765 0.3699896 -0.5123582 0.20537725 -0.09505061 -0.30887282 0.09689755 -0.23084208
70 0.5424323 -0.50857216 0.13049419 -0.21249208 0.047406673 -0.5037793 0.4469961 0.12385723 -0.117319345 0.049637984 -0.09830817 -0.6006864 -0.15798837 -0.7495828 -0.37309664 0.29455587 0.16066423 0.038969874 0.09742841 0.49064514 0.43268877 0.6677658 0.6897675 -0.5167165 0.012576042 0.3966141 -0.46699739 0.03966157 0.09889284 -0.40805689 0.1794689 -0.21296464
71 0.545037 -0.53242505 0.164982 -0.24059448 0.1378707 -0.5639113 0.57365805 -0.0030946727 -0.0379133 0.16076152 -0.03927936 -0.69083244 -0.15441294 -0.48453 -0.28176746 0.30566233 -0.030179983 -0.0015278326 0.17883365 0.39622077 0.35387245 0.7264718 0.80224276 -0.5328205 0.0956859 0.35769555 -0.4321922 0.18201213 -0.1024856 -0.2918985 0.10252146 -0.27891976
72 -0.20544417 0.26314768 0.00421834 -0.147142 -0.06124152 -0.22233404 0.69722724 0.056045324 0.19552784 0.26294842 0.5246838 -1.4139295 0.43366408 -0.41574737 0.29543787 -0.06583175 0.07941591 0.81036496 -0.3672783 0.5174011 0.44446877 0.3460477 0.1871094 1.6135556 -0.15757857 -0.46134952 -0.6262941 0.021466633 0.2660971 0.31427675 -0.985334 0.6406777
73 0.51692206 -0.49692965 0.18173242 -0.1321303 0.059005175 -0.46885893 0.48200762 0.089680016 -0.21526147 0.06861162 -0.021584522 -0.6112235 -0.15180479 -0.6198272 -0.3450555 0.25442013 0.1443502 -0.030380318 0.07870724 0.4927965 0.3413342 0.6785156 0.8024105 -0.54088646 -0.033368133 0.36299562 -0.49773562 0.08077934 -0.071146935 -0.48355892 0.11330612 -0.305054
74 -1.1049297 -0.72314155 0.10513838 0.028318057 0.20020421 -0.19132848 0.26467797 -0.20713538 -0.43249297 -0.13923427 0.6526912 -0.1764449 0.06496705 0.25160006 0.41524827 -0.26766053 0.6584511 0.54983264 0.35690683 -0.58319825 0.36386546 -0.112938724 0.65414715 0.9066332 0.7088833 -0.11609166 -0.45350483 0.3403874 0.27898732 -0.46942994 0.020878576 0.49620783
75 -1.0150434 -0.6051783 0.27888867 -0.11901739 0.17716636 -0.50183463 -0.2739412 -1.1034161 -0.009487804 -0.6740146 0.15433079 -0.10379119 0.05307911 -0.51525867 0.6724795 -0.6032699 0.123315066 0.2798432 0.42796117 -0.4980808 0.36113933 0.16960828 0.19087377 0.21737237 0.54812676 0.012427514 -0.7829803 0.6488867 0.60466343 -0.6385209 -0.070968844 0.42312667
76 0.55572814 -0.48291832 0.16292986 -0.21703847 0.17060044 -0.54175735 0.5240868 0.04958435 -0.13779455 0.04219967 -0.026340814 -0.65212333 -0.16462132 -0.6190815 -0.31846508 0.3291751 0.13984081 0.0018390293 0.161001 0.40728143 0.31722194 0.7811401 0.7421004 -0.58928084 0.06072259 0.32752547 -0.50339067 0.13978353 0.03021733 -0.26523185 0.18734823 -0.23448314
77 -0.93640035 -0.5646295 0.16217522 -0.19159818 0.2633122 -0.6246964 -0.3527738 -1.1558462 0.06862331 -0.7195036 0.19398741 -0.14182903 0.13067721 -0.5828842 0.7521936 -0.5255541 0.11613576 0.3884431 0.39081758 -0.36860186 0.35983783 0.17581621 0.09714501 0.19831732 0.54973286 -0.07307002 -0.78356725 0.7510216 0.6958628 -0.48517495 -0.13251251 0.41652566
78 0.5808556 -0.48789257 0.18657996 -0.1086444 0.14465289 -0.50391096 0.46281117 0.062082697 -0.14136153 0.05896862 -0.048139114 -0.6180439 -0.13228127 -0.60234165 -0.32615268 0.23962417 0.11117963 0.015959369 0.11227719 0.52707326 0.30980572 0.7650994 0.76789033 -0.5363423 0.04413201 0.39140868 -0.4741893 0.1531454 -0.07923605 -0.3048473 0.1732214 -0.25634107
79 -0.13174906 0.24908552 0.04368739 -0.30995566 0.091894366 -0.27925724 0.7756248 0.18987939 0.14803876 0.41285527 0.7792666 -1.1859072 0.32546744 -0.21019866 0.4573864 -0.020223219 0.10950456 0.8613806 -0.051948912 0.2846209 0.5070312 0.26827464 0.08033026 1.5947131 -0.056764066 -0.45866495 -0.8508093 -0.025133708 0.32859755 0.19861345 -0.9256967 0.8281221
80 -0.8900025 -0.6213074 0.24438211 -0.13369332 0.11853946 -0.45488203 -0.216406 -1.1274943 -0.080148384 -0.6935241 0.14933112 -0.14776073 0.05310945 -0.600907 0.60814035 -0.63891673 0.112130485 0.42093986 0.30001894 -0.4778106 0.4353706 0.08570731 0.07840367 0.24510263 0.4690751 0.025235416 -0.80859846 0.5396894 0.6236134 -0.6812544 -0.059291378 0.46935937
81 0.52884 -0.5476695 0.14373142 -0.19425908 0.15112911 -0.536481 0.50131345 0.09023677 -0.11517881 0.09667854 -0.042060275 -0.64437646 -0.1282769 -0.52051157 -0.19424278 0.40204355 0.14370196 0.087704904 0.11313304 0.44727245 0.2870446 0.7018158 0.8407565 -0.53500515 0.09578631 0.32151377 -0.440527 0.25906086 -0.12330016 -0.23350213 0.123282194 -0.2725855
82 -0.9574369 -0.5453055 0.2552266 -0.12233732 0.06673195 -0.5345011 -0.23526363 -1.2111504 -0.028316539 -0.7091722 0.1530528 -0.13970612 0.12050102 -0.57980806 0.639865 -0.68575233 0.14535335 0.37592584 0.2742715 -0.43833762 0.40153405 0.122874446 0.17812125 0.2627216 0.5172582 -0.0073762024 -0.7639088 0.5621705 0.60822034 -0.671473 -0.04633758 0.42056492
83 -0.18312462 0.30682147 -0.05662189 -0.037870906 0.06374483 -0.14396323 0.75623184 0.0016001211 0.1124166 0.24601664 0.581375 -1.3914925 0.48958197 -0.35889763 0.28295442 -0.061081108 0.13733485 0.8509258 -0.27373537 0.5428803 0.43641376 0.44969612 0.17624165 1.6443248 -0.24865682 -0.52233803 -0.69807935 0.004322169 0.2074265 0.19983023 -1.0055228 0.7332762
84 -1.0065291 -0.5113758 0.02637261 0.15282835 0.28260556 0.20378545 0.5189187 0.34177956 -0.11514062 -0.07147738 0.7219351 -0.45108858 0.3684091 0.22034484 0.35317072 -0.18053026 0.69913685 0.5239731 -0.28382072 -0.24624248 0.6240125 0.29327583 0.5751542 1.133693 0.7535459 -0.34395567 -0.12478671 0.22521554 0.61858004 -0.08808417 -0.06256217 0.4058871
85 0.53556603 -0.54276854 0.19014198 -0.13218696 0.119312696 -0.46436626 0.4222111 0.21002649 -0.16041681 0.047768347 -0.06918558 -0.48767135 -0.19277966 -0.6554118 -0.28236175 0.3444149 0.2075326 -0.023314744 0.07710149 0.50747174 0.4616117 0.6998011 0.7545198 -0.5118478 0.065753855 0.38240293 -0.48460257 0.19170868 0.013137635 -0.3665319 0.20584957 -0.23070563
86 0.49874806 -0.5141073 0.2911888 -0.10666004 0.111708485 -0.47249278 0.49055368 0.16026253 -0.10221589 0.1867415 -0.034025338 -0.50770545 -0.19191587 -0.51075774 -0.2919239 0.32879952 0.077776246 0.046242032 0.26759258 0.5299152 0.35675675 0.6907416 0.7562321 -0.48524308 0.10517316 0.44026583 -0.5229331 0.23562783 -0.056310058 -0.2809772 0.16306275 -0.26594898
87 -0.87403035 -0.42438948 -0.020924715 0.15501337 0.3825927 0.08188541 0.6003502 0.16011691 -0.22826576 -0.20907344 0.7577685 -0.5414545 0.39946 0.2425987 0.28398663 -0.19556937 0.6726234 0.6164622 -0.33462194 -0.2725426 0.6074842 0.22068557 0.52147806 1.2513285 0.72177833 -0.39805442 -0.06154751 0.1690178 0.54951376 -0.16035289 -0.15710808 0.41971987
88 0.5973583 -0.48567533 0.19464505 -0.13846543 0.09751247 -0.45705935 0.57310957 0.19401163 -0.04131557 0.053494778 -0.07681425 -0.6137305 -0.15879266 -0.51997215 -0.29963794 0.20959988 0.14321941 0.002988984 0.13485295 0.55248785 0.32514983 0.7224839 0.69960576 -0.44774485 0.02969847 0.36264262 -0.504016 0.12274216 0.03102254 -0.37036544 0.09819501 -0.24054411
89 -0.8382654 -0.51244074 0.22268964 -0.17763963 0.11930805 -0.510565 -0.23454367 -1.2541945 -0.06937514 -0.78482294 0.21706621 -0.19094779 0.04481659 -0.6392284 0.58132595 -0.6390842 0.10654506 0.26486284 0.21523134 -0.57232976 0.48111096 0.2263308 0.1915478 0.20607954 0.65071815 -0.02383084 -0.6328417 0.5455538 0.6174975 -0.5598066 0.014687016 0.37229422
90 -0.93211544 -0.67063934 0.11886533 -0.14003049 0.32660145 -0.20639788 0.38628522 -0.20863608 -0.3946913 -0.17087114 0.7199246 -0.31495184 -0.0036351408 0.45095792 0.44992334 -0.304406 0.5550537 0.41973537 0.3748313 -0.77742267 0.26958755 -0.048781965 0.57571393 0.8438236 0.6447812 -3.222325e-05 -0.430028 0.35892376 0.30628434 -0.5371406 -0.02701036 0.51097274
91 -0.93830484 -0.57932574 0.2844077 -0.16825013 0.07556635 -0.36882222 -0.32308757 -1.109251 -0.04963587 -0.70673317 0.1897255 -0.16268398 0.098290935 -0.62110704 0.6746844 -0.6551883 0.05558203 0.3785306 0.32786754 -0.40755624 0.42738983 0.095809974 0.12270707 0.2243146 0.5230825 0.01262025 -0.84078586 0.5283911 0.62275827 -0.68591434 -0.025848202 0.37177044
92 0.64224446 -0.5421882 0.20628463 -0.21299323 0.08290869 -0.5430819 0.51072055 0.01224485 -0.15540312 0.08024159 -0.082836024 -0.6928024 -0.18950835 -0.50667506 -0.22147486 0.3641585 0.03150807 -0.02015773 0.12325778 0.35726854 0.3734202 0.72485995 0.7549913 -0.54586565 0.06688928 0.35358515 -0.53587157 0.25072676 -0.12086747 -0.30236283 0.13360828 -0.16844545
93 -0.8956206 -0.5280847 0.27015173 -0.15520562 0.112675674 -0.43252903 -0.20859131 -1.1941884 -0.06787817 -0.6243925 0.2139428 -0.12753177 0.13596603 -0.54228956 0.57041967 -0.6408994 0.18927957 0.28728262 0.33469534 -0.49348918 0.4396642 0.155429 0.2334274 0.2748884 0.5513795 0.026262494 -0.6861505 0.57356274 0.5518398 -0.58974 -0.015675979 0.38142788
94 0.55486494 -0.538786 0.17431824 -0.15114696 0.031414397 -0.43303305 0.4897273 0.0101701645 -0.17430156 0.013028962 -0.008727573 -0.6329846 -0.11550193 -0.5900871 -0.33042058 0.3320478 0.066443995 0.05452558 0.03184674 0.54068816 0.41911432 0.69350326 0.84932446 -0.51427966 0.15404345 0.39716318 -0.4225804 0.13575806 -0.10347362 -0.34770346 0.21806645 -0.35306546
95 0.5389175 -0.577001 0.13265821 -0.14476904 0.13424131 -0.50522697 0.4173364 0.13967307 -0.16750973 0.10992643 -0.08267636 -0.60890025 -0.13614918 -0.6055024 -0.29810303 0.27452263 0.058109235 0.03819731 0.105192706 0.40730843 0.37678808 0.7212561 0.6965567 -0.5667381 -0.053026076 0.34153342 -0.5367933 0.1726484 -0.008431342 -0.35152596 0.12411588 -0.23355992
96 0.4818998 -0.51353157 0.08221442 -0.19273683 0.08489154 -0.5190981 0.5150006 0.08010488 -0.14883563 0.15134938 -0.087828785 -0.71051466 -0.12680627 -0.6132833 -0.30891225 0.27660185 0.06773066 -0.00697789 0.082383625 0.5152185 0.3304872 0.6844508 0.7910862 -0.539891 -0.05315695 0.34585345 -0.51351994 0.1703385 -0.07025696 -0.31396797 0.052733697 -0.27498007
97 -0.023282146 0.40537447 -0.21048634 -0.2488305 0.3045345 -0.42696467 0.80862457 -0.36602715 0.14569561 0.3391764 0.60167384 -1.3646184 0.4843399 -0.40945467 0.58881986 0.10323255 -0.050929647 0.91061765 -0.3103125 0.57251626 0.27220473 0.4561755 0.2648262 1.5530496 -0.13055605 -0.47453701 -0.5141548 0.18446498 0.21324663 0.37740746 -1.1133497 0.51555496
98 0.49166894 -0.588177 0.13298197 -0.14248334 0.15450726 -0.46098506 0.46692213 0.15548672 -0.10046662 0.070594884 -0.12099116 -0.5421627 -0.15683058 -0.5453669 -0.23369041 0.3721523 0.1616634 0.0157468 0.08279554 0.5211855 0.38183305 0.6948803 0.83203757 -0.52558446 0.092697665 0.40255398 -0.43330413 0.20740663 0.041456785 -0.31797203 0.06829637 -0.2728566
99 -0.94503254 -0.5078663 0.23429137 -0.070067585 0.11748633 -0.5610893 -0.23804614 -1.1955365 -0.12156883 -0.6639544 0.10087233 -0.09281036 0.16126332 -0.5789924 0.62929523 -0.59627676 0.19429967 0.3719823 0.22238708 -0.44343984 0.4744489 0.13024688 0.20683026 0.2293255 0.52147263 -0.08201446 -0.7298582 0.6124812 0.5972061 -0.6326697 0.0011158464 0.5088933
100 -0.92788947 -0.50244343 0.21229851 -0.16195609 0.18900773 -0.50010645 -0.27735955 -1.1092985 0.033005204 -0.56913614 0.14803879 -0.16660267 0.11553566 -0.6467011 0.6337111 -0.56548303 0.10377912 0.31869915 0.34816816 -0.4291043 0.43569523 0.16843121 0.02572317 0.22977014 0.47975913 -0.021642616 -0.7796551 0.5967213 0.6146173 -0.51435256 -0.057704452 0.4463685
101 0.5569006 -0.55184126 0.20561525 -0.19354415 0.14299512 -0.57082963 0.60494936 -0.03440328 -0.21479243 0.13533139 0.045120083 -0.65850365 -0.16138583 -0.5795829 -0.33723482 0.33945465 -0.016428325 0.053074177 0.19202477 0.43260184 0.3667682 0.6646332 0.6601483 -0.57043225 -0.014684551 0.32754767 -0.5064293 0.12229013 -0.056121107 -0.32298976 0.14998166 -0.2939829
102 -0.9534126 -0.32688835 0.13880683 0.2012553 0.3118517 0.23664409 0.5095079 0.2873426 -0.16572209 -0.028516687 0.7923638 -0.50436026 0.28197935 0.3180036 0.37686306 -0.30897376 0.5974852 0.44187385 -0.20368016 -0.20217969 0.57835436 0.33729076 0.59396476 1.3147581 0.7630284 -0.3194972 -0.16629525 0.13254064 0.46905392 -0.23732913 -0.17362982 0.38103983
103 0.5751535 -0.60129756 0.1846187 -0.18268692 0.03147661 -0.42118326 0.47078776 0.16333725 -0.1801187 0.10169017 -0.12975577 -0.6374511 -0.1725861 -0.62721324 -0.29167318 0.28562453 0.15144876 0.04547457 0.062014367 0.45400462 0.38784015 0.6587471 0.7384941 -0.54571646 0.041104816 0.42888716 -0.6135364 0.079685494 -0.10069678 -0.47483268 0.18140623 -0.23375815
104 -0.8771664 -0.51780653 0.24482058 -0.21276286 0.13465123 -0.4816078 -0.2542959 -1.1646369 0.075195804 -0.64917964 0.14210476 -0.1505467 0.11852358 -0.69847304 0.69530255 -0.62921524 0.14384694 0.36602017 0.35003436 -0.4822347 0.42958888 0.163242 0.13956401 0.24203523 0.60890615 -0.041017704 -0.78541744 0.57420194 0.73622215 -0.5842379 0.012961753 0.44050828
105 0.5349245 -0.48664263 0.27032566 -0.18848838 0.11779927 -0.56906456 0.62831473 0.13810438 -0.15966892 8.477465e-05 0.05502966 -0.64987844 -0.2227342 -0.5118661 -0.31811103 0.3080834 -0.020386914 -0.10629942 0.111045904 0.32809177 0.40178347 0.69327915 0.7746675 -0.5136631 -0.007926996 0.35134125 -0.5256526 0.025236337 -0.064058065 -0.45872492 0.17263912 -0.3288205
106 0.53593796 -0.47516716 0.20781474 -0.16165997 0.12371113 -0.5898549 0.53511655 0.008560618 -0.10807716 0.112016365 -0.025477657 -0.63242394 -0.2171267 -0.50664407 -0.31641084 0.26980388 0.068289556 -0.03115587 0.27606893 0.40224114 0.24261482 0.75408167 0.83240116 -0.4783984 0.005470768 0.39665884 -0.518792 0.13853613 -0.1202567 -0.30436572 0.08320947 -0.34632266
107 0.52577055 -0.5411177 0.15865606 -0.12547095 0.08067805 -0.46748132 0.47289398 0.031078527 -0.1656838 0.09496263 -0.008974634 -0.63476294 -0.11972171 -0.60636985 -0.27659467 0.40556505 0.06610591 0.042154983 0.024315469 0.66652554 0.38717696 0.707496 0.7658116 -0.5231199 0.121030845 0.3723401 -0.51147556 0.17042558 -0.17218131 -0.24923036 0.14313564 -0.3295843
108 -1.1225039 -0.6367721 0.19990174 0.10617524 0.26429754 -0.20784323 0.31436276 -0.299117 -0.3565495 -0.07971983 0.61046535 -0.12004114 0.111840226 0.42229086 0.33610955 -0.37912476 0.6031262 0.46585658 0.20694888 -0.48714978 0.40200505 -0.05717263 0.6593539 0.85923356 0.6930794 -0.071215965 -0.43086818 0.37058535 0.23392312 -0.51953447 -0.064861946 0.29434153
109 -1.0457267 -0.25054237 0.11457878 0.24629766 0.4322541 0.19390804 0.5691144 0.3327493 -0.1579232 -0.015456622 0.89445007 -0.38853115 0.2741621 0.24551615 0.43945637 -0.28949904 0.55498487 0.47147128 -0.28605664 -0.1822793 0.586869 0.41919485 0.56580144 1.2934843 0.88163376 -0.31723788 -0.06710899 0.30482426 0.51999587 -0.22514157 -0.22478917 0.24754347
110 -0.8249524 -0.5039189 0.26862866 -0.18860433 0.0893582 -0.28045526 -0.3067647 -1.1110929 0.07958941 -0.65814906 0.042257417 -0.19973704 0.05399545 -0.78330564 0.51308835 -0.65851426 0.06917557 0.23023 0.27013072 -0.4713279 0.5267928 0.1503726 0.08505281 0.27671352 0.53781015 -0.0029709376 -0.75309247 0.44393885 0.7375571 -0.5660567 -0.045647126 0.4486166
111 -1.0453279 -0.6821197 0.13180827 0.08013018 0.17239545 -0.1937716 0.33582148 -0.19461788 -0.36704794 -0.14396378 0.70141083 -0.17367524 0.14428857 0.3035497 0.35996473 -0.33975115 0.6418309 0.6292118 0.31664443 -0.4562997 0.29214677 -0.15534072 0.5083675 0.79567176 0.46462646 -0.04133238 -0.38989025 0.4550928 0.31058192 -0.53489095 -0.06882674 0.51103586
112 -0.99366325 -0.5512984 0.27945453 -0.19596511 0.18462582 -0.47696096 -0.28474793 -1.0456916 -0.044703204 -0.66273683 0.1559118 -0.17773211 -0.013828323 -0.71588016 0.62113535 -0.62452996 0.027969297 0.3034234 0.3187137 -0.50325733 0.4834647 0.14198805 0.054222792 0.2657713 0.533717 -0.03074505 -0.8453875 0.4917663 0.66533554 -0.62297976 -0.09478953 0.36386386
113 -0.8580047 -0.529253 -0.021909887 0.10638058 0.31214848 0.18623139 0.5714415 0.29606947 -0.17075703 -0.22927323 0.7805752 -0.530884 0.2528771 0.20723704 0.3843677 -0.23234007 0.65021694 0.5806595 -0.22963487 -0.3139915 0.5466264 0.25817612 0.4896266 1.1670123 0.805766 -0.23471908 -0.02142228 0.16156487 0.67186767 -0.2821857 -0.06081658 0.4340989
114 -0.9874899 -0.7805874 -0.016327454 0.17707814 -0.005751991 -0.24057566 0.09254548 -0.14858891 -0.3998661 -0.25859275 0.60850656 -0.3314664 0.113975406 0.5190004 0.45619145 -0.5243082 0.78649616 0.5612211 0.46847725 -0.59494287 0.09184193 -0.071427345 0.6964276 0.5407884 0.22070692 0.0115778865 -0.6114968 0.72429836 0.1507361 -0.6858123 -0.14792126 0.6775511
115 -0.048648905 0.4787406 -0.22009404 -0.33780444 0.25420815 -0.518294 0.8523617 -0.44265154 0.20909874 0.13647251 0.7368944 -1.4252207 0.63383764 -0.47082946 0.66951126 0.10457655 -0.050234884 0.9020059 -0.45957494 0.56184334 0.19735667 0.53771573 0.30849063 1.4772892 -0.039318256 -0.63298756 -0.3594776 0.18774642 0.24737829 0.40989527 -0.9739043 0.53014636
116 -0.9405456 -0.4327203 -0.00076677103 0.062323738 0.4599434 0.19031724 0.76246184 0.19368966 -0.105474874 -0.03959935 0.84344345 -0.47640783 0.260439 0.10877475 0.34656605 -0.25297022 0.64511096 0.5078479 -0.2840091 -0.28754437 0.5606751 0.18094756 0.48008785 1.2131801 0.8638806 -0.27254063 -0.0078225685 0.0344386 0.6574234 -0.3279228 -0.21310312 0.23483056
117 0.60350287 -0.49430245 0.115520895 -0.1780886 0.18034038 -0.5888288 0.44695657 0.03631145 -0.12650263 0.040624704 -0.14497876 -0.63618803 -0.14620791 -0.53997934 -0.17234226 0.3405768 0.068026006 -0.022724945 0.05968193 0.4674767 0.29754427 0.8066211 0.7920451 -0.5634239 0.09306219 0.29203114 -0.5141416 0.20287594 -0.06457595 -0.25078848 0.1330613 -0.21951659
118 -0.69390845 -0.107735895 0.14676848 0.07026857 0.25285205 0.058080424 0.7977801 0.60301334 0.087643385 0.33431733 0.7053468 -0.7462873 0.231574 -0.19766107 0.26197678 -0.104167 0.3787463 0.8199107 -0.11505495 0.06299213 0.6804232 0.27831027 -0.10835825 1.4560326 0.2522583 -0.3387928 -0.47739694 0.09875478 0.76804686 0.0010528635 -0.5255677 0.7793651
119 0.5582104 -0.48353523 0.19876377 -0.22275344 0.11788184 -0.48265463 0.5233447 0.05538057 -0.07806147 0.044213913 -0.055312537 -0.63967633 -0.0804291 -0.7116055 -0.31666544 0.3577451 0.019424703 0.058317967 0.056770783 0.48872623 0.3958523 0.69513506 0.66769975 -0.49373063 0.068779 0.34654966 -0.45404804 0.113855615 0.008212746 -0.29504183 0.19450474 -0.32250336
120 0.61422807 -0.6204436 0.15595916 -0.20572102 0.18433453 -0.53870106 0.5266374 0.096208654 -0.09429926 0.01084617 -0.11415852 -0.5483281 -0.20622693 -0.5396094 -0.2766006 0.27319264 0.12031695 0.003559876 0.1584418 0.482811 0.3305821 0.6880844 0.7588397 -0.53748846 0.05009636 0.42208946 -0.49478492 0.19533847 0.021256236 -0.33356988 0.13192949 -0.2522741
121 0.551701 -0.41571677 0.18550074 -0.19796357 0.1767098 -0.44792223 0.5354033 0.034859944 -0.08731898 0.22467202 -0.079011686 -0.56384856 -0.09729357 -0.4729171 -0.17278063 0.33704826 0.08910051 -0.019885793 0.17753635 0.6090794 0.34914535 0.77662265 0.8332164 -0.54578835 0.109134264 0.37485495 -0.53003234 0.27057436 -0.06819454 -0.2491023 0.068623744 -0.26727763
122 0.53704304 -0.5960932 0.062259875 -0.05982878 0.08180792 -0.4144428 0.3961511 0.1391084 -0.11101066 0.010919666 -0.17175959 -0.6637021 -0.16302845 -0.6443802 -0.36590558 0.24238963 0.10995885 0.045749217 0.08656419 0.5099269 0.3230825 0.66534716 0.77215934 -0.52238345 -0.03107055 0.35524637 -0.4848728 0.14620341 0.025570044 -0.3512945 0.11397782 -0.1864513
123 -0.83028567 -0.48791903 0.20905969 -0.16133526 0.13393247 -0.4637802 -0.19387549 -1.0759164 -0.15991372 -0.6428007 0.19294795 -0.1547231 -0.021969974 -0.5532408 0.638867 -0.63038987 0.16099373 0.3567081 0.2436547 -0.53144836 0.35628602 0.05911143 0.10180026 0.3302197 0.5411255 0.06303249 -0.77751577 0.45592552 0.5331965 -0.64440614 -0.043276146 0.36620262
124 -0.89322513 -0.55192417 0.21518081 -0.12906955 0.0979935 -0.47810254 -0.34498078 -1.1629415 -0.05597111 -0.6859021 0.16997705 -0.16442057 0.04201006 -0.6540003 0.7115779 -0.61801696 0.13209315 0.2953338 0.33642793 -0.47038308 0.43846437 0.1465188 0.23205875 0.19021231 0.6121759 -0.031159561 -0.7876549 0.58676153 0.60072315 -0.5561291 -0.03623457 0.3340264
125 -0.17326222 0.29512665 -0.08887011 -0.100230046 0.12756862 -0.047037665 0.68677235 -0.072752915 0.06443883 0.2620609 0.64075524 -1.2738068 0.40913603 -0.36522067 0.28644648 -0.084920466 0.009924877 0.75010115 -0.28018907 0.50798374 0.541751 0.40310526 0.14355336 1.6133212 -0.1338829 -0.50969243 -0.69831216 -0.05391302 0.20944917 0.24656871 -0.99918056 0.56515354
126 -0.9165127 -0.72355896 0.057476588 0.019860974 0.07060291 -0.2157222 0.05111357 -0.10293599 -0.52701116 -0.30352208 0.5750566 -0.3240298 0.09431741 0.5281175 0.44854984 -0.52291155 0.7793275 0.50961334 0.38354042 -0.73301524 0.31793353 -0.12927996 0.65231234 0.64679825 0.29183364 -0.089295246 -0.77336234 0.4867153 0.099025875 -0.7757025 -0.1577815 0.6662773
127 0.6019932 -0.44849503 0.18948549 -0.20328934 0.09834605 -0.51679975 0.5239347 0.07734104 -0.07151676 0.03880564 -0.038879722 -0.5315636 -0.17372243 -0.65217686 -0.29053646 0.34800816 0.079836756 0.06044036 0.13906719 0.5009317 0.41916552 0.667041 0.73734665 -0.49683782 0.07317915 0.39574137 -0.47720504 0.05112461 0.039130844 -0.31681582 0.09664977 -0.26144454
128 -0.9609331 -0.56235385 0.28726876 -0.15192233 0.18735789 -0.41260636 -0.3666393 -0.9688344 0.038798258 -0.651229 0.13290429 -0.09141283 0.014412932 -0.6205408 0.5763972 -0.6459604 0.11228821 0.2984828 0.39617682 -0.5119477 0.50726503 0.16355409 0.076839074 0.28143245 0.5531571 -0.0055538295 -0.92296517 0.6439193 0.69846016 -0.5778156 -0.082095586 0.47834253
129 -1.0097562 -0.77173495 0.12428342 0.26864755 0.03645733 -0.10023024 0.19235311 -0.12351546 -0.50587785 -0.19461228 0.5649769 -0.3729408 0.0050548613 0.467029 0.3749105 -0.7085718 0.69850075 0.5411534 0.39142066 -0.7210766 0.099737704 -0.003710935 0.70972985 0.68079144 0.28854752 0.095488824 -0.62636864 0.59550047 0.09457011 -0.83082396 -0.1700397 0.6739083
130 -0.63319135 -0.17517294 0.0027961521 0.19053526 0.27803832 0.13969004 0.69345015 0.49481717 -0.0985027 0.26261926 0.58282614 -0.6712348 0.18330613 -0.11829691 0.2029907 -0.17266667 0.39913967 0.81236935 -0.23784678 0.24628498 0.69450617 0.28686252 -0.056237504 1.4047152 0.15888399 -0.32138768 -0.5195114 -0.016067423 0.6575708 -0.115347795 -0.5890875 0.74201125
131 -0.14586602 0.2931943 -0.029100733 -0.08408445 0.034290608 -0.22306885 0.83289343 0.09122991 0.16905646 0.34732643 0.46328652 -1.3997619 0.38564214 -0.36000767 0.3787467 -0.036247708 -0.01630463 0.82203114 -0.33678636 0.41514838 0.4920679 0.32066238 0.19472642 1.5589896 -0.101193 -0.39023393 -0.58876216 0.110417366 0.3471665 0.27644888 -1.0502855 0.7316068
132 -0.9532512 -0.57845503 0.18283753 -0.09937841 0.10659346 -0.41379964 -0.39257973 -1.1669217 0.0077538355 -0.7856273 0.10164915 -0.17428045 0.1564814 -0.7803748 0.5843719 -0.6621704 0.1281714 0.30255863 0.25489077 -0.42692333 0.47999537 0.18906866 0.18559778 0.20001794 0.5766859 -0.10824894 -0.7578549 0.576781 0.7664247 -0.60056067 -0.046655145 0.5163803
133 0.50318754 -0.4818395 0.24713552 -0.10863053 0.15835877 -0.4332156 0.55172586 0.058384564 -0.06981406 0.08763999 -0.08515919 -0.64555043 -0.09550113 -0.49641544 -0.3003375 0.31791702 0.059516344 -0.010264214 0.15918669 0.48669952 0.37192452 0.7285898 0.7639586 -0.47792467 0.10583182 0.27942744 -0.39078295 0.1923688 -0.043173794 -0.2382316 0.1393678 -0.2922619
134 -0.6319639 -0.127414 6.9620626e-05 0.16620457 0.34505358 0.23621106 0.67855597 0.47714537 0.01661083 0.21273619 0.62208873 -0.7011811 0.3212119 -0.113901526 0.21288383 -0.20177664 0.4070393 0.7305476 -0.2966795 0.18436003 0.61942595 0.3464851 0.015802687 1.2942672 0.13085814 -0.36850995 -0.41967383 0.12275303 0.6420616 -0.09072319 -0.57486707 0.7276848
135 -0.014762915 0.2488465 -0.27494928 -0.2727832 0.1845491 -0.51345944 0.82438356 -0.31977376 0.16623496 0.13136344 0.5116506 -1.446734 0.5042115 -0.43163934 0.58323956 0.11448649 0.017920611 0.9995416 -0.4349355 0.55534154 0.3247149 0.37978092 0.26115072 1.5070612 -0.0526147 -0.57904416 -0.46108308 0.21984556 0.39411116 0.44737506 -1.0161636 0.68217874
136 0.5141017 -0.5195286 0.17237116 -0.18313487 0.19679473 -0.58952093 0.5406891 0.13872772 -0.07358194 0.12033231 -0.09994573 -0.5657794 -0.120122224 -0.5492802 -0.25629932 0.35893932 0.060438473 -0.063107245 0.14962351 0.49145132 0.39109123 0.7780695 0.71696496 -0.5404644 0.11458514 0.38540098 -0.4827998 0.19797774 0.020194678 -0.24343869 0.1117727 -0.2778367
137 0.5091208 -0.42242286 0.17438306 -0.20050398 0.07690042 -0.48518613 0.39380443 0.025551321 -0.09413433 0.120125785 -0.043231133 -0.5863342 -0.10615254 -0.674811 -0.24119164 0.34651417 0.119702294 0.021311345 -0.0031652143 0.5742277 0.44625965 0.6667483 0.85839945 -0.5546741 0.15421635 0.3457122 -0.46734068 0.20211801 -0.1071704 -0.26633197 0.10225268 -0.36364785
138 0.46871898 -0.5200086 0.15137918 -0.10974326 0.130725 -0.57552516 0.5778518 -0.007201541 -0.1188868 0.14701577 -0.04589835 -0.6861306 -0.15006499 -0.5030605 -0.34162095 0.34750208 0.08993018 -0.027174033 0.28080988 0.41158012 0.23252797 0.69299275 0.8005833 -0.5519789 0.020544324 0.36017704 -0.4479012 0.1752564 -0.042519655 -0.285775 0.14982082 -0.22607487
139 0.6543749 -0.47556004 0.18621618 -0.3155774 0.1239199 -0.55730695 0.39458838 0.03934274 -0.07815932 0.113237455 -0.088023655 -0.59725547 -0.17454569 -0.53366387 -0.19278269 0.31326875 0.1107673 0.027000217 0.10140758 0.4530197 0.3607227 0.6837732 0.8104143 -0.5130151 0.08786794 0.41980085 -0.49548075 0.23946752 -0.061824914 -0.27973893 0.08802525 -0.28009775
140 0.57739246 -0.5276562 0.14120543 -0.11805071 0.16735198 -0.5587839 0.49490163 0.1328621 -0.1686833 -0.025647843 -0.015178673 -0.56717 -0.1538002 -0.6549193 -0.29395226 0.31581107 0.09333236 -0.04259091 0.071359016 0.5132002 0.43157163 0.7320935 0.76843333 -0.53319854 0.051855862 0.31201935 -0.4582087 0.11795782 0.01078038 -0.356682 0.14711171 -0.2861504
141 -0.9459982 -0.5913759 0.2238756 -0.09535494 0.19246458 -0.42317808 -0.2432574 -1.1350738 -0.091926634 -0.6236911 0.09236774 -0.13715188 0.018019224 -0.6098779 0.63264936 -0.60346514 0.12091026 0.34824547 0.27442768 -0.48192698 0.44182107 0.16768591 0.10678072 0.25607315 0.54410404 -0.007333547 -0.7469332 0.52293503 0.61822015 -0.593055 -0.03361579 0.42260128
142 0.57798046 -0.39183512 0.2841788 -0.20003437 0.09072613 -0.55048007 0.5504273 0.13215415 -0.05618966 0.10546934 0.045233127 -0.64535034 -0.16384336 -0.51558185 -0.2894174 0.27049002 0.016006649 -0.0713715 0.16061269 0.44228715 0.3155891 0.75956446 0.75390047 -0.52923197 0.03734634 0.37934864 -0.5798389 0.13998267 -0.09759772 -0.33169806 0.14633457 -0.29557645
143 0.56036055 -0.50326324 0.15071653 -0.22498007 0.1374318 -0.44804654 0.38611963 0.12187106 -0.11152479 0.16566783 -0.12537794 -0.63323486 -0.12898506 -0.61510617 -0.2876935 0.3340635 0.18255585 0.09525669 0.18684162 0.5059976 0.36575553 0.72006017 0.85324514 -0.60614246 0.057205472 0.40286434 -0.5206182 0.23295441 -0.060081955 -0.30660427 0.15466726 -0.20455696
144 0.6128037 -0.520974 0.12838177 -0.16846876 0.07827661 -0.44289806 0.6102395 0.11240519 -0.035015278 -0.006712858 -0.046876032 -0.68222785 -0.17652504 -0.6476555 -0.38629025 0.26270363 0.112699226 -0.061064422 0.11244898 0.5245415 0.3603983 0.7553944 0.79852885 -0.41789287 0.08057808 0.43026406 -0.42463443 0.026874265 0.050444208 -0.369012 0.17109574 -0.2994204
145 -0.9534907 -0.8639266 0.08987952 0.085873984 0.03697028 -0.14669465 0.100475 -0.07116889 -0.39881957 -0.35487384 0.60932654 -0.45714736 0.02246564 0.5558102 0.47781342 -0.6434511 0.7119408 0.53516257 0.48183808 -0.72907114 0.048633877 -0.05433215 0.688412 0.6559022 0.25350294 0.16401239 -0.72943515 0.7064413 0.16540493 -0.80118483 -0.18431474 0.7757932
146 0.5159442 -0.41898125 0.27658272 -0.22650778 0.12108758 -0.5085867 0.5151922 -0.0065469546 -0.048480455 0.03772761 0.026562309 -0.60942507 -0.15135168 -0.64134306 -0.22621705 0.32629326 -0.03684233 -0.06494622 0.07849436 0.47442636 0.43342933 0.7409052 0.6445973 -0.54696125 0.1591643 0.33795467 -0.46962926 0.16215011 -0.02367255 -0.27058557 0.19776906 -0.38149148
147 -0.1060278 0.40682417 -0.28012916 -0.12748037 0.4054409 -0.27552757 0.7864687 -0.30601686 0.16815116 0.1581144 0.6214704 -1.4400078 0.6437884 -0.49495912 0.6496191 -0.21567027 0.12524259 0.8396735 -0.45350125 0.414762 0.08939347 0.5807124 0.23922576 1.5174861 -0.25309476 -0.48824114 -0.34814155 0.36929053 0.26714718 0.25673285 -1.0953954 0.67611444
148 0.5941415 -0.4617825 0.14826618 -0.24464768 0.18132092 -0.49553877 0.5167027 0.062429484 -0.034099776 0.01984682 -0.08039427 -0.6150096 -0.10210747 -0.57223845 -0.23595436 0.33401385 0.08857293 -0.019346198 0.094840035 0.45047656 0.38356876 0.76928884 0.77518827 -0.5241454 0.13866429 0.3160462 -0.47637275 0.06847833 0.039225746 -0.2895479 0.18790308 -0.2898039
149 -0.8549258 -0.48006967 -0.048843745 0.04889461 0.29258892 0.1808507 0.5699989 0.37141627 -0.20488797 -0.16827184 0.86074156 -0.59091634 0.34023052 0.100546904 0.45180055 -0.27104127 0.71901405 0.49363688 -0.27258205 -0.37815493 0.49744058 0.21806756 0.58365023 1.1910362 0.84208566 -0.34866524 0.011582689 0.20904061 0.63504034 -0.30718532 -0.16072738 0.38156676
150 0.5274518 -0.5063667 0.17232515 -0.12599698 0.05246918 -0.4689891 0.45936704 0.13150276 -0.05199243 0.1252424 -0.096933715 -0.6234178 -0.10843376 -0.5181907 -0.26264933 0.3947982 0.09690914 0.06010706 0.07442366 0.47966844 0.40566674 0.7195973 0.77834314 -0.5332813 0.0670563 0.33745855 -0.49751717 0.14172396 -0.07086219 -0.28046298 0.13874352 -0.26676288
151 -0.9707558 -0.50778043 0.3017322 -0.0506575 0.14564437 -0.43820632 -0.22657742 -1.1221403 -0.04798505 -0.49590674 0.21164148 -0.14048247 -0.0002551851 -0.497278 0.5731862 -0.68324035 0.13525198 0.24368878 0.4234454 -0.5821162 0.50821865 0.26319984 0.12904336 0.22670315 0.57568187 -0.022861825 -0.80435455 0.6031949 0.58890235 -0.5284267 -0.024749707 0.50439405
152 0.54069364 -0.5026631 0.1558819 -0.19109638 0.046174794 -0.47388962 0.52452374 0.039787274 -0.19604202 0.05363659 0.048264783 -0.64004445 -0.12871204 -0.652775 -0.3163804 0.35650837 0.1307019 -0.017175386 -0.017913189 0.55034304 0.44019714 0.71704715 0.8218821 -0.5183374 0.095739536 0.373659 -0.41671848 0.11615129 -0.08286518 -0.32552046 0.13838097 -0.3783376
153 -0.9721287 -0.6548128 0.19471513 -0.06287886 0.15554094 -0.49268577 -0.22619866 -1.0257468 -0.14246522 -0.6098454 0.1108731 -0.025281277 0.07930525 -0.53817624 0.5490149 -0.57213205 0.23275656 0.38924816 0.3699517 -0.38212654 0.45071995 0.14196156 0.11835454 0.24700037 0.45818114 -0.008083259 -0.73808485 0.60606116 0.5490613 -0.6009103 -0.04247886 0.49659613
154 0.5495636 -0.46268913 0.15511975 -0.12330225 0.15811978 -0.5234939 0.46950507 0.16158313 -0.06845091 0.062479895 -0.0928689 -0.47679856 -0.14153904 -0.68493193 -0.24711682 0.34265703 0.12864035 0.043418568 0.18411796 0.5816563 0.35302424 0.6715521 0.8257994 -0.52006805 0.029210653 0.32088387 -0.43689492 0.15775193 0.07787362 -0.37499696 0.07682567 -0.26642865
155 -0.18451563 0.32936954 -0.09817027 -0.27035183 0.21832623 -0.12341722 0.7120771 0.030349867 0.19139625 0.33866435 0.7610892 -1.1951554 0.33982396 -0.39369565 0.3290232 -0.092794724 0.07269318 0.71307343 -0.23624831 0.37669078 0.40479815 0.34624603 0.15348876 1.541244 -0.10369403 -0.42280984 -0.7140707 -0.06751227 0.20440654 0.13082406 -0.8826896 0.5558636
156 -0.16289103 0.08002291 -0.05416372 0.018425196 0.089077346 -0.041025955 0.86090046 0.30226138 -0.0783175 0.23399612 0.63921833 -1.2271675 0.2176876 -0.23636934 0.13740657 -0.24345006 0.25620034 0.95211285 -0.15760525 0.25604087 0.536807 0.3548275 -0.12698704 1.5931635 -0.46570987 -0.38510668 -0.83212507 -0.009009293 0.368421 -0.02280433 -0.8128172 1.0486968
157 -0.80649793 -0.52507454 0.2515344 -0.18484965 0.10618088 -0.44370672 -0.2530677 -1.0839106 -0.06909629 -0.5719888 0.16211234 -0.15840758 0.02785544 -0.70550233 0.5798485 -0.6790412 0.12858418 0.39760175 0.32993487 -0.5618742 0.52821726 0.105358 -0.012326739 0.26446143 0.4602742 -0.021971108 -0.8414247 0.5415189 0.6874132 -0.6154592 0.011037476 0.56200707
158 0.04139862 0.3910446 -0.17416044 -0.2631164 0.286074 -0.34925497 0.78792953 -0.28060886 0.29261318 0.12761971 0.53770846 -1.4857002 0.52484137 -0.45827284 0.63390636 -0.082778156 -0.09908373 0.8294794 -0.4841888 0.41849542 0.30915928 0.45481834 0.2796194 1.4423177 -0.12312544 -0.4562478 -0.40021223 0.26866785 0.38520947 0.37584522 -1.0668881 0.60460615
159 -0.6686225 -0.20395672 0.022284048 0.106222115 0.26540527 0.14612682 0.7448373 0.45555663 -0.13219024 0.18975313 0.69678897 -0.6860332 0.22665308 -0.113586664 0.31755728 -0.17926042 0.45054993 0.8723219 -0.22112437 0.21927208 0.6020791 0.24709271 -0.035766672 1.3869679 0.1303032 -0.34429643 -0.49870485 0.05586111 0.6614508 -0.17434213 -0.56150156 0.69289434
160 -0.8245266 -0.18906204 0.07881031 0.2774405 0.19707833 0.29484954 0.5701869 0.49696642 -0.06594797 0.07344773 0.5613592 -0.70388675 0.35978964 -0.12723301 0.11926111 -0.23054057 0.33597872 0.7266693 -0.40479985 0.23168871 0.8209302 0.43790862 0.008059398 1.407599 0.32015094 -0.37606698 -0.37669048 0.021230776 0.6765689 -0.057574674 -0.43873572 0.59895074
