1 0.039446894 -0.6472206 -0.12692223 -0.09458599 0.12522607 -0.41651264 0.8443406 -0.034242127 -0.27632627 -0.28291056 0.4219578 -0.30893937 -0.33025017 0.39606714 -0.07723319 -0.41091686 -0.4656467 -0.012361145 0.023429893 0.40020388 0.30535957 1.0813826 0.3942228 -0.8024151 0.35572675 -0.0076728393 -0.2519154 0.1494988 0.004283534 0.13235739 -0.39261675 -0.33862582
2 0.0010151818 -0.6211955 -0.17977463 -0.12731375 0.16390756 -0.49435836 0.77368605 0.011215391 -0.26726922 -0.24016277 0.42567968 -0.2320369 -0.24737746 0.3787105 -0.097784184 -0.4251301 -0.51890373 -0.004144838 -0.0035164754 0.4474992 0.35996783 1.0580753 0.37717506 -0.7775233 0.33951804 0.13822599 -0.21407823 0.111916654 0.07542004 0.09657224 -0.38135415 -0.34491012
3 -0.05038939 -0.6032704 -0.21147467 -0.1835593 0.19352901 -0.51840204 0.87809056 -0.03510104 -0.23766087 -0.28395662 0.45603362 -0.2635697 -0.22283521 0.36565748 -0.02167032 -0.44108757 -0.42082518 -0.0029801074 0.013066679 0.44285017 0.22531982 0.93302727 0.4084855 -0.7970318 0.29590383 0.06857009 -0.28769946 0.12752704 0.12763019 0.108800724 -0.33340445 -0.30030385
4 0.033203907 -0.6302813 -0.12353439 -0.04939429 0.13048735 -0.4209258 0.8819069 -0.033753283 -0.32241887 -0.2372482 0.36589116 -0.19730066 -0.313517 0.31198084 -0.047330517 -0.36765355 -0.39188462 0.025127366 0.07765115 0.46091416 0.2334876 1.0376916 0.3489583 -0.852916 0.3590836 -0.0033322456 -0.2646837 0.13481888 0.079815626 0.044290714 -0.34821028 -0.3104077
5 -0.018265337 -0.6388663 -0.15957534 -0.086177215 0.11158053 -0.41916808 0.97782946 -0.014412503 -0.30230638 -0.2276057 0.4111903 -0.14925 -0.3521569 0.29881334 -0.05278246 -0.40903583 -0.37994584 0.038973972 0.12795474 0.37698427 0.23675632 1.0648265 0.34567282 -0.88367844 0.29099518 0.0074312813 -0.3316858 0.09379215 0.108479194 -0.030928237 -0.23375306 -0.29263967
6 -0.011528278 -0.541597 -0.11549367 -0.18131278 0.1106858 -0.42967033 0.9212587 0.013531448 -0.3014978 -0.21427861 0.3503719 -0.235492 -0.3203005 0.47473508 0.039918173 -0.4793388 -0.43671998 0.04507015 -0.033390082 0.5406467 0.22821872 1.0172147 0.4369853 -0.74801844 0.32530978 0.08253795 -0.21929766 0.101898886 0.133233 0.06440932 -0.33151573 -0.4336
7 -0.056107357 -0.5313921 -0.22515199 -0.073590755 0.26748523 -0.4723983 0.87297857 0.026791587 -0.28249556 -0.22096492 0.39280483 -0.21852812 -0.24278475 0.36161682 -0.056341507 -0.39893663 -0.5134042 0.030490074 0.12749127 0.54069614 0.17706741 1.0129385 0.36871633 -0.76470083 0.37853256 0.075892776 -0.23401842 0.074250005 0.11120908 -0.08133821 -0.32176018 -0.34460503
8 -0.019906543 -0.60444725 -0.1410335 0.0028824282 0.11122297 -0.37172684 1.0457313 0.11840267 -0.30021632 -0.1848528 0.3979571 -0.15412812 -0.34696114 0.35990855 -0.02879678 -0.37352455 -0.32785904 0.031715102 0.009868352 0.50330204 0.17992088 1.07017 0.37766606 -0.78383887 0.25392437 -0.033159453 -0.22195597 0.13993648 0.14096722 0.056642253 -0.35052332 -0.21856196
9 -0.06609746 -0.5532925 -0.1284252 -0.11606741 0.21059568 -0.48554426 0.9755043 -0.0728437 -0.32941073 -0.23969424 0.34959644 -0.14723746 -0.22767374 0.3042224 -0.11740399 -0.49901205 -0.5075144 0.029690493 0.0065862304 0.4554376 0.24850233 1.0181955 0.3445364 -0.77035517 0.27529025 0.08722639 -0.27192244 0.15493748 0.033552706 0.10095485 -0.3121242 -0.32648674
10 -0.015912486 -0.5701956 -0.15233406 -0.07700963 0.26158488 -0.43970808 0.88264984 -0.025805911 -0.4021539 -0.2148748 0.36803985 -0.27172574 -0.21059898 0.36278138 -0.025633449 -0.51960593 -0.4544718 0.054123163 0.045626663 0.5377914 0.29793364 1.0379052 0.34790105 -0.6462929 0.26074722 0.09346306 -0.17213076 0.20516829 -0.043685816 0.08076096 -0.27024457 -0.3898411
11 -0.3651993 -0.4099738 0.5525829 0.0516694 -0.102656625 -0.27742097 -0.18495344 -0.050660778 0.43984678 0.03200305 -0.3556767 -0.70821905 0.40848407 -0.7808446 -0.25364354 -0.5058782 0.007300343 0.62623936 0.043777082 -0.037714817 0.22634114 0.1502848 1.0856762 0.60382843 -0.10660825 0.45879123 -1.0613118 0.28614405 0.46769 -0.6381608 -0.19022776 0.64181703
12 0.008944473 -0.5440914 -0.10507438 -0.20022422 0.1683119 -0.5346645 0.923016 0.016712448 -0.24128851 -0.21915367 0.31189778 -0.29691604 -0.19665231 0.47427294 0.021266418 -0.4819429 -0.4392735 0.080593094 0.011878906 0.5679087 0.2664604 0.9872741 0.4104653 -0.77795625 0.23121475 0.14410442 -0.18535961 0.12530522 0.05706837 0.114436194 -0.15200765 -0.4764916
13 -0.05216305 -0.6384875 -0.07333015 -0.12349998 0.060926 -0.41793633 0.91029936 0.032497182 -0.2887944 -0.2906412 0.34900773 -0.32100418 -0.20756991 0.29947075 -0.0022760194 -0.37653467 -0.47898462 0.06981321 0.09897471 0.4874072 0.18480644 1.0383083 0.3398074 -0.8920534 0.29431653 0.15529333 -0.12486683 0.113361314 0.111284435 -0.058892313 -0.28105894 -0.46528322
14 -0.34706897 -0.36764094 0.6396186 0.051152576 -0.1562665 -0.27340686 -0.11579456 0.03770354 0.41225535 0.1143078 -0.3504258 -0.7682061 0.4688652 -0.67964035 -0.27590972 -0.49507234 0.09669811 0.6063125 -0.011964446 0.0026231506 0.1594183 0.25656962 0.9910721 0.59000653 -0.17158839 0.4761138 -0.92681825 0.19637081 0.382451 -0.6697569 -0.14479369 0.6127411
15 0.021476235 -0.5922859 -0.22240873 -0.08989724 0.1828436 -0.5110405 0.84396714 0.05180561 -0.32970494 -0.22318898 0.40447646 -0.19535749 -0.21314973 0.35938287 -0.06478378 -0.45861924 -0.44598252 0.07257421 0.07797966 0.61304873 0.29563805 0.98355186 0.37763733 -0.72026265 0.3714116 0.17018346 -0.10728279 0.044765584 0.11526548 -0.030192718 -0.27140793 -0.42095858
16 -0.29571548 -0.3832495 0.7352253 0.051836476 -0.05527292 -0.29991552 -0.11326969 0.0015977368 0.49497157 0.06714036 -0.37874392 -0.7596046 0.5142942 -0.57266235 -0.20651722 -0.4348892 0.031053836 0.58649206 -0.01143216 -0.01612062 0.28823137 0.18446039 1.0528474 0.57768905 -0.22969018 0.5075172 -0.9508751 0.270242 0.33600685 -0.5373015 -0.063557215 0.5845677
17 -0.051576972 -0.6267898 -0.12890248 -0.06093164 0.067841075 -0.43603152 0.9492776 -0.07156154 -0.3008234 -0.203191 0.39491042 -0.18229413 -0.34949085 0.34314433 -0.085832424 -0.46145657 -0.5642238 0.028446814 0.09200908 0.42427915 0.24639295 1.0785116 0.34464943 -0.6955487 0.3982641 0.075085364 -0.11032472 0.006005537 0.12561215 0.029725928 -0.48676506 -0.34237322
18 -0.0929568 -0.57461566 0.35099322 0.11545032 0.3634963 -0.13806842 0.25418043 0.6372585 0.3278478 0.3251889 -0.1138084 -1.0757488 0.5296369 -0.2598134 -0.09610548 -0.07824223 0.47999665 0.8773405 0.044725362 -0.0778806 0.6756154 0.07845008 0.7480728 1.2752838 -0.050819173 0.26422134 -0.5936725 -0.30866316 0.27216622 -0.27419952 0.09209441 0.61583096
19 -0.07057464 -0.5963026 -0.2018377 -0.06762772 0.18774153 -0.4641204 0.8343368 -0.021688836 -0.34237298 -0.27767465 0.43068993 -0.16349368 -0.24831244 0.31676435 -0.08293055 -0.45174736 -0.51578015 -0.0013232102 0.014499805 0.5185309 0.29118866 1.1036187 0.3608965 -0.74209476 0.39811844 0.043263093 -0.194996 0.17103446 0.011250131 0.0651779 -0.403838 -0.34549764
20 0.11430639 -0.6441067 -0.3949389 -0.09246839 0.13112128 -0.6081062 0.6528078 -0.20609926 -0.4321743 -0.37648252 0.324734 -0.4778341 -0.28098494 -0.019374924 0.07148144 -0.27752763 -0.10367451 -0.122865476 -0.009128915 0.5920054 0.41226667 0.8944418 0.26937076 -0.85345405 0.45856488 0.005477518 -0.18789424 0.09511981 0.17950186 -0.04830073 -0.06368365 -0.28035557
21 -0.7202175 -0.28577712 0.7066995 -0.4162097 -0.020138549 0.2940365 0.8717635 0.24864241 0.12836574 0.39740816 0.64278483 -0.7229464 0.17024554 -0.50422096 -0.082700595 0.7649295 0.16399457 0.18415076 0.22524318 -0.13546163 0.48758268 -0.04751327 0.55139726 1.1829621 0.6567748 0.063547015 -0.42830452 -0.26168403 -0.3344949 -0.1221846 -0.5204279 0.15240014
22 0.0786765 -0.5912956 -0.28466284 -0.08256752 0.16676192 -0.6021867 0.85708696 -0.1381126 -0.44854784 -0.3031459 0.3581307 -0.34616643 -0.30852276 -0.008550802 0.14406925 -0.40927127 -0.17578441 0.11582758 0.06854944 0.37428004 0.34153417 0.81221837 0.18512338 -0.6204249 0.252861 -0.0664574 -0.19479726 0.1082698 0.14636655 -0.03457787 -0.05429038 -0.19389172
23 0.13997862 -0.5864316 -0.3433606 -0.08405066 0.1536506 -0.5845293 0.7719672 -0.26701272 -0.43980828 -0.36698833 0.37570223 -0.49910474 -0.30944848 0.011390236 0.11506369 -0.5550585 -0.16362329 0.036154997 0.03811218 0.31613326 0.3549687 0.88428026 0.20243002 -0.72582227 0.24460919 -0.04512713 -0.23828292 0.12203678 0.14966065 0.02853698 -0.13301967 -0.20898013
24 0.09456676 -0.6391753 -0.3560653 -0.12116714 0.1208457 -0.55727255 0.81070155 -0.087349184 -0.39915186 -0.32645208 0.4460442 -0.36285636 -0.34089926 0.0069245477 0.12616721 -0.22668748 -0.14858146 -0.034017395 0.11112826 0.51173747 0.40578443 0.92241526 0.18303576 -0.8357435 0.31814548 -0.017290404 -0.19919126 0.19978298 0.16641894 -0.011763965 -0.06596307 -0.2102223
25 0.14993128 -0.5723016 -0.36102003 -0.08683172 0.19380197 -0.49967378 0.8718131 -0.14098507 -0.40681642 -0.25066316 0.44919884 -0.3579468 -0.3777958 0.03300647 0.09329398 -0.24136756 -0.09612183 -0.054281507 0.102788985 0.51404005 0.42674702 0.8472668 0.29624963 -0.7535181 0.33906382 -0.061769906 -0.2480236 0.05938924 0.090871066 0.020145223 -0.09703171 -0.17493807
26 0.098038085 -0.5551605 -0.33526194 -0.12529457 0.11190686 -0.50367284 0.7126439 -0.18092403 -0.4596713 -0.3040324 0.411729 -0.3883764 -0.29748514 0.028327674 0.087840386 -0.36498588 -0.09556933 -0.019789867 -0.027674438 0.5793395 0.39070404 0.8899629 0.1989247 -0.74797446 0.33610266 0.07303185 -0.19298378 0.08395118 0.087923266 -0.06738442 -0.08596491 -0.29955584
27 0.09889655 -0.5430157 -0.2961771 -0.17917308 0.11362982 -0.5514308 0.930774 -0.2535781 -0.42863315 -0.32997912 0.4204808 -0.4596332 -0.32323435 0.019710176 0.21327944 -0.35327965 -0.1927928 0.0020775201 0.11789952 0.37341 0.3563006 0.8230542 0.17599386 -0.7803589 0.26896074 -0.00816607 -0.22218268 0.062227014 0.12908846 0.021209758 -0.04381984 -0.2203592
28 0.13797338 -0.60520655 -0.3012816 -0.1565768 0.14498581 -0.5314817 0.7665694 -0.12707633 -0.4281888 -0.3216052 0.42012417 -0.23941468 -0.34957084 0.023350554 0.0992205 -0.33397424 -0.12368604 0.08127116 -0.0001240193 0.5588695 0.49878106 0.8927817 0.17017373 -0.7109587 0.31885424 0.07131768 -0.18265776 0.107880205 0.16154926 -0.10740824 -0.03015332 -0.36498162
29 0.11230044 -0.5339973 -0.37589586 -0.091556706 0.12036162 -0.5477622 0.83749276 -0.16440786 -0.34824312 -0.3081989 0.46461454 -0.25016072 -0.39573014 0.01001297 0.08588329 -0.36456087 -0.12927033 0.046733953 0.07408071 0.41235715 0.3972537 0.91281044 0.28248143 -0.9035338 0.2434331 -0.075626135 -0.38677993 0.06962947 0.22971392 -0.09254843 0.006666638 -0.20148394
30 0.1400402 -0.60517836 -0.37236646 -0.025444549 0.23411578 -0.5857917 0.8099896 -0.08728328 -0.43628946 -0.41320947 0.5173376 -0.20399557 -0.23940383 -0.0418932 0.002343454 -0.326773 -0.11285057 -0.0731783 0.13115664 0.6514298 0.50991064 0.78925663 0.19153482 -0.7981085 0.31862554 0.10732345 -0.1617651 0.024329673 0.08195376 -0.10080855 -0.0072014146 -0.2713197
31 0.09402224 -0.48178405 -0.2847581 -0.1543667 0.1049454 -0.5506601 0.95687157 -0.07319868 -0.5053277 -0.23717727 0.47412983 -0.3153204 -0.30200437 -0.023460083 0.16017964 -0.38029912 -0.13690478 -0.017338522 0.023832805 0.41701785 0.37285578 0.8839316 0.24815674 -0.77605194 0.28511637 0.014508914 -0.2086032 0.06734479 0.108998105 -0.084919214 -0.05077481 -0.20144285
32 -0.24015452 -0.4228507 0.705653 0.11948321 -0.16511527 -0.2041703 -0.14259622 0.18979083 0.463941 0.1727713 -0.35664335 -0.6593745 0.3869009 -0.57978696 -0.2287315 -0.29024598 0.08474875 0.6986485 0.056236967 0.06901207 0.28460062 0.25405538 1.0333358 0.62301 -0.15445137 0.48037001 -0.9259684 0.17206728 0.37658924 -0.79240775 -0.113669194 0.513526
33 0.15801714 -0.6044722 -0.32164153 -0.16311203 0.15757172 -0.55676836 0.8085459 -0.11518977 -0.4280403 -0.28472432 0.39628938 -0.38095674 -0.4138688 0.033025682 0.19711661 -0.32983762 -0.1356972 0.057117917 0.101351425 0.39788944 0.38016793 0.894497 0.2283488 -0.69782704 0.3530499 -0.085580535 -0.20515466 0.16459768 0.18748696 -0.0044863266 -0.02078734 -0.31856468
34 -0.5270906 -0.4767174 0.34720296 -0.16711824 0.22878201 0.23785165 0.5818972 0.625657 0.25128704 0.39065316 0.43719935 -0.7560167 0.5608401 -0.33761418 -0.22917734 0.6525736 0.26853746 0.41934597 0.19249235 0.051997736 0.5059756 -0.028026937 0.63612485 1.1231627 0.48101997 0.027847355 -0.43041545 -0.30108836 -0.091595165 -0.007970497 -0.47852847 0.60199577
35 0.12486484 -0.54896176 -0.37645322 -0.07795828 0.120105036 -0.55135894 0.83800066 -0.15892638 -0.4701327 -0.2211126 0.39046168 -0.32277557 -0.39436033 0.063959576 0.121720366 -0.37660965 -0.18584318 0.0006577941 0.026430896 0.41166344 0.35952434 1.0031611 0.28318828 -0.7169476 0.3460483 -0.08686639 -0.22563508 0.19226682 0.1888742 0.0084398305 -0.092545 -0.19742897
36 -0.7193033 -0.16672811 1.0967488 -0.6605857 -0.20730926 0.22257993 1.1846607 0.09859503 0.17055859 0.2584084 1.0379932 -0.75840634 0.11880558 -0.48772123 0.053602792 0.6527833 0.21368732 0.0010055021 0.37502304 0.018012438 0.82699805 -0.24382003 0.4829276 1.1286856 0.5185522 0.35465598 -0.4743564 -0.1136073 -0.6951714 -0.14768404 -0.32187727 -0.06616109
37 -0.7530624 -0.10386611 1.079375 -0.5989663 -0.21266328 0.11734017 1.121591 0.12374044 -0.018374484 0.23384427 0.94742525 -0.774761 0.34255773 -0.4271799 0.009701369 0.45111275 0.14599203 -0.010701122 0.1945155 0.12094514 0.8237716 -0.22262307 0.5127288 1.2699956 0.58397716 0.4572533 -0.32643473 -0.08148958 -0.763587 -0.020734383 -0.5416643 0.02847992
38 -0.818409 -0.13789637 0.8864882 -0.67346287 -0.16744357 0.09667655 1.303542 -0.15462902 -0.41209412 0.14680028 1.3097042 -0.53559417 0.13884118 -1.0322993 0.054956127 0.32843745 0.6177629 0.1965037 0.04848284 0.057682082 0.9228669 -0.36357498 0.1828366 1.2318324 0.44879928 0.40739158 -0.36175123 0.030795792 -0.74181277 -0.5122887 -0.30546832 -0.23437254
39 0.20713247 -0.57785183 -0.3481495 -0.16666813 0.15090789 -0.6088289 0.8188368 -0.07364948 -0.34209657 -0.30708146 0.4734851 -0.32413894 -0.36502904 0.033836283 0.13292004 -0.23129189 -0.090521775 0.10046209 -0.004216711 0.4047426 0.49303904 0.94463253 0.2536099 -0.7717966 0.2898494 -0.10451663 -0.21192364 0.10588191 0.23500246 0.038283605 0.03040852 -0.3067787
40 -0.26076373 -0.38961586 0.63977355 0.05613052 -0.0856189 -0.14794342 -0.17134894 0.1341584 0.46468523 0.20318855 -0.38756976 -0.6860779 0.318923 -0.46811882 -0.31430176 -0.35268748 -0.02895411 0.56862694 -0.00038904318 0.034066375 0.30539063 0.2450859 1.1137031 0.6092587 -0.10678777 0.43699673 -0.9954191 0.26913503 0.33679578 -0.48142987 -0.08231955 0.5351727
41 -0.6712563 -0.16357806 1.1846151 -0.62677795 -0.20313765 0.2996056 1.2478579 0.044305123 0.16185588 0.23649052 0.97488564 -0.83171093 0.20340179 -0.5294344 0.006177454 0.60133916 0.23080623 0.07618236 0.29938298 -0.055995304 0.710298 -0.22184616 0.47857997 1.0718741 0.4286989 0.28698862 -0.3857477 -0.031393215 -0.6381242 -0.1150861 -0.44671988 -0.10076893
42 -0.33672768 -0.2906395 0.66779256 0.08845546 -0.062285043 -0.27395153 -0.1485574 -0.072640285 0.46736062 0.12336957 -0.36352322 -0.666229 0.548088 -0.7473209 -0.2815717 -0.46910754 -0.07752267 0.5618839 0.18060349 0.028927758 0.3372465 0.23361968 1.0922667 0.5997849 -0.1315806 0.55330247 -1.0353725 0.29573914 0.41987506 -0.74747425 -0.025939956 0.6139575
43 -0.88673174 -0.23085907 1.0417097 -0.70642304 -0.4461518 0.04621949 1.2316879 0.3559629 -0.17508005 0.24742366 1.1904466 -0.40996337 -0.09081149 -0.78537965 0.08288388 0.4929183 0.4986886 0.13916942 0.2041072 0.1300463 0.9563951 -0.28108191 0.30028984 1.1874804 0.60028666 0.563468 -0.30864248 0.005607445 -0.8566693 -0.49578416 -0.15180391 -0.544762
44 0.076404914 -0.624928 -0.3840578 -0.1430589 0.18142284 -0.5644424 0.7610946 -0.1913109 -0.40987155 -0.35163578 0.3883481 -0.4111368 -0.3396688 0.037824605 0.14487113 -0.3116422 -0.12658519 0.013551132 0.0410001 0.5068043 0.3709706 0.83225137 0.25854516 -0.7555549 0.3500918 -0.018944796 -0.23903042 0.16968237 0.19524571 0.0021532467 -0.069876105 -0.2205946
45 0.06684184 -0.53811425 -0.25833073 -0.07307171 0.12262842 -0.5835265 0.8041364 -0.15551454 -0.38273033 -0.3962911 0.51401085 -0.31346437 -0.28213423 -0.041601006 0.06237371 -0.40349257 -0.08431261 -0.013348979 0.09875825 0.4520211 0.4226745 0.7991653 0.17795564 -0.8438295 0.22515441 0.12671351 -0.25025395 0.05608309 0.1332657 -0.16613431 -0.008420189 -0.24454924
46 0.17353341 -0.6124767 -0.19760954 -0.07750679 0.16203076 -0.5836129 0.86729133 -0.16292204 -0.47505063 -0.3828796 0.40372598 -0.3430754 -0.20192187 0.0037491827 0.07454456 -0.3646734 -0.0936093 -0.044162277 0.004796704 0.48644057 0.4471048 0.9720394 0.15924673 -0.89368165 0.23603633 0.06698167 -0.2248334 0.1318441 0.08929347 -0.01168027 -0.047463886 -0.19461198
47 -0.41916716 -0.4557036 0.722813 0.003664099 -0.30305573 -0.34403548 -0.4051378 0.24081485 0.4946937 0.0900095 -0.3626082 -0.27886385 0.38108113 -0.8655459 -0.43818566 -0.37067917 -0.0056885052 0.635675 -0.044244573 0.35126162 0.3677177 0.43338922 1.1951885 0.3523599 -0.09266266 0.7249278 -1.23179 0.54995644 0.3696133 -0.773925 0.019640302 0.35480323
48 0.15585083 -0.5875828 -0.27459115 -0.13694339 0.13923383 -0.6029493 0.78695005 -0.2566887 -0.38719788 -0.43755367 0.4116147 -0.48858985 -0.2858591 0.04450789 0.19601741 -0.40201283 -0.1443633 0.036099356 0.041647963 0.4211317 0.42806357 0.8361394 0.16522403 -0.7938626 0.32010707 0.01045898 -0.20991641 0.20769767 0.14899772 0.0063595786 -0.046633527 -0.27721736
49 0.04154788 -0.5923088 -0.33912537 -0.0858157 0.19214274 -0.57303625 0.82794446 -0.18808042 -0.44480252 -0.33546335 0.41571766 -0.40610456 -0.39292917 0.06646825 0.16400091 -0.51911867 -0.1607021 0.044123054 0.09304063 0.43478972 0.41198578 0.8448873 0.19050154 -0.6982238 0.2978875 0.043801513 -0.19171004 0.100052126 0.16659628 -0.13975148 -0.021552699 -0.29974392
50 -0.041534785 -0.64765173 0.4733186 0.076543815 0.4011162 -0.06347402 0.07260457 0.58297426 0.39086756 0.24999774 -0.037920587 -1.0592015 0.6754546 -0.24202904 -0.19049498 0.25388774 0.38487226 0.7513275 0.001781474 -0.1080441 0.77857864 0.09535456 0.77267593 1.1287289 0.09596876 0.32150507 -0.58413 -0.32121047 0.15313816 -0.22999704 -0.09779958 0.5892305
51 0.17807434 -0.63485885 -0.20437565 -0.06107932 0.16958377 -0.59000444 0.86437017 -0.14993823 -0.43067306 -0.3778343 0.38381037 -0.5466397 -0.25416395 0.070756555 0.14944528 -0.43782184 -0.14104743 0.081212044 0.08391082 0.40274274 0.3793291 0.8738169 0.16676591 -0.80589443 0.1840616 0.034052007 -0.09493764 0.20467475 0.17907883 0.0027223565 -0.1430713 -0.3022645
52 0.041424118 -0.560377 -0.24631543 -0.09985961 0.06679143 -0.4961567 0.9326689 -0.07907797 -0.36518395 -0.3038292 0.55669284 -0.25897548 -0.30372086 0.03926975 0.09029258 -0.41608518 -0.1138725 0.016381377 0.1268999 0.43921605 0.4046527 0.92139965 0.1292895 -0.8328443 0.174773 0.051001314 -0.24207094 0.1097357 0.1456376 -0.08791531 -0.04753144 -0.23876564
53 0.12678951 -0.5301176 -0.31905392 -0.079485066 0.20087694 -0.568723 0.88173395 -0.16374919 -0.4502374 -0.31492713 0.46542102 -0.307039 -0.23119994 -0.027478015 0.121149026 -0.29174942 -0.12257146 -0.028196393 0.13851547 0.4338589 0.3968487 0.8604039 0.20196037 -0.802627 0.26824647 -0.048671704 -0.25153288 0.1098262 0.07652416 -0.016767247 -0.0046032113 -0.117276214
54 -0.46714154 -0.32403767 0.65659714 0.063560896 -0.20272917 -0.21665163 -0.4070921 0.13496937 0.42772236 0.18574466 -0.3085452 -0.33875534 0.55035794 -0.9079687 -0.54995257 -0.21634842 -0.07122207 0.5003411 -0.004638378 0.4741926 0.31276926 0.38048902 1.2125487 0.35423768 -0.05358067 0.6830978 -1.0935448 0.42400163 0.35031715 -0.858911 -0.025424067 0.40590632
55 -0.43619022 -0.31849876 0.61956185 0.09620909 -0.24168071 -0.27188554 -0.34242353 0.10019074 0.40927693 0.15535395 -0.31889722 -0.27922574 0.42240655 -0.945979 -0.4742069 -0.28895086 -0.07525945 0.57427883 0.015212948 0.27395558 0.3090582 0.4558821 1.2268075 0.4030313 -0.041658677 0.5705468 -1.213391 0.504201 0.45647472 -0.8572068 -0.080797166 0.46086824
56 0.26441908 -0.62004006 -0.23295458 -0.048559975 0.09806406 -0.5924347 0.86598307 -0.10637952 -0.38776818 -0.34935182 0.3870648 -0.42828247 -0.27452737 0.10038044 0.17967682 -0.41577518 -0.087370716 0.057530098 0.054823745 0.412475 0.43465918 0.899317 0.2406483 -0.83456045 0.18894921 0.023162957 -0.17468514 0.08874204 0.16621363 -0.08795456 -0.08636022 -0.20887136
57 0.021389721 -0.61177105 0.3445804 0.100906655 0.34039998 -0.11806041 0.11259891 0.526954 0.33237472 0.28913328 -0.15892813 -1.0904714 0.5343025 -0.33729437 -0.08766446 0.034223266 0.39050552 0.7990124 0.07391759 -0.041699674 0.6315448 0.05336799 0.8115856 1.2216786 0.12787622 0.19121848 -0.4997744 -0.23168208 0.32279035 -0.37647444 -0.11534424 0.5662454
58 0.13854516 -0.5961481 -0.4020115 -0.1074456 0.13086037 -0.51140916 0.8764525 -0.055062663 -0.4412915 -0.2318875 0.429465 -0.23020035 -0.39705193 0.042068522 0.08417713 -0.32950935 -0.09028635 0.044126898 0.009901884 0.37798113 0.42699718 0.9353226 0.20527606 -0.7549483 0.2568963 -0.043899883 -0.28043798 0.15088895 0.21501215 -0.025512574 -0.08406082 -0.14651231
59 0.21012025 -0.5961429 -0.25169694 -0.100781776 0.13083574 -0.52616465 0.7946979 -0.16121505 -0.36821288 -0.31525233 0.48792934 -0.34812275 -0.3483549 0.11742088 0.06619723 -0.3104471 -0.033840336 -0.03354567 0.14159015 0.43506917 0.47810623 0.9362102 0.22998829 -0.8655291 0.28389198 -0.056931876 -0.29547 0.09703853 0.11468576 -0.062071513 -0.04053629 -0.15853144
60 -0.3075557 -0.31183812 0.7799996 0.07299697 -0.2845115 -0.26981294 -0.523654 0.13924678 0.40824983 0.102502964 -0.3983533 -0.4881378 0.5652324 -0.7919076 -0.43562984 -0.22078992 -0.093842305 0.45961437 -0.05840751 0.5360563 0.4799251 0.46735504 1.1965106 0.364785 -0.029364457 0.77430075 -1.0376793 0.6494732 0.23934591 -0.69040227 -0.0035976614 0.3581374
61 -0.30548283 -0.24047884 0.67006767 0.11451691 -0.22077638 -0.2275779 -0.3598025 0.058614872 0.37374905 0.19172598 -0.337033 -0.2794384 0.42618486 -0.8885462 -0.4441063 -0.19270077 -0.108990826 0.4825984 0.08481183 0.39845732 0.41930148 0.4129675 1.2526104 0.33698916 -0.036070615 0.67728853 -1.1445276 0.46130309 0.36487776 -0.8780338 0.049484473 0.46767032
62 -0.8105014 -0.21770602 1.0812624 -0.6549498 -0.25515562 0.22371285 1.1369768 0.18260784 -0.24991554 0.21014641 1.2015917 -0.5134691 0.20141234 -0.7293613 0.00288501 0.4314078 0.47715995 0.2618613 0.08945453 0.17496136 0.84900546 -0.20369032 0.23579556 1.131118 0.46848777 0.50736207 -0.16666314 0.04955468 -0.7473543 -0.4952906 -0.38075292 -0.51905805
63 -0.87025493 -0.12619984 0.95259833 -0.67861384 -0.17587368 0.17586777 1.281542 0.109070435 -0.059338994 0.18644118 1.179646 -0.6492872 0.12476681 -0.81320274 0.108151644 0.59206086 0.40985098 0.063185826 0.29612997 0.18104307 1.0173324 -0.35086498 0.42002836 1.3158231 0.58111805 0.29387873 -0.5102602 0.15926026 -0.7825616 -0.14995587 -0.32736307 -0.06675174
64 0.098957725 -0.59726137 -0.16401218 -0.08395062 0.13144462 -0.49419284 0.865581 -0.20392993 -0.41560486 -0.30615422 0.458323 -0.40734148 -0.23774679 0.046830017 0.057855662 -0.41178352 -0.13840126 -0.04870987 0.057591747 0.4120903 0.4025942 0.90231234 0.14569567 -0.8584135 0.17456564 0.10255056 -0.2543602 0.16784593 0.043748662 0.0804067 -0.1513631 -0.1825396
65 0.11869074 -0.5377968 -0.37933135 -0.122496665 0.18487267 -0.51869094 0.78971773 -0.10888587 -0.34099063 -0.27329692 0.3921318 -0.25982562 -0.36943862 0.074946195 0.10661835 -0.2879915 -0.07513651 0.01851104 0.09116407 0.53174084 0.35968274 0.8637958 0.30749995 -0.66848177 0.33045846 -0.06560301 -0.25289446 0.15047169 0.19227439 -0.0421383 0.048929214 -0.18284683
66 0.08972674 -0.54063576 -0.37135744 -0.08149079 0.21343029 -0.6034634 0.7850404 -0.22231516 -0.497981 -0.284673 0.4138 -0.46263805 -0.38075343 -0.046124198 0.22436771 -0.36326256 -0.11328798 0.050636806 0.1276118 0.5054049 0.38633877 0.823549 0.14658573 -0.59019107 0.33370683 -0.029752996 -0.16557823 0.1515833 0.1836574 -0.0896807 0.01912812 -0.29278597
67 0.068345286 -0.6192945 -0.2985931 -0.08480366 0.13304153 -0.5412147 0.70622826 -0.2652479 -0.46377072 -0.36182818 0.38418874 -0.5443768 -0.2658313 -0.0133855315 0.10503791 -0.41310543 -0.14722556 -0.10116582 -0.021921368 0.4270694 0.37170306 0.8244853 0.16539878 -0.77704996 0.33516064 -0.04499158 -0.22980139 0.14627264 0.0924116 0.03719783 -0.22844896 -0.17661244
68 -0.47082734 -0.4033869 0.6202073 0.012352739 -0.28348953 -0.2814903 -0.27723113 0.208589 0.5022575 0.14665025 -0.33330852 -0.21615751 0.4235852 -0.8602142 -0.4890512 -0.32682648 0.0058219316 0.60575205 -0.052360903 0.33023778 0.23962796 0.42740902 1.2370013 0.3378123 -0.16477184 0.6556432 -1.2711339 0.5713167 0.39852178 -0.71149063 -0.035304997 0.4162406
69 0.15583816 -0.57003766 -0.26287103 -0.15161218 0.10352734 -0.56189525 0.8494962 -0.23172185 -0.48975262 -0.34094846 0.3757213 -0.4296274 -0.2703116 0.023062686 0.14013377 -0.4471963 -0.15856874 0.02332539 0.04480148 0.3704189 0.405104 0.8993779 0.19746768 -0.7890837 0.25497746 -0.0005116028 -0.20409337 0.05639337 0.15413082 -0.036804356 -0.068286814 -0.22513826
70 0.17370026 -0.65820056 -0.27410468 -0.10685411 0.12431748 -0.52820015 0.72789 -0.035923563 -0.4142374 -0.26667032 0.35051918 -0.3785353 -0.41037023 0.15102945 0.17351402 -0.35564953 -0.06500095 0.081258155 0.03371042 0.46289924 0.47222295 0.8537827 0.2394403 -0.7394294 0.29596007 0.06258941 -0.2266333 0.119726576 0.08372589 -0.082445264 0.025071556 -0.440669
71 0.15258908 -0.5672848 -0.3219757 -0.08044811 0.2121072 -0.5428026 0.8214214 -0.16354342 -0.46255738 -0.31221732 0.43597734 -0.39736745 -0.32572562 0.05772155 0.103840284 -0.44864225 -0.08538866 -0.042586915 -0.009332496 0.6046532 0.39537644 0.862292 0.28746948 -0.78755045 0.27044135 0.013868635 -0.19022724 0.08128867 0.05538759 -0.0034004822 -0.07994079 -0.26848692
72 -0.8352974 -0.12743403 1.0134109 -0.6493635 -0.26884738 0.20469649 1.2330326 0.064983755 -0.069798246 0.17064969 1.0516641 -0.6680114 0.1540188 -0.5906438 0.1305173 0.616205 0.31240156 0.11476627 0.33130357 0.19718355 0.908381 -0.3381421 0.36710194 1.2186792 0.6053084 0.35788107 -0.34383625 0.120734476 -0.72503465 -0.20124388 -0.41405082 -0.11840711
73 0.12558126 -0.6124301 -0.26128685 -0.09178486 0.21274726 -0.56020457 0.9233151 -0.19159916 -0.44149378 -0.30595407 0.38000563 -0.45577025 -0.25615802 -0.010812003 0.12545606 -0.39949274 -0.06737784 0.03475538 0.03375439 0.35147983 0.31685755 0.9320258 0.18518443 -0.762753 0.22955531 -0.17073154 -0.2535349 0.18515043 0.16340968 0.107178465 -0.073094055 -0.12708919
74 -0.39964813 -0.3442463 0.7146605 0.1370957 -0.19148034 -0.27935523 -0.37150458 0.10574548 0.4940195 0.10127266 -0.30918124 -0.29887104 0.44829065 -0.8638631 -0.5263397 -0.22997221 -0.133026 0.45378226 0.06726074 0.39899534 0.28875428 0.4773456 1.2518305 0.32527485 -0.05662591 0.77073514 -1.1623367 0.2698584 0.38079113 -0.94774705 0.08135123 0.4561251
75 -0.37176403 -0.3762963 0.6664256 0.05256407 -0.20919551 -0.2921858 -0.43007132 0.22021331 0.42322075 0.06065512 -0.41148424 -0.372217 0.5492048 -0.9025893 -0.39244434 -0.21629769 0.0059358254 0.58860266 -0.03221809 0.5657752 0.44582495 0.35728973 1.1599307 0.41490397 -0.022189014 0.65493494 -1.0968642 0.66482913 0.3994106 -0.6425783 -0.03566737 0.47141898
76 0.1541129 -0.6264463 -0.36905822 -0.047112394 0.1813734 -0.50300705 0.9438709 -0.05925209 -0.47646037 -0.30316544 0.4995858 -0.20172088 -0.3487785 0.009071416 0.03344402 -0.24391744 -0.02107619 0.0076092924 0.12889744 0.49235415 0.4605829 0.9403784 0.20510556 -0.8416372 0.25011188 -0.11770552 -0.28784633 0.10660134 0.11417674 -0.05077063 -0.0106391935 -0.14431015
77 -0.45576906 -0.45170525 0.70310205 0.0832749 -0.2484397 -0.33222422 -0.3974338 0.08504023 0.43192568 0.14790225 -0.34684277 -0.4626289 0.62456113 -1.0109195 -0.44853324 -0.24070671 -0.026659781 0.58673257 -0.045070212 0.384196 0.24669874 0.4316507 1.1317003 0.28052223 -0.09697628 0.64440465 -1.0744041 0.41147777 0.41822296 -0.79929227 -0.050755057 0.36876366
78 0.12344791 -0.61836946 -0.2946323 -0.055326626 0.24776624 -0.60989773 0.89607865 -0.19535609 -0.41997668 -0.46014917 0.42865703 -0.41315964 -0.31020626 0.0406131 0.09563655 -0.55236197 -0.16490187 0.057714585 0.0424059 0.36839196 0.35679334 0.8625599 0.28505963 -0.7568406 0.2394857 -0.00873634 -0.16401303 0.030643657 0.15250541 -0.15598822 -0.09233006 -0.28823057
79 -0.674643 -0.17914885 1.1926857 -0.65751666 -0.14511159 0.22982143 1.1311104 0.021047896 0.08855648 0.16683803 0.99903136 -0.7859014 0.2571843 -0.471719 0.011108882 0.49815217 0.22955172 0.1357286 0.21912785 0.015058017 0.83182985 -0.2247537 0.4280892 1.1695378 0.43840474 0.30958313 -0.31159326 0.021479981 -0.65684843 -0.19079657 -0.5171659 -0.24627547
80 -0.2439359 -0.42284152 0.5985378 0.0364491 -0.3315802 -0.19873483 -0.36032653 0.14709705 0.31561723 0.24859452 -0.3618063 -0.39444587 0.2935013 -1.0628599 -0.33617672 -0.01214971 0.2535195 0.59200233 -0.022574611 0.21596563 0.42249426 0.48000357 1.1008337 0.37014124 -0.064011194 0.36460817 -1.2213255 0.6682037 0.326059 -0.642954 0.103658125 0.46414277
81 0.18393272 -0.64926034 -0.3385446 -0.07447275 0.18344605 -0.49766716 0.8551364 -0.1222905 -0.36014527 -0.3301945 0.4072914 -0.35889524 -0.47132522 0.14716977 0.10279333 -0.25849274 -0.11146974 -0.039428886 0.097309604 0.47799426 0.3948603 0.85675615 0.30842912 -0.7546481 0.3284429 -0.027348641 -0.25143027 0.035339966 0.17678827 -0.0619922 -0.045672547 -0.26453978
82 -0.27461725 -0.4718252 0.54168683 0.02773179 -0.2981194 -0.26460165 -0.40106344 0.14375277 0.39420494 0.13961786 -0.36744887 -0.42962343 0.25774884 -1.1061264 -0.29453397 0.048184812 0.12560701 0.60548735 0.06008146 0.2918783 0.4124987 0.39590985 1.0759952 0.3479379 -0.0017240904 0.36341974 -1.1939923 0.6499547 0.44189578 -0.60045147 0.12587723 0.46475205
83 -0.7800765 -0.12323901 1.1260643 -0.59404254 -0.25959918 0.20185535 1.2699214 -0.04556926 -0.063170575 0.28884175 0.93021566 -0.7631723 0.11963853 -0.59671783 0.004343425 0.47937703 0.28064317 0.15797685 0.21790013 -0.22514541 0.63580716 -0.22023958 0.4779402 1.2308209 0.53004676 0.30189678 -0.4308706 -0.08886042 -0.65474105 -0.29931468 -0.5420259 -0.060010444
84 -0.45966178 -0.49553025 0.35150722 -0.1827978 0.21814635 0.26681492 0.5455729 0.57272905 0.11333007 0.45436558 0.36783308 -0.95653176 0.62802476 -0.42623088 -0.27093697 0.8176748 0.33473766 0.2844272 -0.07908142 -0.0037955875 0.46629667 0.12367396 0.65061635 1.0846136 0.58586574 -0.0015119923 -0.32730335 -0.29123116 -0.086495124 0.103904635 -0.6113193 0.5702551
85 0.15854768 -0.5850851 -0.2982725 -0.08746048 0.208527 -0.5799102 0.8201221 -0.12946142 -0.48277763 -0.30018312 0.38942185 -0.51593536 -0.28196257 0.09697146 0.102385916 -0.35287026 -0.1585643 0.06679193 0.0145629505 0.59349906 0.38951966 0.954728 0.17896233 -0.7220143 0.30631724 -0.015879018 -0.09662539 0.09785204 0.18330422 -0.030004993 -0.0938419 -0.3315967
86 0.12485935 -0.6213488 -0.29961693 -0.034938257 0.18925717 -0.50470096 0.8900571 -0.08878891 -0.45877343 -0.3052659 0.4565036 -0.31348735 -0.31838128 0.048185144 0.05722606 -0.34048364 -0.0986011 -0.02592948 0.10321719 0.527118 0.3601609 0.8909587 0.21149452 -0.8341005 0.19070758 -0.0068364777 -0.2635608 0.14061233 0.13491258 -0.034860037 -0.012626454 -0.11734886
87 -0.021490527 -0.48321676 0.5761005 -0.09233863 0.22546586 0.20613033 0.2909054 0.6135517 0.2151698 0.37325686 0.08804112 -1.0826985 0.59416944 -0.12502417 -0.16261683 0.7363861 0.31577814 0.6234034 0.2514073 0.46485257 0.5728324 0.11054206 0.7437131 1.3324451 0.6963731 0.25889033 -0.053291053 -0.32819307 0.12230963 -0.3686766 -0.39339077 0.28020012
88 0.13316815 -0.6002041 -0.32683182 -0.040227924 0.15896846 -0.5671734 0.7460319 -0.123159885 -0.4863128 -0.280167 0.38673425 -0.3686323 -0.39874563 0.03330466 0.12123557 -0.33268034 -0.112353146 0.007908136 0.06623235 0.5498233 0.42492095 0.9148175 0.16945833 -0.7123703 0.3455263 0.026989602 -0.16690166 0.079356365 0.1875614 -0.12458632 -0.084987044 -0.2724663
89 -0.31268835 -0.50744426 0.5947218 0.019883005 -0.3511429 -0.26115763 -0.26702905 0.075194836 0.35521123 0.16232714 -0.37728414 -0.4234978 0.24434458 -1.1117866 -0.20212992 -0.065414205 0.30238718 0.6937753 0.059954427 0.18163238 0.35174254 0.32466993 0.9581464 0.3785981 -0.123000056 0.3404636 -1.1972687 0.5591439 0.44245 -0.6820358 0.1327053 0.50644207
90 0.075162835 -0.6063532 0.4084244 0.118449084 0.2949068 -0.019971102 0.20904957 0.71443677 0.32766345 0.2966647 0.027666677 -0.916482 0.55471724 -0.22613834 -0.14983554 0.24644057 0.56155777 0.85903895 0.11243945 0.025727794 0.6568162 0.12811434 0.6909751 1.047291 0.047288362 0.21439013 -0.4415958 -0.36265787 0.33911616 -0.39441925 -0.034244183 0.60491264
91 -0.16369498 -0.4083624 0.5587454 -0.021875584 -0.3852175 -0.27607116 -0.34742236 0.028776925 0.28926858 0.25002754 -0.35183862 -0.4980123 0.23045453 -1.1246613 -0.21009538 -0.011256802 0.30211586 0.57697254 -0.039418485 0.13117374 0.46955752 0.40350842 1.0453901 0.3619243 -0.040161587 0.37020534 -1.2422168 0.65172136 0.4182687 -0.579372 0.15573043 0.496603
92 0.20349051 -0.5298255 -0.32924438 -0.07374165 0.21321712 -0.5995024 0.86080575 -0.15659276 -0.48865888 -0.33283275 0.44834748 -0.37640956 -0.26151863 -0.009008448 0.05943303 -0.4360809 -0.08053384 0.000414701 0.020928534 0.3470503 0.4805991 0.87769073 0.22539446 -0.8139919 0.24740526 0.00968141 -0.20025478 -0.021524575 0.14474782 -0.069358006 -0.09932463 -0.16788754
93 -0.11619353 -0.43830502 0.60139835 0.057856616 -0.3831857 -0.2759949 -0.33415714 0.12764694 0.414929 0.11408803 -0.3860629 -0.43200764 0.29249027 -1.0473459 -0.27023056 0.059839945 0.26255226 0.5590189 0.07915749 0.22449987 0.47202986 0.38981998 1.0705513 0.2955614 -0.05999795 0.4563264 -1.1894349 0.54891783 0.43486434 -0.6078621 0.20968343 0.64154035
94 0.110788755 -0.6438893 -0.23922116 0.013665636 0.14392167 -0.5075832 0.8493418 -0.07775095 -0.35844046 -0.32966143 0.45880604 -0.30993176 -0.38677162 0.009911653 0.13161461 -0.35828197 -0.121075176 0.03652578 0.1623924 0.38459185 0.50233436 0.8371968 0.15685223 -0.7642415 0.28447863 0.03502383 -0.21016076 0.01872811 0.17780578 -0.053212214 -0.08000853 -0.26427856
95 0.090332426 -0.5608964 -0.39058855 0.0073289787 0.13247184 -0.53043437 0.8834807 -0.1897298 -0.45599344 -0.29740825 0.42832062 -0.3617462 -0.40325388 -0.030084979 0.15597545 -0.3882529 -0.101046704 -0.043896742 0.08763798 0.41570416 0.46913937 0.8459366 0.17423496 -0.75880337 0.243501 -0.01457992 -0.2848143 0.021714933 0.118742056 -0.09115437 -0.0146451015 -0.10347835
96 0.053327706 -0.5214146 -0.3819117 -0.07332724 0.14806435 -0.5457138 0.89391345 -0.18823938 -0.38116795 -0.3421981 0.45242143 -0.29582167 -0.31617928 0.022837242 0.07162669 -0.40570897 -0.06821383 -0.091168106 0.03946614 0.48870468 0.38030827 0.84178156 0.30358046 -0.76060706 0.2586875 -0.054531317 -0.3343405 0.097503684 0.1563615 -0.048278943 -0.03018132 -0.10939245
97 -0.8860079 -0.057553355 0.91520864 -0.7081052 -0.24179256 0.120954506 1.3011364 0.17805424 -0.17345467 0.14672647 1.3071431 -0.42596138 0.059070803 -0.70284486 0.07171976 0.3448513 0.49003407 0.16939294 0.24555793 0.29892734 0.98683184 -0.4496434 0.41981182 1.367339 0.48335442 0.48930764 -0.40663767 0.057516042 -0.7573644 -0.46070653 -0.19170478 -0.22435571
98 0.14253366 -0.6347015 -0.36578807 -0.17023839 0.21829475 -0.57481056 0.81913126 -0.1491642 -0.49222776 -0.3419998 0.4388689 -0.36344624 -0.21462654 -0.022258136 0.07458525 -0.38933688 -0.08441042 0.04590671 -0.016524317 0.40334818 0.4794065 0.8903118 0.20935774 -0.72548413 0.2684571 -0.03008281 -0.21736407 0.13918234 0.14732802 0.06980319 -0.049048323 -0.23133506
99 -0.18231694 -0.4308454 0.5241024 -0.009407365 -0.339984 -0.32903203 -0.31831846 0.1473698 0.3220857 0.13224438 -0.4288683 -0.41628492 0.33016455 -1.0675619 -0.16938287 -0.05350382 0.2503932 0.6526561 0.027839866 0.34820393 0.3591154 0.34235606 1.0959674 0.40867224 -0.050266862 0.47368467 -1.0887724 0.5978011 0.51838094 -0.7248392 0.23288466 0.47429997
100 -0.26605013 -0.49039596 0.5523327 0.0025582958 -0.31632602 -0.29564467 -0.40908062 0.04478373 0.2711881 0.22503176 -0.3877935 -0.5134819 0.31618872 -1.1288177 -0.25404486 0.033450287 0.2388147 0.537704 -0.078983836 0.19689456 0.4449222 0.3729789 1.0589541 0.32149187 -0.028834058 0.33261764 -1.234722 0.6947063 0.3346476 -0.5555979 0.15292801 0.4488294
101 0.15562901 -0.62837684 -0.30758998 -0.08277984 0.21073847 -0.5650525 0.8250463 -0.06301158 -0.39036 -0.34572396 0.39359155 -0.360727 -0.229919 0.08768949 0.12797126 -0.4641574 -0.12257251 0.077143826 0.0016398808 0.44925845 0.41543424 0.95580333 0.19352792 -0.73621815 0.21413317 -0.020428812 -0.26819676 0.2205828 0.14530237 0.063232206 0.013229696 -0.24222387
102 -0.2953586 -0.4906362 0.40849543 -0.13416962 0.34635374 0.23545197 0.32825413 0.53198487 0.37333238 0.2635421 0.23651288 -1.204667 0.71875554 -0.23949534 -0.20637688 0.7128291 0.31874645 0.5493933 0.36166364 0.31352574 0.4947555 0.09876595 0.7269925 1.2636229 0.63747627 0.21558137 -0.27909955 -0.46038488 0.17076439 -0.28793594 -0.34457895 0.47231436
103 0.19297554 -0.5083797 -0.295448 -0.09600012 0.20792085 -0.6157866 0.9447365 -0.10355335 -0.4130685 -0.38398424 0.51307696 -0.33867726 -0.34816885 0.07217852 0.19931324 -0.4776417 -0.09276928 0.071300425 0.09675751 0.34600896 0.4721592 0.8417851 0.22366214 -0.7829008 0.20047618 0.00545527 -0.23173971 0.09157347 0.16383854 -0.13008648 0.015942236 -0.223884
104 -0.15674412 -0.5104834 0.70519894 0.01473842 -0.4025283 -0.256855 -0.35892242 0.11399805 0.29062212 0.22737747 -0.34093153 -0.46096292 0.30547562 -1.0503844 -0.24311383 0.02884588 0.31160274 0.6288202 -0.07088512 0.055088874 0.5433407 0.4789671 0.94106805 0.29761207 -0.14942959 0.4494326 -1.2491156 0.6634697 0.2847647 -0.528171 0.1710327 0.5012416
105 0.08927612 -0.57655144 -0.41979745 -0.081540614 0.20761302 -0.5615844 0.8121068 -0.10840283 -0.4133575 -0.29738495 0.45675373 -0.34812066 -0.32429454 0.0018610642 0.1231161 -0.37933072 -0.16696349 0.043789275 0.051318772 0.42084843 0.4930978 0.8492531 0.18505242 -0.668498 0.2908679 -0.077576995 -0.23163499 0.14369875 0.17424788 0.032650925 -0.053092822 -0.19125454
106 0.14787768 -0.5236476 -0.2867265 -0.13971506 0.07240082 -0.57772577 0.7949086 -0.19479352 -0.4721711 -0.35645962 0.42093313 -0.37953982 -0.38987663 0.054854374 0.09443165 -0.38494965 -0.14929545 -0.06830229 -0.034017783 0.46382928 0.45598173 0.8838531 0.33568996 -0.77629614 0.3352006 0.03521058 -0.17089349 0.10250238 0.14354242 -0.03631168 -0.15015277 -0.26398158
107 0.06570768 -0.5287121 -0.3390457 -0.075590715 0.2159437 -0.5768311 0.8289869 -0.1333368 -0.4268513 -0.368066 0.4650853 -0.34969816 -0.20050798 0.009157822 0.17964832 -0.5746841 -0.12353177 0.16735815 -0.036519445 0.3503313 0.39721102 0.8137603 0.12819442 -0.6376494 0.16900098 0.016401129 -0.24031045 0.201507 0.17746502 -0.008374146 -0.050226383 -0.27743182
108 0.0019171577 -0.55685866 0.4367828 0.1682871 0.31227908 -0.16732726 0.22314836 0.6688881 0.35776153 0.32192653 -0.0696274 -0.9164485 0.6187141 -0.27281827 -0.08764576 0.14030987 0.4800728 0.8932269 0.21067229 -0.0015853452 0.70500547 0.119985886 0.7044354 1.0757916 -0.07442821 0.31466568 -0.64826953 -0.30436584 0.22220588 -0.324314 0.13172637 0.6675201
109 -0.25100744 -0.42863238 0.30183256 -0.045841042 0.33506012 0.16517107 0.3014058 0.5850817 0.2646552 0.3874364 0.17619993 -1.0813872 0.60847086 -0.19208086 -0.24957097 0.70982337 0.18429863 0.42344987 0.22964588 0.3258828 0.58296186 0.16482311 0.7768719 1.3331231 0.73361146 0.15907447 -0.22279148 -0.532909 0.05882092 -0.2894986 -0.3531182 0.37141943
110 -0.13546084 -0.37222758 0.5858057 0.04786736 -0.38762003 -0.24722199 -0.38953942 0.14012618 0.3300471 0.22370154 -0.41333288 -0.29304105 0.24839942 -0.9787406 -0.27658427 0.043948404 0.20066465 0.5971059 0.0064256233 0.35393438 0.5057999 0.5439351 1.1666751 0.34385192 -0.012435008 0.4866512 -1.1565495 0.601223 0.37420845 -0.71693283 0.2377546 0.38063505
111 -0.23927876 -0.44912574 0.4906278 0.013927965 -0.3018056 -0.2907398 -0.30422455 0.21396056 0.3901973 0.16626512 -0.32023162 -0.39930072 0.2464656 -1.0156201 -0.31791213 -0.06275613 0.26907733 0.62906873 0.016354745 0.24995649 0.3277425 0.35907564 1.1147956 0.43052176 -0.024108855 0.35912257 -1.1609362 0.5503096 0.4800529 -0.66543126 0.030911937 0.54478055
112 -0.20679253 -0.46597895 0.5703668 0.09013673 -0.34012768 -0.2985875 -0.3839479 0.06040838 0.29753694 0.22445393 -0.31056872 -0.3448575 0.3642541 -1.1120727 -0.323953 0.003085661 0.293326 0.53165776 0.021087475 0.2278188 0.50465244 0.47695628 1.0623965 0.22720152 -0.12968977 0.38679275 -1.3160391 0.6188739 0.34595087 -0.5922486 0.20637685 0.5703731
113 -0.06964831 -0.47830582 0.39013994 0.0932489 0.27321675 -0.10796798 0.23468333 0.6035297 0.24213357 0.39530987 -0.10315164 -1.0226858 0.6547517 -0.29254913 -0.023060946 -0.10200777 0.49182048 0.9078479 -0.006487204 0.021757528 0.54695493 0.13308765 0.7467251 1.318385 0.021618523 0.25519466 -0.48810673 -0.11115742 0.30751216 -0.1986289 -0.101791896 0.65376997
114 0.018955441 -0.5498037 0.49160329 0.20434159 0.29669052 -0.044022284 0.24907304 0.67029876 0.3199258 0.3237008 -0.012872921 -0.76948994 0.6044724 -0.1746105 -0.18173906 0.20851575 0.56821203 0.7892233 0.17610617 0.15610428 0.6412495 0.078717805 0.69471985 0.97272116 -0.057962857 0.330554 -0.42242897 -0.30920234 0.27802125 -0.40954217 0.033428643 0.69738173
115 -0.7971992 -0.35306725 0.9976546 -0.7203943 -0.39773288 -0.07558072 1.1980273 0.46963024 -0.30880433 0.2781553 1.2646376 -0.45811477 -0.0059425933 -0.8206574 0.20228858 0.5141496 0.6778609 0.2686886 0.12283715 0.00212376 1.0395522 -0.22479594 0.15598692 1.1651359 0.56692106 0.55338085 -0.16157949 -0.038686987 -0.907577 -0.47108653 -0.111809105 -0.63336176
116 -0.29102814 -0.49482077 0.3141017 -0.15967979 0.39021143 0.13704164 0.39632878 0.7920637 0.38520494 0.28297487 0.36129883 -0.8885362 0.6798344 -0.18651307 -0.19006664 0.6816288 0.33723345 0.5648535 0.31482983 0.28396326 0.6592227 -0.046220485 0.7412386 1.3176461 0.5665881 0.22251132 -0.33389977 -0.4765292 0.029969351 -0.23423775 -0.25306082 0.39083335
117 0.12631181 -0.5560305 -0.3338594 -0.12930815 0.12998031 -0.52675295 0.8893406 -0.050000586 -0.45448422 -0.2984335 0.41996753 -0.15087587 -0.43966854 0.05033556 0.08516064 -0.37265524 -0.06979018 0.014695644 0.09270522 0.47164217 0.4619685 0.9284189 0.30675107 -0.7190771 0.3371885 -0.014900081 -0.229783 0.0691271 0.16788647 -0.153011 0.00030515174 -0.21901758
118 -0.7430003 -0.3814038 0.54222757 -0.3694176 0.06390654 0.36754975 1.0608336 0.24959467 0.21124408 0.3387037 0.8455018 -0.84876835 0.2246831 -0.50378066 -0.14939865 0.6772149 0.42531848 0.20106766 0.20927414 -0.27485016 0.51664674 -0.10927415 0.59312147 1.2099566 0.59721243 -0.117547095 -0.6290137 -0.35925862 -0.34832874 0.061730962 -0.61325663 0.43055582
119 0.1183377 -0.5259125 -0.33264777 -0.06272068 0.22245422 -0.55641156 0.96174395 -0.21711954 -0.4300453 -0.33188474 0.45912156 -0.3327272 -0.3394239 0.0943321 0.12803224 -0.49521494 -0.1294522 -0.020047389 0.11680816 0.43380266 0.41497725 0.8327148 0.22787398 -0.6945131 0.24824104 -0.017397415 -0.29755732 0.06291599 0.13109073 -0.052918766 -0.011091769 -0.1076445
120 0.15687165 -0.5756385 -0.23694819 -0.053598166 0.16105777 -0.5282576 0.77212733 -0.20009537 -0.34978557 -0.3450824 0.41268378 -0.39569855 -0.40625668 0.0906311 0.07323072 -0.35920244 -0.121967584 -0.023352088 0.068889864 0.39833194 0.42258662 0.8784312 0.27570498 -0.77262604 0.2779603 0.021324966 -0.26086956 0.014494499 0.09135882 -0.15642706 -0.05816179 -0.26875892
121 0.10117182 -0.67401576 -0.25480345 -0.11382095 0.18541136 -0.53380847 0.85316205 -0.20483294 -0.38686016 -0.35888 0.47959176 -0.6103432 -0.28301248 -0.002394321 0.101573944 -0.40034634 -0.103738345 -0.051855214 0.07016077 0.32031846 0.3660344 0.8738683 0.12098707 -0.79008174 0.32203674 -0.05033859 -0.19906878 0.08550574 0.047883023 0.10185645 -0.15721253 -0.21975812
122 0.07566654 -0.5386756 -0.37896532 -0.047362763 0.1906466 -0.64863616 0.6845786 -0.15474162 -0.42812523 -0.3708597 0.42019495 -0.3654804 -0.21581252 -0.017743139 0.04681071 -0.5462236 -0.22403787 -0.03297323 0.041856907 0.5430439 0.46748963 0.7845554 0.24722321 -0.7552692 0.25858095 0.19088152 -0.16788818 0.004509656 0.1337717 -0.14619617 -0.019713217 -0.30683553
123 -0.30677652 -0.5998781 0.59926796 0.023797903 -0.41903412 -0.25668198 -0.3095192 0.08440462 0.38111323 0.08502891 -0.35214353 -0.5186506 0.35583344 -1.1997979 -0.31998432 -0.016700752 0.36126468 0.57629746 -0.033237003 0.19203961 0.31814638 0.33367297 0.970969 0.31585166 -0.063851945 0.39572394 -1.1139913 0.6615823 0.37228647 -0.57815665 0.03840978 0.47496113
124 0.09317242 -0.6402711 -0.24389303 -0.055955745 0.100571945 -0.6434679 0.79777986 -0.20189491 -0.46571532 -0.39049366 0.48053268 -0.4943318 -0.30643132 -0.006333594 0.15164378 -0.57108474 -0.16136244 -0.01705396 0.035957817 0.30390206 0.45607692 0.8440621 0.12671778 -0.7622466 0.2279056 0.08475622 -0.16092242 0.02838742 0.097632684 -0.08883437 -0.14814079 -0.2832566
125 -0.85852444 -0.18403035 0.8967013 -0.69290674 -0.23729606 0.15681116 1.3144561 0.13300507 -0.15570793 0.2406262 1.2444102 -0.5750571 0.07501582 -0.8540351 0.051151946 0.647519 0.48067394 -0.014854417 0.23499413 0.04769799 0.9109574 -0.27990928 0.30213225 1.1969796 0.6471761 0.4213376 -0.40977255 -0.14211647 -0.74620664 -0.30380365 -0.267824 -0.12518373
126 0.05126972 -0.6420556 0.62131524 0.04500802 0.09008835 -0.21721877 0.05025287 0.505274 0.3048346 0.2661385 -0.37925467 -1.1847577 0.6467717 -0.26483688 0.0088252425 -0.23580404 0.3872972 0.88854563 -0.06741967 -0.18632115 0.62396073 0.20558985 0.8284329 1.1270446 -0.16130067 0.5362659 -0.5721192 -0.13793206 0.26266783 -0.3364684 -0.008020065 0.59405184
127 0.15559156 -0.68390054 -0.34981126 -0.0746867 0.17568423 -0.55672634 0.82190216 -0.10684809 -0.39845204 -0.2839446 0.32136127 -0.46618277 -0.4066831 0.10238795 0.12923671 -0.30794033 -0.14395417 0.10657899 0.08476475 0.4873871 0.33365428 0.876872 0.21000935 -0.71866006 0.30539522 -0.028614953 -0.2190813 0.09702309 0.14424655 -0.02131767 -0.031283505 -0.38542497
128 -0.2172484 -0.36420676 0.61437994 0.033246525 -0.41795367 -0.23660272 -0.25930834 0.1834655 0.3223899 0.31972414 -0.3425839 -0.25849602 0.07558946 -0.96939456 -0.204753 -0.053827323 0.23156042 0.58674014 0.016771303 0.16826311 0.46376705 0.44961166 1.1056808 0.39365977 -0.094840184 0.36885375 -1.2452968 0.58550674 0.40551904 -0.6868289 0.19225414 0.48606664
129 -0.15236689 -0.47382504 0.4240461 -0.01952069 -0.35951546 -0.22905916 -0.35828632 0.09305691 0.29020876 0.27890822 -0.41576055 -0.4858889 0.12424865 -1.0831714 -0.20167328 0.02341037 0.36971143 0.63482964 -0.031430595 0.12401199 0.45662075 0.41771495 1.0763725 0.38413885 -0.043788582 0.23793875 -1.2938039 0.6299295 0.4104878 -0.5075016 0.2242885 0.49325782
130 -0.8580434 -0.26615736 0.53379816 -0.41580513 0.044940248 0.35458598 1.0407659 0.14161436 0.12284499 0.44966665 0.78049856 -0.629408 0.14865899 -0.46560967 -0.07348771 0.7381543 0.17688245 0.24870165 0.32737467 -0.06795416 0.46409374 -0.098585345 0.6315636 1.373349 0.69679224 -0.12424249 -0.6721407 -0.20838152 -0.27508354 0.081227005 -0.53334206 0.48627725
131 -0.7764891 -0.28744128 0.86836 -0.71929204 -0.08811504 0.2751874 1.1816813 -0.010209677 -0.08840338 0.30095232 0.9734649 -0.74412704 0.11045697 -0.6629792 -0.047958896 0.58095866 0.3413381 0.17834675 0.22824338 -0.10929102 0.66989845 -0.16992648 0.41518378 1.3462504 0.6449403 0.16958469 -0.4435535 -0.09037571 -0.5611879 -0.19461742 -0.46404344 -0.108082816
132 -0.20108795 -0.50088006 0.64013046 -0.02626022 -0.37876326 -0.27103785 -0.4153256 -0.053511415 0.31677738 0.17957976 -0.44721276 -0.57268125 0.35898164 -1.107018 -0.32094884 -0.053482577 0.27186987 0.5830559 -0.13275887 0.17126624 0.31468984 0.41540506 1.0411967 0.2785775 -0.0675051 0.4318064 -1.1578206 0.61315596 0.36010492 -0.5688075 0.11264589 0.3788752
133 0.22368671 -0.6731777 -0.28861067 -0.030058527 0.21164873 -0.55187297 0.83771163 -0.22220112 -0.4650575 -0.3185687 0.3857199 -0.437922 -0.40205118 -0.035444837 0.086429484 -0.4069665 -0.0030599658 -0.0051506003 0.052172776 0.3007979 0.4991303 0.8699331 0.14713627 -0.748147 0.2631091 -0.020160807 -0.27671024 0.014228061 0.09614761 -0.023236513 -0.06139572 -0.16846973
134 -0.14903565 -0.5647987 0.36716717 -0.08065317 0.32462087 0.26277658 0.22437198 0.7094824 0.38283607 0.39769492 0.078065135 -1.0206858 0.5497716 -0.13005733 -0.19242714 0.8768906 0.099093996 0.54076827 0.31555465 0.3236946 0.5671118 0.17629103 0.8348198 1.2376134 0.76695544 0.10487185 -0.21018466 -0.45457062 0.17469686 -0.3691639 -0.36614567 0.26661083
135 -0.88285273 -0.16636431 0.8839439 -0.7013893 -0.18544847 0.2320244 1.1948044 0.10212274 -0.37685534 0.18667285 1.4256996 -0.2845517 0.21765135 -0.9654141 -0.18045996 0.6951109 0.5322342 0.10338233 0.06838164 0.46860978 0.9962426 -0.20371054 0.24715191 1.1485684 0.62177837 0.44161427 -0.30744338 0.10177081 -0.7492328 -0.5188026 -0.35527816 -0.2928199
136 0.08000863 -0.6048891 -0.36966762 -0.12286077 0.18165314 -0.5743906 0.8689431 -0.2737432 -0.375498 -0.40886006 0.49783006 -0.5419458 -0.4152416 0.09702655 0.18521479 -0.5533474 -0.17212144 -0.038814783 0.17086846 0.36804026 0.34293294 0.7780965 0.23644222 -0.7242484 0.27051023 -0.014356409 -0.28707594 0.024906578 0.10683194 -0.0033947949 -0.0932259 -0.18788774
137 0.09242904 -0.5724297 -0.34388018 -0.015720448 0.25170794 -0.5167733 0.96168035 -0.17050104 -0.49395663 -0.26298678 0.45630872 -0.34289604 -0.28132024 -0.023898738 0.07555074 -0.48248497 -0.11729843 0.09820253 0.110168375 0.40649682 0.2743501 0.89387035 0.17991048 -0.67509663 0.21777432 -0.14068738 -0.2498432 0.06762402 0.19596401 -0.029940216 -0.08515107 -0.13468689
138 0.25437295 -0.6080229 -0.23864944 -0.16386504 0.11023 -0.5502845 0.881295 -0.16603602 -0.3503385 -0.38021046 0.47361523 -0.43241903 -0.3191067 0.04940709 0.09407607 -0.27778158 -0.075457826 0.011668749 0.07387198 0.3709289 0.4263877 0.8806913 0.26874852 -0.8804449 0.31632146 -0.04849884 -0.19890147 0.03468839 0.19301665 -0.017420234 -0.068686575 -0.25418028
139 0.11267006 -0.5751347 -0.3371147 -0.13263702 0.15804064 -0.59989786 0.8821939 -0.18899633 -0.4070403 -0.34957096 0.47550625 -0.38917726 -0.32785806 0.054476913 0.15039387 -0.47385454 -0.108951695 0.001559104 0.04423096 0.4248048 0.45537794 0.8975759 0.17334077 -0.6773732 0.26855904 -0.015382002 -0.1974181 0.10974851 0.10031443 -0.05419356 -0.039890826 -0.22444454
140 0.09243778 -0.62553257 -0.33184266 -0.08376418 0.19738767 -0.59745413 0.96444863 -0.2434134 -0.4189739 -0.3537341 0.4031227 -0.46301526 -0.28509852 0.07220489 0.08932984 -0.49065766 -0.22989726 -0.02586528 0.11969032 0.32594544 0.3643699 0.8990428 0.20870703 -0.7297762 0.26717508 -0.000673812 -0.23615554 0.08357701 0.13782056 0.07328968 -0.11156062 -0.1446772
141 -0.15624307 -0.43112284 0.5330692 0.046137642 -0.33412093 -0.25437078 -0.28493935 0.29566488 0.36474925 0.22526382 -0.3373466 -0.30556142 0.34188762 -0.96133554 -0.25900626 0.0061755436 0.3086098 0.73667365 0.052270625 0.33551237 0.4750512 0.4207179 1.0759038 0.41600662 -0.074298635 0.39245608 -1.164541 0.7224616 0.48475727 -0.53708935 0.14889675 0.6080533
142 0.16303183 -0.5914554 -0.299727 -0.12734367 0.1480708 -0.5441613 0.8407639 -0.16961573 -0.42533877 -0.38707498 0.42705786 -0.33923572 -0.28838894 0.014259573 0.16396561 -0.38791758 -0.17750147 0.037533473 0.08042179 0.38122284 0.4592898 0.8568534 0.2080394 -0.7268851 0.28260905 -0.08266468 -0.2127245 0.19428506 0.16383222 0.05738441 -0.109661564 -0.22308545
143 0.04248078 -0.6753756 -0.35812527 -0.09459711 0.18875395 -0.5363931 0.7760937 -0.12912396 -0.40247208 -0.28797805 0.46535203 -0.30022043 -0.35046306 0.015237789 0.12950434 -0.3780036 -0.20144162 0.061392847 0.10427089 0.4729983 0.42965007 0.826582 0.19048183 -0.68886465 0.31600028 -0.14713977 -0.28731388 0.14766985 0.14944349 0.11430396 -0.08430532 -0.2490111
144 0.07761603 -0.6498876 -0.2578384 -0.0908696 0.1432513 -0.5485423 0.7476571 -0.23609921 -0.38670713 -0.48635203 0.3895306 -0.36174577 -0.27149194 0.0074646813 0.07873506 -0.4155431 -0.13706772 -0.008508837 0.08850691 0.58990717 0.3509928 0.8157156 0.18855421 -0.7344175 0.37862965 0.061190397 -0.18687044 0.086139314 0.20090629 -0.20085597 -0.040133815 -0.3050448
145 0.14295809 -0.6603193 0.8274919 0.1525839 0.16267274 -0.053809576 0.16082196 0.62557316 0.29034802 0.41524625 -0.350149 -1.1071321 0.6929105 -0.03962202 -0.096577436 -0.24168651 0.30414003 1.0406902 0.03900285 -0.20555548 0.63662046 0.29567558 0.82992876 1.0276918 -0.30168563 0.43264958 -0.53970915 -0.07620447 0.22217543 -0.41376075 -0.26644382 0.6785986
146 0.1526344 -0.64984685 -0.19750151 -0.10504092 0.14703688 -0.5859866 0.8077113 -0.18850112 -0.46683967 -0.29778594 0.34100568 -0.47369832 -0.37583792 0.055480964 0.12662801 -0.44368994 -0.12639971 0.0742008 -0.03933663 0.37211406 0.4206519 0.9491349 0.15785691 -0.792815 0.20979087 0.026021369 -0.19822706 0.19498983 0.113253795 0.031768367 -0.10808849 -0.3824065
147 -0.73495907 -0.34520963 1.0887654 -0.68921363 -0.2338349 0.07089783 1.1651095 -0.03608349 -0.27851564 0.07379178 1.2202742 -0.86896 0.26746264 -0.94403076 0.049713563 0.59592223 0.6654604 0.12551717 0.09667572 0.024871647 0.9765112 -0.28474125 0.17389238 1.1665645 0.6055329 0.3840689 -0.21848702 -0.010224586 -0.8650578 -0.29273126 -0.36924568 -0.38429818
148 0.16802122 -0.5217783 -0.28496882 -0.009079292 0.18999994 -0.57890195 0.9016057 -0.31292605 -0.480713 -0.33544138 0.35405293 -0.36328518 -0.45239383 0.03519627 0.13742933 -0.43032062 -0.11105018 0.03870918 0.062240057 0.36958414 0.32226133 0.9022857 0.2463936 -0.69182587 0.27669394 -0.07687217 -0.29017496 0.13676517 0.16291876 -0.099784225 -0.013995967 -0.16895781
149 -0.22988547 -0.4661928 0.6051246 -0.0007554113 -0.36431748 -0.28188142 -0.26576665 0.16440336 0.33814195 0.14035971 -0.30940694 -0.46813625 0.3792232 -1.0162959 -0.2472019 -0.061756466 0.33413377 0.6537815 0.025684694 0.289984 0.394529 0.31714743 0.9763348 0.3501141 -0.13334194 0.453945 -1.143606 0.6311705 0.42545068 -0.55530506 0.101264805 0.5733367
150 0.12212337 -0.6104989 -0.3119074 -0.0808646 0.19937223 -0.6196498 0.8961527 -0.16946205 -0.4039209 -0.43722686 0.50891197 -0.4746638 -0.24416533 0.0244049 0.15242556 -0.46204126 -0.12129023 -0.020657353 0.13147768 0.35141397 0.36237767 0.84195364 0.17918478 -0.7745038 0.3075446 0.027270453 -0.13014401 0.025264429 0.16868734 -0.057219982 -0.09347711 -0.21856539
151 -0.10387775 -0.47428086 0.5974477 -0.0032464396 -0.2889979 -0.28297496 -0.38286445 0.18010059 0.37602496 0.18973477 -0.36150807 -0.4328827 0.43696344 -1.0287288 -0.27696276 0.086006135 0.2789299 0.6266723 0.026649974 0.32854915 0.5623898 0.42298818 1.0755388 0.3607523 -0.045372933 0.5321456 -1.1712798 0.5876271 0.44716138 -0.58766365 0.18862161 0.5306342
152 0.091099896 -0.5915992 -0.34356967 -0.14858636 0.17124374 -0.47726914 0.8246284 -0.14042684 -0.4142504 -0.25085905 0.43410546 -0.30478236 -0.27113673 0.005334413 0.052581955 -0.2828672 -0.087883554 0.011720911 0.021790411 0.4671919 0.3694079 0.9189271 0.26574907 -0.7288709 0.34572005 -0.09751339 -0.22287007 0.14488724 0.11251812 0.09434338 -0.0729906 -0.15939419
153 -0.22990564 -0.5047641 0.5795906 0.0266053 -0.3834973 -0.31726345 -0.35043037 0.1560078 0.35028404 0.16578616 -0.37253654 -0.4963485 0.2829706 -1.1156758 -0.2435595 -0.027342744 0.3227406 0.6719476 -0.055184 0.21807972 0.40720657 0.3984855 1.0079571 0.39268017 -0.10669401 0.39157283 -1.147414 0.5913685 0.40149608 -0.64302343 0.12364359 0.45173553
154 0.14486137 -0.5320966 -0.33656558 -0.0560181 0.15635869 -0.5579094 0.84596723 -0.14781481 -0.46590137 -0.30131143 0.3414256 -0.3192549 -0.3526194 0.01184772 0.10622833 -0.27946937 -0.13996291 0.018651238 0.06709063 0.41129506 0.43182847 0.9356794 0.21701387 -0.7520231 0.3479003 -0.030402461 -0.2103614 0.021868436 0.14155222 -0.09154649 -0.022130545 -0.25311503
155 -0.83566976 -0.2197435 1.0748961 -0.7510504 -0.40593827 0.043444533 1.2435151 0.2713701 -0.095578544 0.30471376 1.0886495 -0.69561374 -0.01993217 -0.6662974 0.21393004 0.45030525 0.3564376 0.09204948 0.256368 -0.019767338 0.94179416 -0.2557128 0.3916864 1.2876561 0.5732588 0.49069405 -0.34216526 -0.015881069 -0.8130485 -0.27956444 -0.2613052 -0.2984295
156 0.1618083 -0.56313473 0.5328714 0.21672633 0.21742024 -0.12481341 0.20500243 0.70965004 0.23188032 0.38286853 -0.23454536 -1.0077928 0.6257901 -0.05208338 -0.045672514 -0.19340445 0.49975052 0.8562531 -0.03256623 -0.14859837 0.67909604 0.2476366 0.7311805 1.0973413 -0.21554951 0.4218106 -0.48334774 -0.22662409 0.21744151 -0.3199207 -0.053008188 0.73512655
157 -0.19892329 -0.47806808 0.5541572 0.023227459 -0.33699346 -0.20415792 -0.2877683 0.15876006 0.3093807 0.27853376 -0.414233 -0.46369606 0.114366725 -0.94611686 -0.19228137 -0.0442662 0.3012818 0.66716814 0.049804106 0.113959715 0.40196314 0.37906268 1.0586435 0.47777453 -0.024020337 0.3241032 -1.1815463 0.50796086 0.3726079 -0.63708055 0.16574594 0.4335971
158 -0.79279864 -0.17377974 1.0610683 -0.7277835 -0.23465812 0.20271449 1.306825 0.18837002 -0.069576636 0.26661822 1.1533384 -0.6920427 0.15275422 -0.59932643 0.0845339 0.4733002 0.3590829 0.13067004 0.15097007 0.049158193 0.88071895 -0.22514956 0.389769 1.2308029 0.44978487 0.5182466 -0.3309846 -0.062357187 -0.78677005 -0.22616525 -0.3840161 -0.2963078
159 -0.11934244 -0.50495356 0.31086007 0.007482005 0.29885313 0.09811635 0.15661728 0.5198556 0.2701176 0.2626578 0.096003495 -1.1642362 0.61480844 -0.23812212 -0.10073558 0.55258113 0.17215374 0.50663084 0.306375 0.41312417 0.5796072 0.029763544 0.68248045 1.3473388 0.8465362 0.20151752 -0.1769547 -0.51742095 0.116758674 -0.35339105 -0.31092134 0.36594528
160 -0.17591539 -0.50135845 0.38034642 -0.07671679 0.44300002 0.10911466 0.24138294 0.5058114 0.27028915 0.28341416 0.15283991 -1.2363687 0.72372854 -0.18906166 -0.17734182 0.66029227 0.0964584 0.36993188 0.13007931 0.3426076 0.63068855 0.09399948 0.8288689 1.3452356 0.71477586 0.27264905 -0.08171831 -0.46182436 0.0662108 -0.29669276 -0.41945255 0.36392394
