1 0.35105497 -0.36895 0.0027992888 0.52247745 0.3724774 -0.4292796 0.93753445 0.23193844 -0.13142931 0.06692863 0.5142414 -0.2529702 -0.46615094 -0.03704135 -0.019244941 -0.24597557 -0.037919167 0.03570003 0.50282913 0.46443582 0.43844283 0.8755723 0.4922857 -0.41942754 0.3634483 -0.03275584 -0.38827795 0.29237437 -0.110177025 -0.05702346 -0.20292553 -0.061680928
2 0.23716874 -0.34425187 -0.031347614 0.46036705 0.39008275 -0.38969597 1.0296205 0.17448318 -0.18521279 0.14272141 0.5090925 -0.22774199 -0.406944 -0.15927783 -0.10338184 -0.20071131 -0.09317455 0.015161058 0.5924345 0.46431792 0.2965171 0.93878186 0.6107548 -0.36261705 0.37682924 -0.027283186 -0.47625133 0.35366714 -0.17912653 -0.07275739 -0.19834992 -0.2180155
3 0.43448573 -0.3085824 0.060367677 0.44998935 0.38541365 -0.3863351 0.9408007 0.2098146 -0.1057818 0.0010672427 0.45617065 -0.2674012 -0.3860471 -0.1573127 -0.10057085 -0.25620133 -0.06144595 0.0025782469 0.5350132 0.48786288 0.43100804 0.8461979 0.5482702 -0.34914425 0.3550844 -0.08433552 -0.35552862 0.2802443 -0.11114933 0.013830693 -0.19945237 -0.1317722
4 0.3214742 -0.29738188 0.051346485 0.38394213 0.35498008 -0.43193543 0.97683614 0.06369221 -0.14608471 0.09445808 0.50378084 -0.24113764 -0.39503092 -0.09003731 -0.037214756 -0.21183167 -0.05555675 0.03422171 0.5193657 0.47242486 0.39752984 0.9234549 0.5296075 -0.3203707 0.40494776 -0.021524433 -0.46457192 0.2867395 -0.1903243 -0.070529066 -0.14152597 -0.09002651
5 0.31508142 -0.45587996 -0.006862564 0.43223703 0.3409461 -0.522502 1.0094849 0.2569036 -0.16584778 0.14322734 0.4218722 -0.2617325 -0.41261372 -0.07335925 -0.09973306 -0.14412777 -0.002983979 0.07715153 0.53392506 0.50136405 0.33404365 0.91030276 0.4597354 -0.3531812 0.38690078 0.0022524612 -0.52103263 0.23928842 -0.19454166 -0.059454132 -0.060460147 -0.10338581
6 0.38968214 -0.22285199 0.007694034 0.44431868 0.42012903 -0.43393967 0.95775867 0.20198052 -0.204724 0.05211835 0.48576713 -0.21711408 -0.4353742 -0.1133088 -0.056495506 -0.24753262 -0.06832976 0.090130076 0.53129506 0.5034873 0.33117047 0.90538824 0.6004547 -0.3819913 0.3167413 -0.024671394 -0.4343837 0.24006282 -0.19707772 -0.028382994 -0.26803374 -0.12564324
7 0.2996707 -0.2930399 -0.01374929 0.35499138 0.3860063 -0.4455878 0.93594694 0.14713824 -0.1016997 0.09226917 0.55319124 -0.2729886 -0.44817653 -0.11809076 -0.07708237 -0.18167086 -0.05821908 0.10918026 0.59612226 0.47685128 0.2841945 0.8613107 0.5749786 -0.41647157 0.4063031 0.041606247 -0.50993824 0.272085 -0.16007204 -0.07966242 -0.16604659 -0.20668684
8 0.36608303 -0.44553742 0.0026323285 0.40984142 0.33655336 -0.56929046 1.06958 0.14522813 -0.12477005 0.15143673 0.47832432 -0.25942615 -0.3628667 -0.10694169 -0.042054906 -0.19855148 -0.07479578 0.07532503 0.4970436 0.42213833 0.31102756 0.94708014 0.5201707 -0.34154114 0.3357752 0.028523248 -0.50583285 0.33982077 -0.18263817 -0.049979784 -0.14854819 -0.019043613
9 0.3910499 -0.37810552 -0.07587562 0.41846123 0.31679103 -0.42350495 0.96674734 0.17466779 -0.14572738 0.057893135 0.5614541 -0.27439383 -0.34724626 -0.19462635 -0.089086555 -0.11850726 0.031342067 0.14614704 0.4394847 0.47543728 0.28353757 0.91427505 0.54501134 -0.36154163 0.3045073 -0.06144834 -0.4597801 0.23893839 -0.124604285 -0.045888066 -0.19267137 -0.22044685
10 0.5028283 -0.40462416 0.04505048 0.5099602 0.40245152 -0.36534098 0.95265925 0.10880682 -0.108645305 0.14726858 0.42289 -0.25991854 -0.56480587 -0.060079627 -0.01963342 -0.1830223 -0.11387562 -0.09572864 0.47722542 0.50164205 0.4022876 0.8676796 0.4998688 -0.43788034 0.41361246 0.02653836 -0.47484043 0.33089224 -0.13506031 -0.10196823 -0.1932597 -0.12856255
11 -0.5564141 -0.10609511 0.5557025 -0.40810508 -0.30420187 0.32248423 -0.51038265 0.20774426 0.09539264 0.26113388 -0.29817057 -0.71706057 -0.39329353 -0.6902524 -0.07690835 -0.36128184 0.3295263 -0.01865619 -0.1629654 0.4496971 0.17771077 -0.16012725 0.88914627 0.28229848 0.08344755 0.5244524 -0.47628123 -0.18129486 0.34856883 -1.4344394 0.08717206 0.21966632
12 0.4024838 -0.39030063 0.053460784 0.47119886 0.42180702 -0.4075913 0.8657209 0.16876812 -0.20339386 0.08882965 0.51609445 -0.26913717 -0.43935546 -0.15924233 -0.01319394 -0.20685422 -0.038007405 0.023199968 0.458227 0.44337463 0.3918274 0.8778292 0.5066858 -0.36573046 0.3470183 -0.094513625 -0.4535986 0.2900454 -0.079391316 -0.0053991126 -0.2900558 -0.18482086
13 0.41839594 -0.3505483 0.020138763 0.53567404 0.30998343 -0.49107406 0.9549156 0.25795606 -0.11391058 0.061615784 0.45599237 -0.2177776 -0.31009188 -0.20374252 -0.085649386 -0.16340134 -0.048454333 0.044801712 0.5629186 0.5560336 0.34135967 0.9356277 0.5842921 -0.34844407 0.2860785 -0.013209254 -0.44877744 0.2971575 -0.13106826 0.017697336 -0.20152628 -0.18850891
14 -0.50959224 -0.14837664 0.5832184 -0.45867744 -0.3933942 0.25652277 -0.3782232 0.11903661 0.11075125 0.21576639 -0.30026862 -0.710222 -0.31824636 -0.7354523 -0.08370308 -0.42681205 0.39353856 0.04925178 -0.25986353 0.5518285 0.08371614 -0.17279658 0.89432156 0.24538192 0.009054303 0.41894376 -0.4509599 -0.16902396 0.38300806 -1.5206243 0.065044455 0.24693578
15 0.20003934 -0.34737974 -0.05861647 0.34380403 0.4156828 -0.52795017 0.9561496 0.21586308 -0.12545842 0.024808612 0.5349034 -0.22771488 -0.31798887 -0.13704738 -0.064319335 -0.2022721 -0.09119 0.1516118 0.4694478 0.43265256 0.33091557 1.0110904 0.548506 -0.34664285 0.36792418 -0.011314816 -0.4474915 0.27745274 -0.1506762 -0.03908138 -0.18335749 -0.11386482
16 0.37475702 -0.36103716 -0.01494597 0.4270914 0.41922298 -0.45004642 0.9515433 0.14317235 -0.12467625 0.052503247 0.42739826 -0.2503179 -0.41901928 -0.0413158 -0.07787635 -0.22470368 -0.13045849 0.13192628 0.45825478 0.42893216 0.38155842 0.90131307 0.54459363 -0.39670816 0.30940363 -0.02828955 -0.4527913 0.25081488 -0.10970401 -0.0526546 -0.18235224 -0.14850266
17 0.33299583 -0.30048725 -0.0012890054 0.2648501 0.48173317 -0.4233117 0.91414005 0.10531314 -0.14435029 0.07250526 0.5061552 -0.20552248 -0.3659908 -0.17742051 -0.08631887 -0.23615158 -0.25321317 0.080936186 0.52703804 0.4692322 0.33535358 0.94393146 0.62301755 -0.37971663 0.45793942 -0.061586287 -0.3955244 0.28426182 -0.09215971 -0.06722963 -0.19538848 -0.15831633
18 -0.33850944 -0.15959987 0.5186512 -0.2232713 -0.2141246 0.5190692 -0.28856343 0.684995 -0.05734817 0.6498116 -0.07878739 -0.8255116 -0.003530291 0.13744548 -0.37481058 0.38090184 0.27354184 0.6613179 -0.2065853 0.27892402 0.3109915 0.11777323 0.9625136 0.94361705 -0.023694236 0.5182766 -0.51266074 -0.758796 0.19623978 -0.9034622 -0.12293655 0.1968986
19 0.35297737 -0.47556645 -0.15093525 0.3149306 0.39852136 -0.50875247 0.7691315 0.116391845 -0.33421224 0.047845636 0.5863993 -0.37194583 -0.5421761 -0.04910413 0.20494835 -0.17608789 0.41180694 0.06616409 0.3953906 0.3513266 0.3448539 0.8246304 0.37811458 -0.19261795 0.2729677 -0.10178714 -0.5552549 0.36111256 -0.09297617 -0.09911962 -0.06653948 -0.03797502
20 0.29837295 -0.40875754 -0.11784858 0.08337126 0.3097145 -0.40023828 0.76149756 0.076808475 -0.23045948 -0.07406633 0.6794061 -0.33271122 -0.56502086 -0.24167101 0.1902263 -0.12067834 0.33536625 0.12904996 0.49074617 0.24935406 0.33134112 0.8219317 0.43243232 -0.1800515 0.33196223 -0.113412276 -0.45777416 0.36072272 -0.007934527 -0.094955035 -0.12868607 -0.1304181
21 -0.092173606 0.14337566 1.1021683 -0.26395643 -0.28163642 -0.3775366 0.26163828 0.7299899 0.54216325 -0.13456121 0.9274932 -0.97452796 0.20779958 0.4063134 0.19279206 0.32673118 0.011892283 0.4539874 -0.45949584 0.46238694 0.52204543 -0.32076696 0.9521624 1.4037703 -0.115002625 0.42959785 0.32881072 -0.053434532 0.29873693 -0.4047632 0.056056373 0.27874854
22 0.2921571 -0.4865681 -0.12314138 0.19129586 0.36154446 -0.55667657 0.759415 0.14277788 -0.26306126 -0.0367131 0.5632432 -0.30263662 -0.47720325 -0.12449917 0.19223358 -0.15921886 0.24244013 0.08681422 0.36534628 0.27638036 0.3306955 0.85449964 0.43632355 -0.1710626 0.32482362 -0.11776946 -0.5248005 0.35986277 -0.031808175 -0.06030326 -0.11229231 -0.065550424
23 0.3537901 -0.44299683 -0.07717406 0.17683692 0.36417735 -0.5677938 0.85057247 0.03410771 -0.25341532 -0.079879075 0.6245371 -0.3160332 -0.5240284 -0.103562884 0.19386685 -0.19934168 0.28156185 0.16469793 0.38648155 0.20078024 0.35524717 0.8211799 0.44528562 -0.20948783 0.28165329 -0.09027007 -0.50725675 0.27748984 -0.067737825 -0.092836425 -0.07127791 -0.041477244
24 0.36418122 -0.42147556 -0.023014836 0.22070949 0.3838946 -0.50297904 0.8714761 0.022931032 -0.22971918 -0.026094574 0.57130593 -0.35296994 -0.5396226 -0.21059662 0.082427554 -0.27781639 0.2938379 0.009703608 0.40112334 0.27256107 0.35671422 0.7873579 0.4525193 -0.28216234 0.34498742 -0.12083302 -0.48968467 0.32758096 -0.09374094 -0.16137406 0.0050474894 -0.08692875
25 0.2964338 -0.34430742 -0.10137635 0.23098254 0.39726523 -0.5303637 0.72569925 0.22471158 -0.23948547 0.010737067 0.57606053 -0.3521112 -0.53049535 -0.20802365 0.20462748 -0.24084751 0.3498478 0.0911342 0.41083464 0.25910845 0.35694918 0.8453473 0.44552958 -0.11970025 0.35855642 -0.18898673 -0.55926424 0.29894084 -0.0687778 -0.02592578 -0.046390507 -0.0051816115
26 0.27862132 -0.23105738 -0.076349385 0.21177797 0.38370574 -0.41833413 0.7793637 0.14665957 -0.32613713 -0.032214038 0.65058875 -0.28277782 -0.59981227 -0.23536713 0.14566162 -0.22732513 0.31588915 -0.0055328147 0.53091484 0.34333077 0.21349865 0.74139297 0.6223917 -0.18731509 0.38972127 -0.21970415 -0.36938608 0.36375606 -0.14949454 -0.16041256 -0.05621734 -0.22086851
27 0.43683243 -0.4486378 -0.11562907 0.2565377 0.40884852 -0.5327483 0.7740715 0.12781271 -0.24389985 -0.02939138 0.5845629 -0.27850008 -0.5388886 -0.1275604 0.17369106 -0.1954718 0.28448683 0.075130165 0.35858095 0.34973148 0.34309795 0.88160956 0.4486423 -0.1803319 0.31085816 -0.10510957 -0.49568352 0.32158142 -0.009182401 0.0019386823 -0.05843222 0.09538108
28 0.4021028 -0.41836888 -0.030905401 0.11271883 0.46065938 -0.49452427 0.81999403 0.046864785 -0.27166268 -0.020408316 0.51320374 -0.29421958 -0.51001173 -0.14654225 0.18597706 -0.22401448 0.110195056 0.12126739 0.42028713 0.319895 0.36095068 0.91812354 0.48292887 -0.1422947 0.38252327 -0.06196576 -0.37184125 0.39549524 -0.069092385 -0.047878586 -0.11992695 -0.032399993
29 0.41397423 -0.50015366 -0.109770045 0.22003542 0.43481818 -0.474345 0.7615957 0.07678352 -0.20802662 -0.04533334 0.57842016 -0.36342856 -0.5298472 -0.08250173 0.16212523 -0.21252874 0.2912486 0.14202711 0.34140736 0.21155189 0.39646134 0.9163305 0.33753204 -0.1869808 0.2588775 -0.12513082 -0.52929884 0.28365806 0.011607072 -0.05518257 -0.06031989 0.039651863
30 0.32368365 -0.4807476 -0.12523778 0.15880094 0.38409483 -0.593304 0.79705507 0.051239416 -0.2512878 -0.038004886 0.6623563 -0.32110116 -0.52136326 -0.100848675 0.23424862 -0.20074886 0.3342218 0.20620133 0.35669282 0.14008853 0.42339164 0.9099447 0.40428436 -0.11208576 0.2984684 -0.0692773 -0.56768966 0.20675506 -0.12105451 -0.042785347 -0.06490518 0.033644523
31 0.39749616 -0.45400575 -0.05494773 0.05463932 0.42720118 -0.5848095 0.7203127 0.064602844 -0.24799947 -0.09490197 0.65313256 -0.322373 -0.46395195 -0.23328644 0.16918854 -0.13703285 0.19751097 0.26427847 0.3407938 0.20700689 0.32438868 0.90668356 0.39148837 -0.10289729 0.37053296 -0.12803271 -0.51160115 0.25523186 -0.08510964 -0.008716001 -0.012958852 -0.023128502
32 -0.3043405 0.15207669 0.55921924 -0.038631637 -0.27989355 0.28076333 -0.3561104 -0.17636222 0.49944246 -0.1906874 -0.31863248 -0.73747176 -0.1775728 -0.9541818 -0.08136561 -0.42931923 -0.09844961 -0.12330848 -0.5175049 0.85914195 0.53998256 0.37453866 0.93135166 -0.38324517 -0.09256076 0.6574314 -0.55563456 -0.42640227 0.5374937 -1.3433033 0.22613952 0.37335047
33 0.39518297 -0.48948437 -0.15900908 0.15215449 0.36252183 -0.625702 0.805328 0.12228189 -0.16324407 -0.09778931 0.5782414 -0.26331595 -0.41107583 -0.1425677 0.15694354 -0.1964456 0.25976786 0.2117601 0.29972193 0.24704243 0.40779656 0.9434836 0.4266162 -0.1055983 0.31254262 -0.09276572 -0.5400886 0.27534345 -0.056945246 0.013698996 -0.06590542 0.035032686
34 0.015365042 0.1442864 1.022621 -0.09869727 0.14168802 0.17124605 -0.31337366 0.70476437 0.09646557 0.13894403 0.50877315 -0.74477 0.09412906 0.25968915 0.015407112 0.16149311 0.27904326 0.3871441 -0.21081889 0.16830845 0.5664357 -0.320359 1.0956161 1.2559701 -0.020943124 -0.09952817 0.04758916 -0.49712813 0.6687776 -0.55661535 0.060769442 0.36763075
35 0.39900306 -0.39961484 -0.046206467 0.2070919 0.4174358 -0.50311166 0.70292914 0.12832208 -0.29248014 -0.041536313 0.5907971 -0.29323855 -0.54240817 -0.17521748 0.20628275 -0.19751641 0.25343537 0.085871704 0.36455867 0.26852003 0.4023363 0.8590239 0.4305086 -0.20917699 0.3629852 -0.15301822 -0.5730067 0.37512642 -0.12731305 -0.047106277 -0.06549966 -0.04702493
36 -0.16412176 0.16376382 1.2737764 0.019865626 -0.17655706 -0.2444105 0.39915347 0.6452128 0.59029603 -0.11212955 1.0938296 -0.97690624 0.22756049 0.6301351 0.22728768 0.4534689 -0.023832882 0.271715 -0.4380051 0.71378255 0.6200337 -0.40232366 0.76882786 1.1927148 -0.17610997 0.4533086 0.35027874 0.21363422 0.4359371 -0.5753929 -0.00024098162 0.25144586
37 -0.23631525 0.23114042 1.2388896 -0.08792912 -0.16790828 -0.26995328 0.44945362 0.8141732 0.6957865 -0.10657321 1.0722097 -1.0326154 0.095779866 0.55852276 0.0863697 0.39160562 -0.088859916 0.23358934 -0.330252 0.67873996 0.57330024 -0.49694848 0.83900356 1.1986215 -0.18155907 0.42127115 0.30774373 0.2548866 0.25806072 -0.4850643 0.03853522 0.15897891
38 -0.06500476 0.10946766 1.1017344 0.0978179 -0.2673751 -0.2728611 0.48577747 0.42050135 0.6226392 -0.27357644 1.2675449 -0.98309904 0.23280647 0.78869665 0.40079138 0.5771846 0.030081898 0.17146762 -0.77675414 0.9557186 0.64085144 -0.37172028 0.5330735 1.030809 -0.22586343 0.68256295 0.43568835 0.395599 0.39946455 -0.55788285 0.044101544 0.12855154
39 0.3931408 -0.44345433 -0.1088439 0.30682176 0.34145525 -0.554205 0.79160416 0.25880367 -0.25082386 -0.039091066 0.55839366 -0.28245738 -0.5271791 -0.15620871 0.25296903 -0.13585235 0.32832864 0.05282312 0.3697302 0.2790825 0.33668855 0.89996105 0.40409353 -0.07772766 0.267321 -0.08076877 -0.50961787 0.3681904 -0.072846234 0.01670156 -0.09953896 0.01980368
40 -0.4927923 0.008189626 0.6861597 -0.25816143 -0.28328592 0.1882386 -0.33094925 0.0024161132 0.47701514 -0.2076781 -0.23537722 -0.7925473 -0.17334627 -1.0811821 -0.24938276 -0.55341125 0.07088113 -0.071102366 -0.5343526 0.82058436 0.34449667 0.3515526 0.75663376 -0.29971713 -0.1348571 0.67610234 -0.5429735 -0.35111722 0.567499 -1.4350195 0.1269588 0.4338795
41 -0.1618268 0.27872553 1.2037125 -0.11028794 -0.30767134 -0.2750723 0.43279502 0.6969209 0.60776573 -0.1457709 1.0508384 -0.96826583 0.06665671 0.56836855 0.2578476 0.46923476 -0.089049086 0.1744833 -0.32335725 0.7228555 0.57576555 -0.45635742 0.87042105 1.2038043 -0.062818445 0.5704716 0.4241101 0.23527843 0.2384666 -0.51381916 0.0933827 0.15846181
42 -0.40632805 0.015162822 0.69391334 -0.110817984 -0.2766129 0.2416096 -0.3956171 -0.06335969 0.4687233 -0.18113899 -0.23400086 -0.7769142 -0.16974412 -1.00518 -0.20008919 -0.4175598 0.020405896 -0.09800484 -0.4334173 0.8351059 0.42127195 0.24521838 0.93925 -0.3236492 -0.045375135 0.6346785 -0.551844 -0.46757203 0.5261363 -1.4636194 0.23454267 0.29195225
43 -0.04527439 0.26426408 1.3115145 0.16515641 -0.3467927 -0.26072392 0.5245047 0.42397076 0.6339828 -0.059755005 1.1609044 -0.9592777 0.19504547 0.89321196 0.49155974 0.7654675 -0.31766787 0.28920224 -0.6347929 0.80095154 0.6224681 -0.1169887 0.56444836 1.0481704 -0.21214746 0.858093 0.41227594 0.3359639 0.4887052 -0.5981831 0.049062405 0.22599514
44 0.32808357 -0.502142 -0.1521676 0.15275872 0.4037602 -0.53735954 0.8023225 0.044273827 -0.279598 0.06448492 0.5488591 -0.3970489 -0.44305256 -0.026827069 0.22141226 -0.1001291 0.29016545 0.21633604 0.373409 0.29096842 0.36309052 0.9657399 0.31512842 -0.19562495 0.31438074 -0.016802613 -0.5782304 0.35621056 -0.06257466 -0.087836415 -0.011597729 0.048154186
45 0.3528745 -0.40299746 -0.1524442 0.21788406 0.3674102 -0.6076867 0.82600385 0.1260838 -0.24096861 -0.03727091 0.60783637 -0.27671704 -0.42556587 -0.10554896 0.13960163 -0.17911093 0.39451295 0.1923161 0.42511216 0.30034888 0.3437065 0.8865393 0.49306983 -0.17654946 0.2637173 -0.12870553 -0.51350325 0.27151018 -0.07123362 -0.031071162 -0.12646598 -0.01282762
46 0.45058885 -0.4347966 -0.04516128 0.25814426 0.4640419 -0.49811634 0.76369894 0.17826965 -0.3017359 0.0014018833 0.65018445 -0.35263813 -0.5837104 -0.11212068 0.21372525 -0.18836915 0.40252623 0.09753588 0.3740221 0.32480967 0.35344118 0.80044276 0.445428 -0.1311698 0.27403983 -0.17436604 -0.42968312 0.3440553 -0.113799915 -0.012308603 -0.08470361 -0.05707159
47 -0.47373202 0.04840491 0.68405014 -0.2725557 -0.3908873 0.25123522 -0.26314506 0.096453086 0.5028724 -0.24027292 -0.21716128 -0.7947989 -0.19692126 -1.1034425 -0.30042943 -0.50625163 0.12249647 -0.16263942 -0.5080845 0.9908583 0.29907697 0.28542155 0.82081825 -0.26086274 0.019421337 0.6383527 -0.49609268 -0.29240075 0.47291863 -1.4362162 0.11321483 0.33333918
48 0.280607 -0.3274422 -0.01279444 0.16740361 0.41718888 -0.466185 0.7393566 0.19102512 -0.25053915 0.018725852 0.5744231 -0.27816185 -0.5457418 -0.22292371 0.20606646 -0.20642029 0.29792884 -0.013975647 0.4861467 0.3267495 0.32721922 0.82438314 0.46795353 -0.14310278 0.39459965 -0.16022144 -0.39083007 0.42814586 -0.08412707 -0.045146037 -0.027067447 -0.027147759
49 0.40579715 -0.46054205 -0.15797853 0.18836328 0.32872385 -0.5728658 0.8112804 0.08309682 -0.19688436 -0.044189315 0.58128774 -0.28763023 -0.49548998 -0.1818453 0.18706807 -0.11833598 0.21161664 0.15578187 0.395392 0.39019194 0.2963024 0.9233397 0.4632333 -0.17968068 0.33010802 -0.06172396 -0.5146978 0.37853083 -0.04003215 -0.058385067 -0.075615376 -0.09845551
50 -0.18178923 -0.18517698 0.5429047 -0.16033709 -0.120450854 0.5081032 -0.2683578 0.63164324 0.015442991 0.65983266 -0.005638562 -0.67468566 0.110205784 0.18566659 -0.37558216 0.41836545 0.13435799 0.77358633 -0.24522752 0.29466107 0.35210618 0.1109167 1.0129644 0.9890064 -0.045220718 0.60696155 -0.425316 -0.7690587 0.3200721 -0.90863514 -0.18449347 0.23187695
51 0.34081024 -0.52963084 -0.037113667 0.2065655 0.4965477 -0.47236815 0.7408442 -0.027065093 -0.27595958 0.10844532 0.48636708 -0.32659686 -0.5540994 0.010113887 0.19487883 -0.24819922 0.18350522 0.14004643 0.38862473 0.18603438 0.41365656 0.9088341 0.3871034 -0.20841339 0.33326182 0.0137642445 -0.554706 0.29395247 -0.10445794 -0.14300415 -0.05426174 0.024828488
52 0.22154495 -0.4277314 -0.09654252 0.17837699 0.40136313 -0.48534417 0.79865634 0.13632198 -0.32479054 0.049419988 0.60922647 -0.3894403 -0.4759646 -0.14825931 0.118594915 -0.1554323 0.30930504 0.15618517 0.37569672 0.14486465 0.40503487 0.89569694 0.37619948 -0.14198388 0.33763248 -0.1604118 -0.5496127 0.24280488 -0.1105662 -0.069926314 -0.10485022 -0.036692686
53 0.3402595 -0.42508957 -0.20474595 0.26656193 0.33458653 -0.53976893 0.7544939 0.1508289 -0.19745311 -0.091451965 0.5336196 -0.35829136 -0.49684256 -0.10152183 0.13673812 -0.22821671 0.27261338 0.11949642 0.34900904 0.3221345 0.38041115 0.8695303 0.48970872 -0.1739024 0.2551425 -0.048684 -0.5365045 0.29775596 -0.08650928 -0.017232465 -0.20691688 -0.03943032
54 -0.40244347 0.06311289 0.69893557 -0.06405632 -0.24588595 0.19359152 -0.37922266 -0.14506431 0.38155594 -0.23589288 -0.20501833 -0.7768146 -0.1336674 -1.0745583 -0.07265175 -0.38821763 0.041846134 -0.10331287 -0.53205174 0.8358119 0.45197833 0.33738178 0.9055809 -0.42395765 -0.055842597 0.6658203 -0.5640304 -0.54922 0.56753194 -1.492892 0.35792232 0.32588667
55 -0.3870103 -0.07411629 0.617634 -0.22551553 -0.3666832 0.16685703 -0.27709222 -0.08099451 0.48757455 -0.09364784 -0.40395308 -0.73746055 -0.1352188 -0.9874472 -0.27475214 -0.47543302 0.081078224 -0.011769263 -0.4789181 0.814825 0.38405886 0.2759899 0.7813931 -0.20890538 -0.14085124 0.5588963 -0.5617666 -0.35644874 0.5739041 -1.4114232 0.042755798 0.41656777
56 0.39546576 -0.4896445 -0.1287539 0.27057818 0.3232524 -0.56138057 0.8216221 0.094409496 -0.28567806 -0.037390113 0.57828736 -0.39508715 -0.54624355 -0.07412731 0.2135815 -0.12918475 0.39880416 0.08037464 0.39447555 0.378519 0.30681098 0.8113355 0.35411534 -0.26634514 0.30159342 -0.060148176 -0.49528512 0.4327542 -0.036369346 -0.13455333 -0.046140283 -0.09776509
57 -0.09005196 -0.02261776 0.5042192 -0.31948 -0.09170535 0.67217004 -0.43401888 0.65015715 -0.05188351 0.70290005 -0.2303066 -0.79041964 -0.14566796 0.12639718 -0.33540002 0.3696996 0.03950825 0.54639864 -0.14297697 0.34168315 0.5278524 0.07326954 1.2139784 0.9861301 0.12584278 0.4938575 -0.43875945 -0.5933827 0.18260041 -0.8765257 -0.15393767 0.123856425
58 0.33371872 -0.45525622 -0.13070673 0.14095137 0.37214503 -0.5717637 0.75008136 0.102160946 -0.28354204 -0.15014407 0.640758 -0.29775125 -0.49311936 -0.22263944 0.22447382 -0.2027455 0.32103363 0.17776248 0.35908967 0.2641845 0.3426965 0.86440045 0.39911532 -0.18629014 0.33065873 -0.13457136 -0.45831203 0.2769601 -0.052203204 -0.089101955 -0.0473606 -0.0652483
59 0.32054815 -0.5806762 -0.16471788 0.2746761 0.3990641 -0.65726167 0.8255294 0.102112696 -0.083709955 -0.044461433 0.46420926 -0.32712352 -0.42960238 0.0088796085 0.17644918 -0.22227715 0.22918797 0.16249165 0.3275515 0.2513798 0.45319125 0.92243093 0.34467348 -0.111158915 0.17371629 0.025172431 -0.5859184 0.24825041 -0.0060206237 0.010248969 -0.10385688 0.12071837
60 -0.478348 -0.0072901486 0.73215246 -0.21234246 -0.32147145 0.23351035 -0.32630992 -0.0348178 0.35525554 -0.08269619 -0.2994716 -0.77461153 -0.26235694 -1.0194565 -0.09985332 -0.4143068 0.065979324 -0.048248556 -0.5118042 0.85529125 0.30559933 0.22120748 0.8383486 -0.3464608 -0.06786512 0.65127873 -0.55854744 -0.3191147 0.4596511 -1.54307 0.20196481 0.37768716
61 -0.39501694 0.016535273 0.6157844 -0.2262339 -0.30962735 0.29770157 -0.3647208 0.009308987 0.43373367 -0.23689255 -0.23226687 -0.6998785 -0.28176406 -1.0238073 -0.1887583 -0.45483297 0.06698624 -0.13154633 -0.49991763 0.9309706 0.3695734 0.32602558 0.7821895 -0.35577747 -0.0376329 0.6243591 -0.5643462 -0.34342787 0.57245195 -1.4316826 0.13134387 0.30225497
62 -0.13332354 -0.009669661 1.162227 -0.08383016 -0.30550474 -0.4129371 0.6786507 0.55336577 0.71695846 -0.031248143 1.0063993 -1.0195833 0.30031875 0.76884454 0.17114803 0.53616756 -0.4100521 0.4438764 -0.632193 0.7586383 0.6212307 -0.19794822 0.5509614 1.1118741 -0.2780944 0.85556394 0.3763385 0.44694063 0.29515842 -0.43127638 -0.18329856 0.26515752
63 -0.35472932 0.17013147 1.1543349 0.032399606 -0.25352237 -0.5042033 0.48298725 0.6608932 0.6698748 -0.20821686 1.1397519 -0.97718 0.3302127 0.5957927 0.21184711 0.36202267 0.019026296 0.41886684 -0.43907672 0.5889293 0.63967615 -0.34460977 0.77125096 1.2718387 -0.330018 0.49327865 0.3082312 0.06493893 0.414748 -0.47599286 0.110369965 0.34177214
64 0.41301265 -0.44688508 -0.12775789 0.19841929 0.41314906 -0.5414323 0.81127256 0.14727958 -0.2127044 -0.06767421 0.55519766 -0.27482325 -0.5082033 -0.13676369 0.20926018 -0.18666601 0.29065242 0.09965201 0.34383962 0.2652528 0.30866203 0.89466476 0.4421678 -0.16470453 0.3414334 -0.0796783 -0.45476136 0.36165538 0.021455767 -0.020379718 -0.10418642 -0.0025004102
65 0.4390125 -0.37589887 -0.1356372 0.23688735 0.31968737 -0.5822101 0.79803187 0.1861501 -0.209387 0.011261472 0.48918623 -0.27149898 -0.49520886 -0.10569332 0.20142585 -0.23627788 0.2914767 0.11171143 0.38929302 0.24083701 0.35013396 0.84969735 0.46527213 -0.14188029 0.3426627 -0.07720865 -0.47822222 0.25988066 -0.061614897 -0.00023285623 -0.06150912 0.08963836
66 0.37873733 -0.39724165 -0.056397695 0.07198668 0.39168257 -0.5930997 0.7605222 0.028734667 -0.25791568 -0.073582426 0.5811519 -0.2614481 -0.46303833 -0.14173916 0.17277654 -0.15046778 0.29074046 0.12780367 0.38057515 0.31154615 0.3152025 0.8452376 0.4700274 -0.14780176 0.40098092 -0.11956119 -0.43369058 0.31989402 -0.14229092 -0.067451105 0.035899352 0.021523021
67 0.33144054 -0.47742897 -0.05976902 0.22375694 0.39739344 -0.59494555 0.73093027 0.08857121 -0.22698566 -0.001515093 0.50895774 -0.3291844 -0.56524706 -0.06396502 0.21430714 -0.25652882 0.18259482 0.070160724 0.39996403 0.18930908 0.51446754 0.8793398 0.41968444 -0.1850862 0.44425085 -0.10612233 -0.611438 0.32179356 -0.1181808 -0.011883766 -0.04781545 0.090531535
68 0.31628257 -0.5654993 -0.1092862 0.18297602 0.32869416 -0.5640141 0.8360712 0.071153216 -0.2651141 0.010438802 0.5787889 -0.29610616 -0.5398559 -0.16080002 0.16116162 -0.10278197 0.27156132 0.11172328 0.42715275 0.30971125 0.26315445 0.827981 0.3450293 -0.17194544 0.38564515 -0.04967257 -0.5682368 0.32032636 -0.03552921 -0.10435953 -0.03818256 -0.04988426
69 0.35207126 -0.48127198 -0.1830484 0.14908426 0.41653576 -0.55041695 0.84985334 0.07126048 -0.16412804 -0.047799315 0.5787987 -0.3236052 -0.51690644 -0.23558198 0.14604783 -0.1728467 0.25933176 0.16751982 0.42107233 0.24510188 0.3123066 0.93816745 0.3833098 -0.16013184 0.31681493 -0.05239555 -0.5299146 0.24268255 -0.03374326 -0.05432177 -0.116152756 -0.012636774
70 0.38576084 -0.4870086 -0.13025343 0.07292623 0.30896592 -0.59525657 0.8198884 0.06693131 -0.19620904 -0.073352635 0.63293576 -0.293879 -0.4896138 -0.17379874 0.23638934 -0.067440405 0.19765572 0.18913007 0.41429043 0.35799322 0.30634117 0.912529 0.46302325 -0.052098382 0.31285182 -0.0049152034 -0.38333052 0.42054367 -0.062837765 0.005515197 -0.12579474 -0.11480284
71 0.34343 -0.45577785 -0.14319076 0.31875357 0.33774537 -0.58562094 0.8207659 0.18224649 -0.24093111 -0.0595859 0.50710785 -0.3349271 -0.5165489 -0.055049043 0.19445105 -0.2196565 0.3410521 0.06523907 0.3172938 0.30636045 0.3543525 0.8609014 0.38807586 -0.17050785 0.27533218 -0.04103139 -0.5199653 0.24523324 -0.04300685 -0.05604087 -0.026128406 0.07720088
72 -0.099901676 0.0634336 1.319256 0.07468587 -0.20646706 -0.4442173 0.48526758 0.48348 0.68378276 -0.07933136 1.1633608 -1.0301269 0.33815077 0.74848443 0.30468825 0.6456072 -0.091291405 0.40101215 -0.5607052 0.610432 0.6931443 -0.30075786 0.49288106 1.1436906 -0.25743276 0.7367966 0.28675044 0.10727066 0.52737474 -0.5866466 0.13102622 0.40990463
73 0.39649865 -0.4260302 -0.124069646 0.16449018 0.3609102 -0.5560483 0.7144004 0.03696635 -0.2533235 0.0032362158 0.5875811 -0.30361512 -0.4729352 -0.1965213 0.1274138 -0.1513506 0.24640173 0.26187894 0.43383184 0.25668323 0.30657947 0.86706716 0.459385 -0.18066895 0.32496455 -0.04007244 -0.5265854 0.2526958 -0.078175455 -0.04974591 -0.076077715 -0.052917026
74 -0.35950968 -0.032000106 0.6868086 -0.10308744 -0.22806238 0.22232638 -0.40106413 0.065828994 0.40927514 -0.19314122 -0.31761786 -0.74653524 -0.19659415 -0.9466584 -0.25460932 -0.5342795 0.0034061074 -0.12592837 -0.57895374 0.8944583 0.43673098 0.33127633 0.7960403 -0.34952265 -0.081928894 0.6511346 -0.551947 -0.5124626 0.54609066 -1.3666369 0.24647398 0.4676954
75 -0.45641053 -0.04014904 0.61885047 -0.10835777 -0.32020846 0.21528544 -0.43397692 -0.069210045 0.32029882 -0.11078685 -0.2715474 -0.72512394 -0.17296213 -0.91502285 -0.13964403 -0.4192591 0.1586562 -0.046459418 -0.53154194 0.90672946 0.39951575 0.3111995 0.8295047 -0.29773253 -0.042325117 0.73721737 -0.5064128 -0.5368296 0.49941462 -1.5014611 0.39053252 0.42041808
76 0.29667833 -0.43045458 -0.16211736 0.31576237 0.40761957 -0.569325 0.81849116 0.11901984 -0.28878635 0.0027823355 0.4508702 -0.31056604 -0.41932628 -0.060823895 0.075297885 -0.2732093 0.3180984 0.15039948 0.35303754 0.32275784 0.35754576 0.86962664 0.4468718 -0.2511606 0.24666664 -0.13727164 -0.56226283 0.25433117 -0.07503065 -0.06063452 -0.07280252 0.012770783
77 -0.33052287 -0.0984634 0.5798504 -0.1435632 -0.29332358 0.15071903 -0.3466853 0.06915801 0.49085805 -0.232882 -0.315904 -0.7961232 -0.16550322 -0.9700396 -0.3306601 -0.5476854 0.041130748 -0.06646471 -0.5822021 0.8395047 0.4050766 0.2522131 0.81930166 -0.28908643 -0.13684225 0.5956181 -0.6450665 -0.51748276 0.43621287 -1.3078623 0.14569806 0.3853714
78 0.3283441 -0.39006808 -0.021346474 0.31208935 0.41335744 -0.5647495 0.75482905 0.09393611 -0.2832284 0.054825027 0.48298168 -0.33340257 -0.4926353 -0.08246053 0.16026966 -0.2792244 0.27722296 0.046548225 0.42085218 0.2949241 0.3839986 0.822532 0.4597465 -0.1611355 0.32135892 -0.079803996 -0.55656356 0.3065066 -0.11943236 -0.044298396 -0.037065405 0.08789828
79 -0.12684347 0.17715423 0.98643285 -0.3148753 -0.057888236 -0.22880085 0.044171408 0.66918725 0.3548794 -0.118172914 0.966946 -0.8925754 0.07061757 0.48650622 0.40504014 0.46566978 0.15988359 0.48497713 -0.32596755 0.43393543 0.5889915 -0.33767745 0.9165581 1.36435 -0.029244311 0.38478073 0.31357735 0.07473008 0.50325006 -0.52028275 0.16740288 0.3923056
80 -0.334922 -0.047297772 0.62648004 -0.30618525 -0.37341568 0.15385509 -0.32124323 0.008921106 0.6112291 -0.19430915 -0.33831087 -0.8136601 -0.12227712 -1.1866927 -0.24220127 -0.4920769 0.009622423 0.018391632 -0.53806573 0.8528841 0.34449932 0.2698772 0.9177634 -0.24279623 -0.11405279 0.622684 -0.6359235 -0.3746155 0.37833437 -1.3807534 0.01876378 0.25266385
81 0.4152732 -0.3946325 -0.21498403 0.18305227 0.3397525 -0.6419544 0.7718847 0.18827057 -0.15558726 -0.063270584 0.5635748 -0.3238461 -0.5576207 -0.13643454 0.26688644 -0.23607537 0.29136267 0.16172598 0.3947523 0.28682742 0.36798134 0.8912927 0.5104369 -0.061323497 0.2356501 -0.07632798 -0.4358875 0.3199998 -0.029543402 0.02842216 -0.18692656 0.0616993
82 -0.5336004 0.038720265 0.60014945 -0.13343178 -0.36453545 0.24106981 -0.3756417 0.04370187 0.510647 -0.15076306 -0.31543684 -0.82504517 -0.17337227 -0.97833616 -0.27660516 -0.45634353 0.06354716 -0.15629822 -0.38548648 0.8687438 0.46323884 0.2949217 0.7909197 -0.24259728 -0.0368754 0.66806024 -0.5587763 -0.3920244 0.51197517 -1.3784634 0.225898 0.37757123
83 -0.032039106 -0.24006984 0.55866975 -0.24825624 0.020320373 0.6687322 -0.46092272 0.60520536 -0.081019126 0.67933285 -0.11834283 -0.85048544 -0.11680558 0.26223168 -0.31767255 0.45965326 0.13182184 0.60347086 -0.25645173 0.20892078 0.510886 0.12908128 1.0440755 0.95082396 0.0363335 0.52368766 -0.44138473 -0.67953384 0.32548958 -0.90768224 -0.09000698 0.19755594
84 -0.2656197 -0.07886447 0.5157525 -0.30707034 -0.12049329 0.8084643 -0.43573487 0.6802924 -0.11236406 0.54892117 0.14901185 -0.735683 -0.13224457 0.07590531 -0.26263145 0.5693611 0.33104402 0.62105197 -0.17703351 0.33068237 0.24703918 0.113628566 1.0309389 0.86257654 0.13956806 0.5206783 -0.40026718 -0.6201185 0.30499217 -1.0182891 -0.17553179 -0.037852302
85 0.36596933 -0.42357567 -0.030653603 0.23997347 0.4471403 -0.47975713 0.78229225 0.06720608 -0.26784882 -0.026863253 0.60640985 -0.37483868 -0.5516816 -0.15505926 0.20015748 -0.24633124 0.30785343 0.064311795 0.44020408 0.23100138 0.32540277 0.8060031 0.39610544 -0.14575471 0.31565183 -0.15130177 -0.44163027 0.26681638 0.0233248 -0.002323732 -0.123558305 0.011511241
86 0.4194387 -0.50498027 -0.11725615 0.21164729 0.52208513 -0.50438315 0.74109405 0.07627033 -0.28343374 0.037524536 0.5351239 -0.35373 -0.5997801 -0.04720075 0.27150118 -0.2707745 0.23680298 0.11425706 0.33747393 0.21828079 0.47518253 0.97237045 0.37452373 -0.19217426 0.30453664 -0.09018113 -0.5852846 0.40286204 -0.003193758 -0.0046608415 -0.12718086 0.057113852
87 -0.11866603 0.33737868 0.8700221 -0.41426775 -0.06424406 0.30235323 -0.32273972 0.80117506 -0.04123823 0.11214975 0.62338614 -0.65114266 0.05318474 0.10248436 0.07832232 0.41425207 0.26108736 0.50317574 -0.23432672 0.2914886 0.48196673 -0.10247793 1.2246941 1.2970377 0.11159229 0.051040627 0.15773042 -0.42744914 0.5097982 -0.6097424 0.05182665 0.23320831
88 0.37123042 -0.54467 -0.11581725 0.12785512 0.38072342 -0.49263492 0.75916874 0.024451625 -0.23815374 0.0074059833 0.59527117 -0.3127789 -0.5383318 -0.11749293 0.18821825 -0.08314692 0.2717822 0.10805729 0.32604975 0.20380177 0.3109617 0.8607309 0.4111882 -0.21572837 0.35525608 -0.0135207595 -0.53204876 0.35301208 -0.0605001 -0.11115772 -0.11578922 -0.07290483
89 -0.16755433 -0.07946378 0.40064645 -0.2699411 -0.3656251 0.25980914 -0.4564003 -0.10969992 0.40745834 -0.25502855 -0.31173423 -0.81588423 -0.16954637 -0.8594377 -8.149319e-05 -0.19949208 0.19015987 0.06362126 -0.83953464 0.87223923 0.48420188 0.35333705 0.7031856 -0.17791368 -0.1916304 0.71033394 -0.5520372 -0.33493617 0.5579813 -1.2759786 0.19898434 0.38962856
90 -0.13435736 -0.109106556 0.5144444 -0.20438235 -0.13439861 0.5293708 -0.3399351 0.6506165 -0.049554102 0.6528398 -0.12333015 -0.6883481 -0.011637504 0.29802474 -0.33367693 0.44995546 0.0791164 0.65989006 -0.26094154 0.3213568 0.44321725 0.20247164 1.0813034 0.9029363 -0.01573605 0.61406213 -0.45970437 -0.7101079 0.18175215 -0.8340357 -0.052678335 0.21230344
91 -0.22751704 -0.13573341 0.37765726 -0.35755736 -0.43439054 0.13848087 -0.47875914 -0.023785757 0.39587733 -0.3391438 -0.33657092 -0.7728635 -0.21373725 -0.8800195 -0.017279925 -0.26591086 0.3042471 0.050167456 -0.7715689 0.98579836 0.47490492 0.3274335 0.6741466 -0.100022726 -0.16361882 0.5439361 -0.56452554 -0.3084376 0.5741612 -1.2726007 0.20724793 0.3875994
92 0.36625648 -0.41045502 -0.048386615 0.2843715 0.39982688 -0.52962774 0.7948974 0.1560227 -0.25463974 0.041007083 0.5615399 -0.26841298 -0.5479001 -0.10219226 0.21638606 -0.12315824 0.22282788 0.06781962 0.40772733 0.3347938 0.34299088 0.8564195 0.4642527 -0.2428574 0.35019907 -0.060575843 -0.47598606 0.39117068 -0.052201018 -0.019061897 -0.087677084 0.049933918
93 -0.2343075 -0.13056478 0.42777056 -0.37238452 -0.50712425 0.24530254 -0.37303704 -0.0015075823 0.40197855 -0.23956028 -0.30105606 -0.82976097 -0.24561411 -0.9671696 -0.10633008 -0.32906577 0.3775099 0.04439043 -0.8918111 0.9812447 0.4059793 0.238478 0.74272287 -0.14027743 -0.19435532 0.6392608 -0.55071574 -0.27996674 0.5495372 -1.3878977 0.12409794 0.4328203
94 0.36049533 -0.46920854 -0.14953068 0.12386049 0.44912037 -0.60308075 0.8650374 0.028359797 -0.23735751 -0.11428459 0.6556433 -0.35983264 -0.5638197 -0.06448237 0.26876807 -0.22451094 0.29122064 0.2037826 0.43534723 0.2389543 0.39987975 0.9522226 0.43461064 -0.10470257 0.25897735 -0.011357781 -0.47660893 0.2915105 -0.07776079 -0.05839981 -0.20360623 -0.034426197
95 0.30704263 -0.4491053 -0.108433135 0.28396028 0.42766628 -0.53831697 0.7561917 0.14095598 -0.23584303 0.046698764 0.4690305 -0.37934136 -0.5235981 -0.14921848 0.21006773 -0.24198371 0.26501933 0.06623284 0.4149559 0.3066058 0.36947507 0.95621616 0.3308408 -0.13375886 0.25459883 -0.06490546 -0.5326109 0.32429892 -0.021227688 0.045048203 -0.1305685 0.08578855
96 0.39940745 -0.48384994 -0.088310204 0.23410466 0.4551493 -0.555761 0.73893523 0.08164433 -0.19740085 0.025949625 0.51431644 -0.36510473 -0.4638945 -0.04314013 0.15134805 -0.22607614 0.11872429 0.084877715 0.3322139 0.28088582 0.47658068 0.8778752 0.3700711 -0.17470075 0.31117663 -0.055243906 -0.56718874 0.34626862 -0.04295648 0.06827942 -0.09074698 0.11444687
97 -0.20766297 0.101471975 1.1305113 0.14794362 -0.17050268 -0.15122248 0.4771638 0.5569737 0.65673107 -0.30854863 1.2859634 -1.0871991 0.06091768 0.8726597 0.279282 0.5360191 0.010298032 0.034692347 -0.6259258 0.86940986 0.72216415 -0.47747412 0.6091761 1.0612336 -0.18013194 0.6179651 0.38101617 0.40660498 0.35397568 -0.56558377 0.11838325 0.010439395
98 0.30855334 -0.48332107 -0.08521961 0.101622276 0.3733714 -0.5524328 0.7841523 0.13191254 -0.12366321 -0.033028204 0.53858525 -0.30159006 -0.5358214 -0.17110758 0.23911671 -0.18437201 0.18827714 0.098137215 0.37904468 0.16964501 0.4194912 0.94673985 0.36845872 -0.12679702 0.39808795 0.05332656 -0.5509117 0.34452236 0.049181696 0.028388543 -0.13857506 0.03684467
99 -0.31408393 -0.12471482 0.51967 -0.34979618 -0.3573014 0.17314152 -0.4042147 -0.09381642 0.34899414 -0.22180438 -0.2040269 -0.8065088 -0.19387706 -0.91235596 -0.055945072 -0.31274307 0.3310775 0.0696226 -0.6961193 0.79966563 0.3954764 0.24051382 0.66472334 -0.11222595 -0.15441906 0.59733266 -0.5472889 -0.38907647 0.600791 -1.4159242 0.18627487 0.3747905
100 -0.21909654 -0.160527 0.3936961 -0.23807001 -0.34353292 0.31909308 -0.47826287 0.035567146 0.3465976 -0.26452154 -0.29272255 -0.796528 -0.2329124 -0.8275004 -0.14024502 -0.26530856 0.31980634 -0.058741324 -0.8007341 0.98072904 0.49954048 0.30830848 0.6513858 -0.16777523 -0.14394966 0.5535769 -0.52275985 -0.3482063 0.6168739 -1.346184 0.20861472 0.2975689
101 0.31033993 -0.44235784 -0.18088661 0.106287956 0.37845522 -0.595558 0.7426699 0.04213964 -0.25161207 -0.034349807 0.60770017 -0.29003543 -0.5551678 -0.16197398 0.24541128 -0.20568788 0.25721595 0.15757766 0.39728385 0.21330313 0.33707646 0.90797824 0.4482882 -0.15934902 0.35456958 -0.008108189 -0.4938756 0.348409 -0.063760355 -0.08764372 -0.10838845 -0.004420633
102 -0.16430822 0.27805322 0.7707304 -0.22418061 -0.08430202 0.14816739 -0.23992889 0.9189786 0.05494478 0.25213915 0.28788194 -0.70608306 0.040205732 0.1748594 -0.12496827 0.22812752 0.32692483 0.4419956 -0.02633994 0.2982321 0.54438543 -0.2559211 1.2665812 1.2657315 0.08043258 0.09127657 -0.08067235 -0.51468146 0.22261529 -0.5172275 0.026617795 0.38266632
103 0.34347495 -0.37941527 -0.073108844 0.13581999 0.38503578 -0.54674226 0.77950895 0.03479762 -0.32240915 -0.012872894 0.5732838 -0.28922084 -0.55439025 -0.16718356 0.23733601 -0.15341069 0.31470475 0.12344609 0.400003 0.2586297 0.30482975 0.8696281 0.41240066 -0.131354 0.3248425 -0.100545056 -0.50847715 0.39867553 -0.04938521 -0.1256921 -0.040849503 -0.03220584
104 -0.19256012 -0.15288754 0.32757077 -0.24986552 -0.39631736 0.20758095 -0.46488553 0.0019110494 0.35891435 -0.25034264 -0.2842545 -0.8283406 -0.1979201 -0.7577508 -0.03007027 -0.18986198 0.31759477 0.08308355 -0.86398745 0.8669459 0.46285364 0.25559127 0.6781024 -0.097620375 -0.22373568 0.6198013 -0.5792166 -0.45804057 0.55806065 -1.2255007 0.27448478 0.42901817
105 0.33006597 -0.4480427 -0.2135948 0.19670649 0.4064081 -0.5966583 0.7413192 0.08520661 -0.19076255 -0.04431725 0.6471821 -0.33566472 -0.6009013 -0.0993813 0.15365073 -0.2567665 0.28242272 0.123952866 0.37307212 0.259157 0.41117257 0.8698283 0.4751758 -0.2386177 0.35007077 -0.11476753 -0.5645124 0.3630356 -0.098191306 -0.04256715 -0.1059834 -0.012331318
106 0.3953073 -0.48707175 -0.11274731 0.0861692 0.42789668 -0.5439591 0.65029407 0.09367001 -0.26136318 -0.07143612 0.56410676 -0.35719982 -0.5698649 -0.23190624 0.2567779 -0.16395126 0.28689495 0.11321943 0.35832164 0.2457849 0.32855687 0.8415574 0.44406992 -0.116670005 0.35191137 -0.12383475 -0.46623787 0.35140315 -0.0115873 -0.048362274 -0.081075616 -0.09213256
107 0.26417327 -0.46097502 -0.14295818 0.15574683 0.40763584 -0.5100154 0.79207 0.03696039 -0.2995887 -0.04553201 0.6341075 -0.27677736 -0.44124255 -0.13443412 0.13520314 -0.16912128 0.27820742 0.18290143 0.4080393 0.30199587 0.22372617 0.9009816 0.42011395 -0.14493069 0.29668424 -0.056805003 -0.44140673 0.29085785 -0.03988213 -0.100965835 -0.103571355 -0.07086029
108 -0.23651803 -0.055369724 0.54822475 -0.20424485 -0.15418907 0.56404495 -0.35074884 0.63971853 -0.15406214 0.6732542 -0.0950545 -0.7691502 -0.13367578 0.24270527 -0.16834788 0.41883677 0.17228062 0.60986775 -0.13528147 0.3088925 0.38937694 0.16720948 1.038907 0.9177176 0.099918745 0.48163298 -0.41499647 -0.6239324 0.28776735 -0.82595646 -0.060770564 0.32275823
109 -0.11203303 0.4057595 0.8505077 -0.17146152 -0.020907464 0.36413538 -0.357262 1.0249606 0.093371615 0.17678002 0.35532504 -0.7355311 0.057516232 0.15882105 -0.18679655 0.2519267 0.17256619 0.41987675 -0.122159004 0.41925922 0.6368556 -0.21152787 1.4080521 1.2680541 0.088139415 0.036690388 0.013204948 -0.48553628 0.33497638 -0.5367276 0.032938827 0.27401605
110 -0.17981021 -0.15095842 0.38640046 -0.3349116 -0.37625477 0.1863976 -0.43980274 -0.023853347 0.4151052 -0.24820223 -0.36232132 -0.77550817 -0.18153155 -0.8040875 -0.108361766 -0.29289502 0.25933895 0.033718403 -0.8103553 0.93459433 0.5314138 0.28202853 0.66833246 -0.11354979 -0.21757516 0.6340457 -0.6030228 -0.37812367 0.53918993 -1.2822281 0.13717045 0.38722363
111 -0.22441803 -0.035501625 0.39947996 -0.24465041 -0.38839236 0.29999635 -0.3883315 -0.060097504 0.30281848 -0.24531873 -0.25881204 -0.7492556 -0.20360059 -0.9573343 -0.09664266 -0.2561605 0.25362197 0.032778423 -0.77239233 1.0020607 0.41487476 0.34676298 0.7748778 -0.24723703 -0.14525746 0.6431126 -0.5382791 -0.3220178 0.5071483 -1.360046 0.23061858 0.27324912
112 -0.21994218 -0.21582162 0.5094813 -0.20879588 -0.35882327 0.1636836 -0.46232313 -0.07346797 0.38802156 -0.30158234 -0.23370866 -0.83973724 -0.22222039 -0.93563604 -0.081704594 -0.36046642 0.35306433 -0.004296683 -0.8233684 0.88275516 0.456762 0.2771816 0.6746673 -0.2502212 -0.19879508 0.5978487 -0.664836 -0.47018954 0.6005813 -1.4026567 0.2822655 0.36078778
113 -0.19519441 -0.20378788 0.52500355 -0.052476898 -0.063541725 0.5746091 -0.39743316 0.57184964 -0.09519558 0.8241249 -0.19658187 -0.87436014 -0.02269039 0.30142626 -0.26072335 0.39147735 0.26178792 0.52805394 -0.2494021 0.2589784 0.4657024 0.029223327 0.8798523 0.9125547 -0.052683845 0.57707924 -0.54585975 -0.5453186 0.30376488 -0.9472853 -0.11366238 0.32159162
114 -0.13158442 -0.024894135 0.61647975 -0.11304473 -0.06974539 0.59273034 -0.41221407 0.6409065 -0.14743084 0.71995103 -0.07096485 -0.6808453 0.041162033 0.24229696 -0.23524779 0.44488972 0.2261492 0.544142 -0.15773085 0.30906537 0.4274413 0.12624326 1.067711 0.83670527 0.050840586 0.54747933 -0.47955665 -0.6869599 0.2900415 -0.94168025 -0.016948847 0.31746092
115 -0.060384717 0.21853033 1.2572984 0.12189727 -0.3593704 -0.21196948 0.4484522 0.45532843 0.6388429 -0.1262982 1.1853201 -0.9921109 0.12515353 0.83794856 0.4257475 0.7076566 -0.24757588 0.14298211 -0.584606 0.93478394 0.6122504 -0.36916846 0.57080275 0.88542175 -0.14071473 0.73847634 0.4087732 0.43267664 0.3962342 -0.6691909 0.1545006 0.10446744
116 -0.17140765 0.33512974 0.8240954 -0.2261755 -0.06381423 0.2601748 -0.27124006 0.97840536 0.11575359 0.24008049 0.27897173 -0.70727515 0.040763002 0.25886306 -0.14532301 0.16221444 0.1777361 0.46922415 -0.12789166 0.33854634 0.61559564 -0.19442734 1.4720119 1.3670335 0.044308648 0.11388195 -0.07098842 -0.56340456 0.28279984 -0.50889283 -0.029607458 0.30455524
117 0.35909542 -0.42738363 -0.13974583 0.18027462 0.3764871 -0.55091 0.7420147 0.14691788 -0.30711058 -0.10082222 0.65014225 -0.33304685 -0.54777694 -0.13609184 0.23338938 -0.19928688 0.35263228 0.07622621 0.39711443 0.31282187 0.39905345 0.8257029 0.45765522 -0.13948591 0.3135855 -0.14273326 -0.4368221 0.36884582 -0.065801375 0.02994849 -0.034095887 -0.056993928
118 -0.22167116 0.38692033 1.1394293 -0.237211 -0.16729128 -0.26740393 0.10331641 0.66683555 0.4220234 -0.048432834 0.88962764 -0.76400805 0.07741896 0.4265293 0.3747396 0.4587632 -0.024529915 0.41616312 -0.25773758 0.55679643 0.5612261 -0.27228752 1.0150217 1.3149817 -0.08776626 0.41259032 0.3360171 0.112730876 0.44962803 -0.55844766 0.03769583 0.37875327
119 0.36101422 -0.389553 -0.059222776 0.14245975 0.41583085 -0.4733959 0.7965356 0.06304345 -0.30591932 0.0032550402 0.5561552 -0.34106413 -0.5278853 -0.18795732 0.23807451 -0.19605011 0.2632275 0.04640166 0.38167316 0.3035617 0.33788094 0.8700215 0.42335954 -0.17061017 0.314519 -0.091108 -0.43254024 0.45002908 -0.0208274 -0.062012453 -0.08175187 -0.023013873
120 0.44513243 -0.485814 -0.06419292 0.20018464 0.28847554 -0.57136816 0.91059405 0.078200825 -0.20273466 -0.038362227 0.58332396 -0.26403704 -0.43534097 -0.15050136 0.17493616 -0.09178866 0.30939013 0.111191526 0.4164908 0.32584962 0.315389 0.9093388 0.390389 -0.18405245 0.33489493 -0.024920784 -0.44094315 0.34573996 -0.06953411 -0.063553914 -0.019524463 -0.043776885
121 0.33691856 -0.5382867 -0.12983653 0.22947656 0.41608316 -0.5012574 0.7297071 0.117584296 -0.20731345 0.013291325 0.51321185 -0.36056754 -0.6080928 -0.08961065 0.1674385 -0.205282 0.3040933 0.11320818 0.31141138 0.23357132 0.34821185 0.8496148 0.2938275 -0.2048522 0.25964156 -0.050112624 -0.5839898 0.29959854 -0.044390377 -0.11917079 -0.12399807 -0.011696068
122 0.43266976 -0.36916235 -0.08322001 0.30110076 0.31783038 -0.50784785 0.7683047 0.15088831 -0.31670585 -0.034055494 0.51039594 -0.29336283 -0.59590787 -0.18897966 0.2676199 -0.19173601 0.3851444 0.026925342 0.34810004 0.34830117 0.37972796 0.8421223 0.46717572 -0.22900398 0.29407093 -0.18000083 -0.50501543 0.42436713 -0.031710062 -0.13325882 -0.05914453 -0.046152655
123 -0.16780122 -0.08778503 0.40770602 -0.345603 -0.39096633 0.22181004 -0.45243952 -0.10893913 0.35328844 -0.23263243 -0.2729136 -0.77228546 -0.19217265 -0.87936205 0.0026558915 -0.2581598 0.25961915 0.10570167 -0.88016516 0.850231 0.48783034 0.34732544 0.6966277 -0.12387745 -0.24624485 0.5750312 -0.5559974 -0.29421833 0.595831 -1.2618865 0.15823236 0.46144837
124 0.3152751 -0.45440105 -0.14962542 0.26358753 0.3604575 -0.58692175 0.7388382 0.12809959 -0.2718341 -0.015730578 0.53031236 -0.3860593 -0.48510006 -0.16115136 0.22033204 -0.21881178 0.44655707 0.029006805 0.40122864 0.34555638 0.3208737 0.77929455 0.40058276 -0.14551194 0.24040365 -0.08859762 -0.53542846 0.3653344 -0.11404666 -0.11865535 -0.067464404 -0.12657605
125 -0.055524327 0.22612594 1.286354 0.15892081 -0.1908181 -0.17392321 0.32316232 0.5593882 0.58089405 -0.20220445 1.1490071 -0.9608385 0.19634517 0.738667 0.379751 0.63028085 0.0031269568 0.25685638 -0.5525266 0.7411869 0.7023484 -0.2672116 0.7189082 1.1481086 -0.17709434 0.4813464 0.413273 0.19770992 0.6167696 -0.57881767 0.08410229 0.24026582
126 -0.3013018 -0.055189874 0.5489081 -0.14326489 -0.12911274 0.47814763 -0.33535692 0.73956144 -0.10996821 0.71294993 -0.025486724 -0.7923685 0.069562875 0.21039331 -0.32504642 0.4505161 0.31792775 0.6749777 -0.12917799 0.25195506 0.40459767 0.09201529 1.0152783 0.9946962 -0.024183061 0.46165007 -0.502818 -0.7379708 0.19108407 -0.85458535 -0.026268266 0.3313861
127 0.40010503 -0.5133542 -0.10390579 0.21883193 0.4335349 -0.4433336 0.7995948 0.119627744 -0.28474098 -0.018290205 0.5852122 -0.34709266 -0.57041824 -0.033415988 0.17442405 -0.21583402 0.36009198 0.055577517 0.3632183 0.28464487 0.293793 0.79581815 0.4308939 -0.20338567 0.3228165 -0.093278654 -0.50584453 0.31501764 -0.040802617 -0.10437794 -0.073080115 -0.11542621
128 -0.27275354 -0.16554539 0.40843967 -0.22616877 -0.40007135 0.15115821 -0.3578509 -0.11916494 0.500522 -0.23025936 -0.31986606 -0.76448196 -0.12059 -0.8065222 -0.1320769 -0.3333477 0.24101451 -0.011456128 -0.75417286 0.9544592 0.50903046 0.33414847 0.61628836 -0.20799808 -0.175374 0.7058379 -0.5902825 -0.3389797 0.56187993 -1.2918646 0.1874529 0.4127284
129 -0.10487629 -0.17550826 0.32943085 -0.35531044 -0.40753454 0.10298456 -0.4810038 -0.017448654 0.3643164 -0.28059044 -0.33620003 -0.8099138 -0.2276724 -0.8634223 -0.058424078 -0.346901 0.34914103 0.031320598 -0.86303616 0.9369159 0.5051573 0.31906435 0.64048535 -0.039127838 -0.2198335 0.6242326 -0.5315542 -0.30780858 0.559527 -1.2308733 0.18132299 0.42711338
130 -0.24277662 0.16305879 1.0610669 -0.23517257 -0.02931742 -0.33481815 0.046451624 0.76529884 0.5108126 -0.10531382 0.87905496 -1.041117 0.0944236 0.48936898 0.21681894 0.24435505 0.054217722 0.48879632 -0.39863282 0.28250065 0.6628681 -0.3741606 0.94334453 1.4697587 -0.23369624 0.24772556 0.16118766 0.013474421 0.455574 -0.48721203 0.14382127 0.41966787
131 -0.1473821 0.25274462 1.317149 -0.04190586 -0.2957234 -0.26641104 0.3536018 0.66567016 0.5390564 -0.08341546 1.0703366 -1.0902697 0.13866365 0.56113446 0.33540174 0.62036157 -0.009632243 0.3206355 -0.40657932 0.7773578 0.61261815 -0.42508265 0.7412836 1.2196462 -0.1303018 0.5036233 0.36335248 0.3671195 0.4142543 -0.5927826 0.046273332 0.24429038
132 -0.2960602 -0.14899293 0.4406642 -0.2516753 -0.3368667 0.15479265 -0.42631382 0.006066189 0.35358843 -0.2567577 -0.22479738 -0.85277903 -0.19443098 -0.8464411 -0.08489423 -0.29842833 0.35439467 0.039819628 -0.82349575 0.80487096 0.46445578 0.35011488 0.5797301 -0.0885315 -0.23877954 0.68183887 -0.6004698 -0.38475052 0.6338544 -1.3079726 0.21086311 0.48807988
133 0.30860958 -0.51999456 -0.1193771 0.2844366 0.41814542 -0.48580042 0.7638461 0.08046985 -0.289468 0.0587967 0.55879486 -0.36448473 -0.48726833 -0.065228485 0.17891331 -0.14341053 0.35929394 0.12042442 0.2891609 0.26266134 0.32454523 0.9028432 0.26034546 -0.203681 0.25481135 -0.065062135 -0.51514566 0.33051378 -0.07068296 -0.14568812 -0.0991959 -0.03776221
134 0.036438365 0.3328609 0.73830783 -0.15866433 -0.088878535 0.29957375 -0.30684873 1.0156143 0.04003412 0.24282806 0.23609994 -0.7103202 0.055553824 0.18160431 -0.1716113 0.30393308 0.24385096 0.5124076 -0.090490505 0.45402345 0.5704797 -0.26793426 1.4163467 1.2486237 0.09301361 0.023676842 -0.016653612 -0.5904558 0.24898852 -0.52682525 0.04465318 0.23536113
135 -0.03772373 -0.006049463 1.2407876 0.063950405 -0.06747306 -0.36070022 0.55585945 0.53019816 0.685665 -0.17357163 1.1625443 -0.957147 0.4046228 0.8063914 0.22629838 0.51992387 -0.13648148 0.44053328 -0.7225815 0.79393023 0.791932 -0.26065508 0.49722555 1.0736016 -0.39913902 0.59261864 0.35907117 0.3064458 0.5780641 -0.4395952 -0.12345574 0.47888708
136 0.38831016 -0.5440208 -0.071497224 0.1472571 0.49099812 -0.4427838 0.7627139 0.014445548 -0.25849193 -0.019229762 0.6447664 -0.32498425 -0.61077017 -0.042483743 0.25596175 -0.159413 0.2182629 0.14206925 0.40146047 0.21392724 0.3765274 0.8771693 0.3879664 -0.18617216 0.34224284 -0.0623553 -0.41721177 0.30334672 0.038857646 -0.06536568 -0.10206259 -0.0681179
137 0.2486664 -0.43900898 -0.13541983 0.22359659 0.36418682 -0.50675863 0.8360974 0.1804854 -0.22343308 -0.019886222 0.6178871 -0.26937026 -0.43304518 -0.11729916 0.13622317 -0.07675801 0.30280256 0.10427977 0.30897826 0.32302383 0.29071823 0.87694013 0.4263523 -0.1432044 0.3636997 -0.12701167 -0.51631266 0.33443838 -0.04223249 -0.090966694 -0.0746214 -0.08389486
138 0.3747679 -0.5220227 -0.1524269 0.24126738 0.36451045 -0.62541604 0.7917721 0.009707934 -0.2131508 -0.038989983 0.55118656 -0.3456133 -0.4227038 -0.10201167 0.13054492 -0.20064068 0.21734138 0.21719418 0.21308921 0.2578537 0.38389367 0.9385254 0.34791377 -0.19354768 0.26484355 -0.025013598 -0.6043146 0.17726815 -0.05354973 -0.005118919 -0.10454956 0.1593145
139 0.29892167 -0.45479992 -0.005041754 0.16929927 0.43214542 -0.5840414 0.7522478 0.061723445 -0.23136613 0.04677632 0.56346214 -0.31645328 -0.51073873 -0.08268466 0.24286164 -0.16292202 0.20586829 0.036743965 0.37324974 0.21592994 0.35374346 0.8708497 0.37858427 -0.14278069 0.42968538 -0.051935628 -0.54345447 0.36912742 -0.117248766 -0.06152123 0.014919082 0.1093674
140 0.5048483 -0.49414027 -0.0863497 0.2715233 0.37166315 -0.56575584 0.7904242 0.038280006 -0.23378569 0.003233082 0.4979443 -0.34182075 -0.4542685 -0.05545352 0.21966648 -0.13923733 0.27537277 0.18276669 0.36550725 0.29162124 0.34161654 0.8254546 0.3690015 -0.14805073 0.28922758 0.02159154 -0.54277086 0.27113083 -0.099333234 -0.07872572 -0.11105315 0.019924771
141 -0.20711733 -0.18037747 0.50874466 -0.26951078 -0.30898795 0.14816672 -0.42458028 -0.21603912 0.36243004 -0.13952035 -0.23170301 -0.8788258 -0.15546015 -0.8844264 0.048461802 -0.2765098 0.28881136 0.13737723 -0.82489514 0.6442643 0.44769603 0.31334814 0.5846597 -0.16742718 -0.2605395 0.66429037 -0.64340574 -0.40707076 0.6802465 -1.3786099 0.23505633 0.5568951
142 0.28150594 -0.32522872 -0.11555921 0.20227632 0.45342055 -0.47310856 0.7913542 0.12018304 -0.29653603 -0.036843743 0.6153644 -0.34311244 -0.5662925 -0.24944298 0.16714351 -0.25057283 0.3185733 0.08328095 0.47806978 0.2766065 0.29368177 0.8607763 0.4894768 -0.14268295 0.31027266 -0.16355237 -0.47764456 0.35535187 -0.08544764 -0.044081826 -0.12888655 -0.1055969
143 0.312184 -0.49745065 -0.15001683 0.23052126 0.40383238 -0.4141286 0.739766 0.12952219 -0.23841126 -0.06026063 0.597862 -0.36853784 -0.5117652 -0.12994325 0.16690582 -0.19542632 0.29301056 0.14681117 0.3116104 0.23246911 0.35846907 0.87940484 0.36160573 -0.106028646 0.275265 -0.12487275 -0.5025588 0.27135307 -0.014030248 -0.08629495 -0.15780337 -0.08927529
144 0.44402468 -0.46379936 -0.1346317 0.16235735 0.3812255 -0.5210512 0.76659775 0.11230896 -0.28839365 0.042361226 0.5308548 -0.35214418 -0.5211759 -0.17284198 0.24432844 -0.14196245 0.2863778 0.15123361 0.33231294 0.28852716 0.34175628 0.9128331 0.36883676 -0.21507578 0.30976105 -0.05992199 -0.4956677 0.37201762 -0.03523107 -0.046533138 -0.07948987 -0.023132477
145 -0.21800546 -0.09105718 0.7838204 -0.0826368 -0.06259923 0.99523246 -0.23950452 0.6157572 -0.2990365 1.0632757 -0.094477214 -0.7084118 -0.1905341 0.24031496 -0.35727528 0.55732846 0.18144229 0.48620707 -0.04057971 0.3841525 0.29769152 0.03746713 1.0761938 0.77173287 0.09538026 0.46386123 -0.48966414 -0.5269158 0.44789618 -1.3056428 -0.19484076 -0.008177326
146 0.43404412 -0.33994696 -0.017492691 0.16539297 0.4746313 -0.42746142 0.72152674 0.11038858 -0.39882407 0.023535307 0.5845624 -0.33331385 -0.5415154 -0.12511246 0.21416943 -0.18398902 0.33326915 0.11942711 0.4488938 0.23743016 0.37171504 0.7882765 0.5142023 -0.1451241 0.3190456 -0.20324616 -0.49668023 0.38257718 -0.076240666 -0.07364401 -0.1080895 -0.024349382
147 -0.18003497 0.22882105 1.2938673 0.08667144 -0.2384612 -0.33292305 0.41748363 0.6502312 0.63246536 -0.16206391 1.1107473 -0.8798354 0.32341513 0.6393756 0.15746437 0.4497748 -0.056851815 0.3279435 -0.35391906 0.72103894 0.6439391 -0.37108988 0.84211445 1.1740841 -0.11771748 0.5061807 0.30915245 -0.016393267 0.36798298 -0.5006653 0.037679967 0.31738237
148 0.38327956 -0.4638527 -0.08038438 0.2706155 0.3586576 -0.5189117 0.7613525 0.13414164 -0.3230486 0.092793174 0.53346133 -0.40224537 -0.5236413 -0.074122116 0.23924738 -0.16118723 0.33140522 0.09875729 0.40280065 0.30418745 0.41214687 0.9248908 0.3337688 -0.18920904 0.2739965 -0.028993653 -0.5802407 0.3835273 -0.10021809 -0.030052092 -0.09068434 -0.023083689
149 -0.24340865 -0.09597027 0.38106358 -0.213891 -0.43918878 0.21863656 -0.39462325 -0.08220534 0.38989905 -0.23777217 -0.3365457 -0.8116134 -0.3069881 -0.81879675 0.06456205 -0.27227038 0.24018279 -0.027110724 -0.80386335 0.93666166 0.48949626 0.30700177 0.6560473 -0.28848317 -0.21722908 0.6845068 -0.6412957 -0.2593702 0.53563267 -1.3870039 0.1723914 0.391946
150 0.355399 -0.4614164 -0.04679718 0.18967302 0.4745709 -0.579422 0.7778873 0.1010992 -0.22503944 -0.054830592 0.5732578 -0.34874654 -0.4582113 -0.10571792 0.2071917 -0.20796518 0.1730876 0.18931961 0.35189116 0.20470034 0.34099108 0.97533727 0.4029791 -0.19651395 0.3056614 -0.018403247 -0.5205468 0.32366398 -0.034044523 -0.023847079 -0.09059623 0.0080626905
151 0.39022055 -0.4210635 -0.033028107 0.17343228 0.42581138 -0.5168998 0.7418065 0.06394131 -0.32240108 0.023662815 0.54588866 -0.29255942 -0.5620757 -0.027185194 0.20855595 -0.13389595 0.2701758 0.16724283 0.3309713 0.24171934 0.39668655 0.878901 0.39191577 -0.20534636 0.3821524 -0.07187419 -0.5691969 0.276158 -0.08177363 -0.063511275 0.0022052159 0.034132652
152 0.4625574 -0.424446 -0.0777723 0.15570384 0.44365022 -0.58505225 0.717017 0.08073358 -0.20006038 -0.02788889 0.5435228 -0.307263 -0.5162943 -0.07528442 0.19405083 -0.2594774 0.17564015 0.13552588 0.3561589 0.2592336 0.4431778 0.8995362 0.5073296 -0.164782 0.31895104 -0.10885411 -0.503364 0.37272382 -0.03127629 -0.0009919646 -0.097052395 0.0543162
153 -0.17850202 -0.090914674 0.46761015 -0.27969328 -0.4613583 0.20946717 -0.43391836 0.006874315 0.3758024 -0.19756316 -0.33214417 -0.80211896 -0.16440819 -0.88669837 -0.08088275 -0.25965413 0.30305922 0.09643292 -0.8461857 0.9395346 0.47530293 0.2965863 0.6445833 -0.12666366 -0.22849594 0.6213982 -0.5855863 -0.35511768 0.55292207 -1.2982415 0.15077715 0.48011747
154 0.36360908 -0.48577183 -0.072810285 0.11114293 0.4458809 -0.4919885 0.70912606 0.09600018 -0.2835879 -0.025260936 0.60533655 -0.3134261 -0.5908076 -0.18085152 0.16857152 -0.1947012 0.213514 0.13619307 0.40951592 0.25628865 0.39523914 0.87958235 0.40702567 -0.2246896 0.354985 -0.10775118 -0.54769045 0.321227 -0.10485566 -0.08318711 -0.039750975 -0.0438416
155 -0.10936302 0.017307471 1.2943175 0.029678257 -0.16354102 -0.4684049 0.44869533 0.45729673 0.7027938 -0.19280061 1.308195 -1.021332 0.30762014 0.7909677 0.43418187 0.59290856 -0.022502374 0.4090827 -0.5894344 0.66868716 0.7390359 -0.3580949 0.5697873 1.2158446 -0.24627593 0.64512855 0.3289802 0.20922792 0.61550254 -0.5877341 0.12514466 0.39522052
156 -0.41546792 -0.09097208 0.6599811 -0.13681395 -0.12842387 0.85259 -0.23120786 0.5802695 -0.2093691 0.9213403 -0.027603703 -0.86045486 -0.10249509 0.05457687 -0.52883893 0.48714626 0.26615614 0.46048513 -0.039883826 0.30714864 0.26268643 0.060797386 1.0646211 0.8206952 0.09593889 0.46512568 -0.5593998 -0.69415134 0.2661958 -1.2692823 -0.1903645 -0.11034455
157 -0.17618258 -0.099902324 0.4325346 -0.35666642 -0.41496292 0.18234795 -0.39547634 -0.036292665 0.38560265 -0.2859332 -0.25060377 -0.6707648 -0.12904568 -0.8089647 -0.049031854 -0.23855239 0.15836948 0.087007605 -0.7736119 0.9829524 0.46646184 0.3072583 0.68309414 -0.1640703 -0.1519951 0.6402912 -0.48148876 -0.37177083 0.5589567 -1.3107208 0.20561618 0.33074862
158 -0.2032996 0.2916502 1.2256252 -0.11835062 -0.23176603 -0.24327682 0.3922187 0.75927573 0.61689246 -0.103670664 1.0293272 -0.97116137 0.23016925 0.5560351 0.20200989 0.46105814 -0.2466604 0.37613752 -0.4602356 0.818728 0.594114 -0.32173625 0.8695627 1.2355373 -0.25297886 0.47265404 0.40057278 0.35410938 0.3454521 -0.46090978 -0.12931891 0.14264384
159 -0.3218243 -0.13290016 0.6442908 -0.079266 -0.15476005 0.758348 -0.29635227 0.72756153 -0.15838301 0.882263 -0.21595503 -0.8260844 -0.037662737 0.1580464 -0.53140295 0.39074844 0.1413622 0.54121166 -0.06937036 0.46595553 0.3156724 0.095425345 1.0706058 0.79014987 0.1190221 0.5428381 -0.46052295 -0.7043498 0.24616215 -1.0798688 -0.22917265 0.019086659
160 -0.32926023 -0.18223108 0.6693925 -0.12266533 -0.0763734 0.9258608 -0.20501633 0.5884859 -0.12233799 0.8617741 -0.007974798 -0.8773983 -0.061629627 0.13680622 -0.49020544 0.58167887 0.12649865 0.5597609 -0.047214575 0.338564 0.27397794 0.018209375 1.0103344 0.7765313 0.14269872 0.49477866 -0.42541692 -0.6002139 0.3654067 -1.2485954 -0.17111097 -0.22317672
