1 0.07308643 -0.3800914 0.31362188 0.17391726 0.1294142 -0.60669357 0.8904019 0.45371526 -0.034229036 -0.38887706 0.41136944 -0.108447865 -0.63386744 -0.46209368 -0.46632978 -0.2503663 -0.072747424 -0.077597536 0.14129966 0.56895375 0.32696587 0.50174105 0.6460909 -0.8860371 -0.18955605 -0.012088689 -0.26618534 -0.1865272 0.32552844 -0.33154398 -0.40960062 -0.2854123
2 0.24737552 -0.4574027 0.23723081 0.20480655 0.06927866 -0.5154585 0.887783 0.29228565 -0.028943699 -0.41343746 0.4387502 -0.09298351 -0.59248555 -0.40262166 -0.6061326 -0.25303835 -0.116575286 -0.107225075 0.014603575 0.45607406 0.48572162 0.5537332 0.5803156 -0.7868295 -0.22674915 -0.02944252 -0.39240402 -0.1786174 0.43722138 -0.31825778 -0.34402356 -0.17989409
3 0.18253574 -0.47214013 0.24403483 0.14799789 0.25061378 -0.55009997 1.0040153 0.38766497 -0.06515679 -0.43913186 0.44020104 0.025937555 -0.534546 -0.5387624 -0.5332212 -0.34688705 -0.06908995 0.0593472 0.111711964 0.35182723 0.35902306 0.549059 0.6217662 -0.7565492 -0.16958563 -0.06304344 -0.28905404 -0.21301715 0.29988676 -0.21353106 -0.34329563 -0.2793367
4 0.16628368 -0.42303365 0.26614213 0.204456 0.022489138 -0.6544254 0.94786376 0.42675996 -0.014506384 -0.43030408 0.3500014 0.016196094 -0.5669811 -0.49379107 -0.52333945 -0.23917545 -0.10423726 -0.028479379 0.11442715 0.5616649 0.31034887 0.58399224 0.67341036 -0.8994284 -0.18043487 0.0054468666 -0.22628434 -0.22269353 0.35876045 -0.29288217 -0.3651468 -0.26985195
5 0.07474807 -0.43128383 0.23527367 0.18971184 0.058079757 -0.55038965 0.9075981 0.3491748 -0.03631843 -0.39454305 0.34054652 -0.20005813 -0.6795331 -0.44701108 -0.542009 -0.22750352 -0.14081514 -0.031002376 0.17638144 0.47275323 0.39567277 0.5318469 0.60281664 -0.8395782 -0.23371555 0.087473236 -0.31177017 -0.23132919 0.32059512 -0.2338183 -0.30134273 -0.31504056
6 0.17239222 -0.5225989 0.16100255 0.2233085 0.088768624 -0.59284407 0.92574114 0.33458433 -0.024835994 -0.4078486 0.32954615 -0.026650134 -0.52602994 -0.42155623 -0.42446545 -0.2181302 -0.024941005 -0.07833759 0.21528555 0.44778505 0.39834112 0.57068795 0.66903234 -0.8506195 -0.15481532 -0.04827844 -0.30075514 -0.15783332 0.2848135 -0.24754378 -0.3613625 -0.36190996
7 0.19113484 -0.4755101 0.22128752 0.14057565 0.120942384 -0.6225699 0.9183826 0.30373198 -0.107469454 -0.3866879 0.38553387 -0.040401194 -0.5450387 -0.41054544 -0.47868437 -0.2219468 -0.04599448 -0.07378379 0.18197918 0.5460136 0.3067152 0.5374607 0.59142226 -0.86264986 -0.14727941 -0.09177403 -0.29373604 -0.14085433 0.34718567 -0.2327867 -0.39105627 -0.32311365
8 0.21849783 -0.44918102 0.3203091 0.24115697 0.07929423 -0.5382665 0.8928471 0.35962594 -0.07585859 -0.39899588 0.40230677 0.035281222 -0.6191953 -0.5504835 -0.50572515 -0.19964336 -0.042932637 -0.09604472 0.17296538 0.50109893 0.41764098 0.55793417 0.6752699 -0.8133186 -0.16656579 -0.05585133 -0.29726297 -0.19821988 0.32435375 -0.17868495 -0.43445212 -0.2407508
9 0.15018807 -0.44273373 0.2586406 0.17595051 0.14286621 -0.5872178 0.898886 0.3635734 -0.07744385 -0.36941034 0.38706812 -0.008517406 -0.5944884 -0.34517914 -0.51916534 -0.23784578 -0.16100708 0.00080348545 0.11918064 0.5271132 0.3597131 0.523284 0.6598615 -0.90843105 -0.11757508 -0.045166295 -0.27596548 -0.16592617 0.34834108 -0.23974514 -0.3778252 -0.28459477
10 0.13024516 -0.4348491 0.36185566 0.15638612 0.16932681 -0.4303333 0.9413007 0.49862266 -0.08321586 -0.47060058 0.40521508 -0.0028449986 -0.56206286 -0.4595026 -0.5235956 -0.33100796 -0.096754156 -0.045088008 0.058146965 0.47091842 0.44350684 0.5903718 0.64762354 -0.7775561 -0.24937895 -0.0499648 -0.29807773 -0.17946596 0.31534562 -0.2844996 -0.3655617 -0.29180056
11 -0.4697888 -0.63274854 0.77976274 -0.1662734 -0.28129756 -0.30752754 0.037198495 0.10987109 -0.073478796 0.37833878 -0.13989593 -0.40309638 0.29758364 0.14454125 0.34490615 -0.49197835 0.14428216 0.54652447 0.51788944 -0.0012452331 0.25303137 0.53462744 0.78657 0.88085383 0.52746624 0.9906323 -0.20970404 0.2628219 0.080928214 -0.5532284 0.29066738 0.24983709
12 -0.52294743 -0.49340725 0.7506538 -0.16452809 -0.13118267 -0.26212415 0.12300407 -0.010057259 -0.091986656 0.47717768 -0.16052938 -0.365795 0.1947993 0.31297794 0.4028712 -0.4628016 0.087001465 0.55600727 0.5380925 0.16215833 0.35047778 0.47861984 0.93162346 0.8572516 0.6004689 1.0626845 -0.26862308 0.27449435 0.03055801 -0.6369554 0.32138896 0.18629785
13 0.20536008 -0.39873785 0.34088165 0.18041036 0.14135757 -0.5077231 0.91128874 0.3532718 -0.052112523 -0.41077673 0.3448208 -0.059084684 -0.6055282 -0.48434857 -0.4599322 -0.24507983 -0.12430157 -0.07974345 0.12521161 0.46996915 0.4552569 0.6136914 0.7131789 -0.80939764 -0.20875849 -0.14231566 -0.31810492 -0.16244659 0.3009738 -0.24846128 -0.43740958 -0.31261605
14 -0.424508 -0.6610754 0.7649185 -0.18218537 -0.23377858 -0.20308572 0.06743036 0.011155733 0.065642126 0.55208427 -0.18228416 -0.3638302 0.31923598 0.26489764 0.38975766 -0.47166523 0.16558512 0.517747 0.5614527 0.012459959 0.31013408 0.56500477 0.9477957 0.85933965 0.6206391 0.9110148 -0.12604094 0.35405418 0.22096823 -0.6708833 0.31375176 0.27126098
15 0.19740532 -0.39764974 0.24121973 0.18263432 0.1623957 -0.5806007 0.8190268 0.33814278 -0.020291828 -0.46513772 0.42872033 -0.0470977 -0.5630555 -0.5303972 -0.5741894 -0.24953969 -0.088886805 0.04383426 0.100725174 0.49518806 0.43680966 0.5462082 0.64219093 -0.8554116 -0.14702027 0.012453004 -0.23570566 -0.08337586 0.43183902 -0.20051579 -0.3845928 -0.2094462
16 -0.43475866 -0.501852 0.72245896 -0.2828799 -0.20743375 -0.26162636 0.053169068 0.027263135 -0.14501856 0.3504678 -0.13967423 -0.30710915 0.24970242 0.24573435 0.37356347 -0.50004226 0.1620729 0.56343836 0.47327065 0.1585228 0.36011964 0.48030552 0.7848606 0.77695674 0.5705692 0.9580613 -0.19070347 0.37850904 0.22775817 -0.73814374 0.37663144 0.33681005
17 0.111941695 -0.46973437 0.2751921 0.2044529 0.051573865 -0.60061646 0.97427213 0.41236332 -0.09221758 -0.4776584 0.45592242 -0.053786922 -0.56091994 -0.4603351 -0.41542596 -0.2597254 -0.10520978 -0.13436289 0.0785933 0.51520836 0.45283714 0.5837177 0.545914 -0.84787136 -0.21845096 -0.039375965 -0.3197899 -0.17829137 0.23322071 -0.26972163 -0.23336694 -0.22394548
18 0.042225152 -0.49951646 0.59787667 -0.12340083 0.112679645 -0.29873717 0.25002322 0.39740366 -0.114945285 0.26256818 0.19453405 -0.44634 0.48934802 1.0618333 0.31801218 0.13672619 -0.11709657 0.89501 -0.09461912 0.1812727 0.22106808 0.45463756 0.647309 1.2029265 0.32780075 0.6240191 -0.014885208 0.12675746 0.1366814 -0.27166787 0.13292815 0.3218337
19 0.19361147 -0.54654783 0.31225038 0.16653565 0.11608444 -0.5196378 0.8164809 0.41650587 -0.035170227 -0.5315451 0.38844964 -0.066853255 -0.5487632 -0.47133997 -0.54942936 -0.22757192 -0.06538812 -0.04329709 0.05232356 0.45819616 0.42625183 0.6401655 0.6298398 -0.77390206 -0.24346085 -0.08941238 -0.27270404 -0.19458772 0.37128627 -0.2011975 -0.37298247 -0.29108745
20 0.1443206 -0.42107746 0.26404053 0.13166629 0.19106798 -0.61213964 0.958106 0.43354777 -0.10246073 -0.48862156 0.40437773 -0.061947443 -0.60556954 -0.4470992 -0.53242934 -0.22430147 -0.079296395 -0.004618372 0.11200361 0.44552612 0.35715175 0.48958442 0.62040496 -0.81421334 -0.15845789 -0.070725486 -0.28171638 -0.21425924 0.29447976 -0.27958193 -0.37109697 -0.33081678
21 -0.06303841 -0.28863126 0.14261155 0.18815361 0.18591402 -0.1909135 0.24647725 0.10514668 -0.09409588 0.3067474 0.08099027 -1.4463575 0.61360437 0.19275403 -0.0832074 0.55864996 0.82355094 0.9609853 -0.18025598 1.108787 -0.19160002 0.36367 0.9469425 1.0644441 -0.25973156 -0.6692098 -0.40165722 -0.08544751 -0.21389602 0.029632151 -0.57709676 0.7486447
22 0.38752496 -0.61170644 -0.044849172 -0.055201437 0.037302967 -0.58812946 1.0516616 0.2394615 -0.17526114 -0.43253568 0.4759115 -0.19569199 -0.6473623 -0.40002996 -0.48537225 -0.22079103 0.046293937 0.103997074 0.094599955 0.19439885 0.4706277 0.5074103 0.36465916 -0.6865285 -0.10829767 -0.026776271 -0.35431615 -0.23217244 0.46375564 -0.21540314 -0.17077039 -0.17740947
23 0.38995552 -0.48894164 0.07346384 -0.11154842 -0.0942912 -0.69703805 0.9063228 0.1551434 -0.25994182 -0.47632426 0.3728246 -0.026444867 -0.5641325 -0.5349918 -0.39994818 -0.2771206 0.04896629 0.033405002 0.09693591 0.3991226 0.40610823 0.58298135 0.39667177 -0.76981187 -0.068357036 -0.075315066 -0.32055286 -0.25161573 0.4508853 -0.19512966 -0.21610449 -0.11695787
24 -0.45210996 -0.477911 0.8107976 -0.34842739 -0.24831161 -0.2962909 0.07818535 -0.069484495 -0.043234974 0.40726662 -0.089182466 -0.42607233 0.30374116 0.1352586 0.43110135 -0.5507497 0.16381775 0.58793145 0.4607192 0.007637997 0.31355107 0.49047294 0.7658944 0.72422093 0.5283691 1.0211462 -0.26968312 0.31398752 0.131698 -0.74599266 0.37806854 0.2863166
25 0.38100073 -0.62042946 0.07101029 -0.02037097 -0.05289149 -0.6870427 0.95693 0.1571329 -0.16666202 -0.4599584 0.45423746 -0.1317012 -0.5873698 -0.47328588 -0.47193688 -0.15155469 0.13319136 -0.047460634 0.0950298 0.32035667 0.5017065 0.527776 0.34570304 -0.6561318 -0.13986325 -0.05436707 -0.39794955 -0.24927655 0.35543713 -0.15867423 -0.14299285 -0.13179351
26 0.37752858 -0.509123 -0.056998685 -0.037523773 -0.054209568 -0.58903503 0.9830107 0.112403065 -0.18475974 -0.35939628 0.44911358 -0.0691508 -0.5808289 -0.37141964 -0.46045408 -0.15471363 -0.023294173 0.06311444 0.043755744 0.28210318 0.41285554 0.592338 0.3864756 -0.692889 -0.05401026 0.035345934 -0.3586513 -0.21141393 0.53325355 -0.1947053 -0.2259108 -0.16877732
27 0.4294111 -0.47018096 0.0014532714 -0.011171942 0.0024265598 -0.7122287 0.8650199 0.14570433 -0.22164883 -0.4223819 0.439324 -0.2670064 -0.61063385 -0.4230636 -0.4365584 -0.14543635 0.025204448 0.059473563 0.07236122 0.34430468 0.478066 0.50345194 0.34309086 -0.7531046 -0.11823454 0.007034516 -0.33791196 -0.16031039 0.4826779 -0.16769788 -0.119068824 -0.10793252
28 0.44824734 -0.5049571 0.12771428 -0.03189394 0.07762586 -0.7159069 1.0166136 0.24157032 -0.273272 -0.3854764 0.5594463 -0.04587813 -0.5309055 -0.33017343 -0.41854858 -0.11363291 0.097850434 -0.0067059565 0.13947898 0.31594896 0.47753963 0.47837025 0.33210036 -0.7189367 -0.123344064 -0.11296144 -0.3597326 -0.23689522 0.32555494 -0.19001362 -0.18969874 -0.16552034
29 0.44947386 -0.51696455 -0.062355798 -0.06682607 -0.030271664 -0.6597314 1.0032227 0.23011662 -0.2848777 -0.4206552 0.45017138 -0.12815605 -0.60138685 -0.35497805 -0.38623318 -0.16046615 0.03278156 0.0376416 0.054331236 0.26929882 0.42817965 0.4867339 0.3408978 -0.67403543 -0.07709266 -0.05485728 -0.37166613 -0.22712502 0.3531317 -0.19689676 -0.22040543 -0.16912904
30 0.39364016 -0.48992375 -0.032504223 -0.033658568 -0.05423942 -0.5931546 0.87434584 0.02652836 -0.21404576 -0.26329377 0.39824674 -0.08984763 -0.59627026 -0.4105526 -0.52375096 -0.16663718 0.05202421 0.04959229 0.06759888 0.35745245 0.42548844 0.5257948 0.40707847 -0.7115306 -0.07403206 -0.015891228 -0.39637703 -0.27177414 0.5217027 -0.2579723 -0.2420359 -0.09967948
31 0.36682644 -0.50730705 -0.02451926 -0.104187176 -0.025996925 -0.5770824 0.96245575 0.10749191 -0.1801184 -0.31989017 0.40354848 -0.18443988 -0.6143003 -0.43074164 -0.48729244 -0.2392375 0.07481192 -0.0012260469 0.15888095 0.31604138 0.37963226 0.512624 0.3783458 -0.7659488 -0.15559879 -0.01748735 -0.3880027 -0.231594 0.45834818 -0.25710696 -0.23297717 -0.18178034
32 -0.6061729 -0.3968307 0.78124833 -0.22322628 -0.11698956 -0.17185676 -0.15706365 -0.11521979 -0.1399712 0.26728696 -0.28393507 -0.54108095 0.20615147 -0.032955434 0.41416642 -0.6117063 0.24108747 0.42374873 0.5532175 0.30536303 0.48133615 0.9168211 0.9713262 0.7230709 0.6364853 1.0834737 -0.37468976 0.65026784 -0.023500476 -0.6292135 0.41583052 0.26368126
33 -0.52589136 -0.3850771 0.95715207 -0.26682523 -0.036629803 -0.16108118 -0.22047012 -0.13141218 -0.12432878 0.1697191 -0.23517734 -0.45646077 0.24763466 -0.087247275 0.23104082 -0.75697285 0.23666884 0.28816903 0.4805631 0.27174273 0.5029951 0.95392704 0.98990625 0.6416117 0.5508181 1.077232 -0.3637556 0.6311474 -0.16056556 -0.7278981 0.45939574 0.36427623
34 0.05642602 -0.30236226 0.30300143 -0.1013143 0.20613676 -0.16389148 0.24495335 0.7646364 -0.14468873 0.021936817 0.068652526 -0.9937138 0.5065071 1.0194728 0.5314182 0.3574737 -0.07192748 0.94657093 -0.28862914 0.49368513 0.08434929 0.5693137 0.74899703 1.030398 0.13713601 -0.15435728 0.12637354 0.6179502 0.4099666 -0.08902069 -0.11155348 0.51322407
35 0.42938367 -0.53642684 -0.043998476 0.02752563 0.0071742376 -0.6459519 0.9525987 0.027503021 -0.21797112 -0.40320277 0.4734078 -0.032028433 -0.5597907 -0.47186613 -0.48662215 -0.12710474 0.07050828 0.055480182 0.08266665 0.356913 0.54780895 0.56224895 0.37009034 -0.73235786 -0.049458645 -0.11785119 -0.42372558 -0.2089397 0.3894814 -0.16086468 -0.15656644 -0.13584575
36 -0.13675784 -0.2597251 0.1521027 0.027443213 -0.023022749 -0.2401234 0.43896464 0.071503215 -0.14637874 0.29683578 0.095409624 -1.5795721 0.57529455 0.27667657 -0.09894299 0.48643497 0.7545019 0.83240277 -0.11257016 1.0875812 -0.34044647 0.17185119 0.8154439 0.8955044 -0.33437872 -0.5813141 -0.39598256 -0.23382868 -0.3081588 -0.14810567 -0.4833425 0.6697986
37 -0.085761406 -0.28972524 0.17418364 0.106276006 0.09975625 -0.38015452 0.35272008 0.019699605 -0.1702181 0.3370668 0.17308065 -1.3624123 0.7075807 0.12771346 -0.18715802 0.46055624 0.8874108 0.8959811 -0.22215916 1.1965199 -0.36968648 0.23016626 0.76712435 0.8070349 -0.3651985 -0.6965729 -0.44798923 -0.17670123 -0.29370663 -0.090131156 -0.47534764 0.8454053
38 -0.016017664 -0.06428479 0.11457387 0.014672966 0.24464759 -0.67224663 0.55979 -0.40655807 -0.5013662 0.4119381 0.47162974 -0.97394884 0.8701562 0.11069603 -0.11455787 0.4930885 1.0570877 0.9021214 -0.18215093 1.5631138 -0.41415623 0.28353012 0.79023165 0.6234599 -0.16052982 -1.0865383 -0.5273209 -0.14091711 -0.38644856 -0.08137532 -0.73390657 0.8840704
39 0.3152262 -0.4746901 0.010098758 0.016016359 -0.010473299 -0.64272493 0.90303934 0.17818694 -0.21627176 -0.4028793 0.35131773 -0.098098814 -0.57276124 -0.39438513 -0.42272073 -0.17583176 0.032930683 0.005863066 0.12363776 0.3654579 0.39624134 0.5883785 0.48109537 -0.7717722 -0.111517824 -0.070384935 -0.3146904 -0.21070164 0.32440805 -0.19713819 -0.2663065 -0.20656992
40 -0.5091435 -0.46206182 0.96639705 -0.24830954 0.042264357 -0.1848122 -0.18762253 -0.116461955 -0.074251465 0.16725053 -0.13362241 -0.4514688 0.3457162 0.1388144 0.23161408 -0.6324731 0.22742598 0.30346054 0.4535302 0.33175445 0.5813086 0.8708819 0.87064165 0.6489157 0.53459096 1.0522388 -0.33827594 0.56109834 -0.020244177 -0.72194004 0.54330677 0.35532197
41 -0.078241296 -0.1431222 0.07676317 -0.14169687 -0.07690652 -0.30128005 0.44952124 0.056389187 -0.36215392 0.3360802 0.058948245 -1.5650958 0.47348344 0.2434882 -0.062078174 0.35501954 0.73158926 0.89779884 -0.25928196 1.0543506 -0.40134358 0.35408854 0.78615975 1.040842 -0.40584365 -0.6674876 -0.5648917 -0.38181338 -0.37118363 -0.08219096 -0.5631388 0.7866607
42 -0.59741205 -0.38368133 0.7870115 -0.31126046 -0.20120038 -0.3446713 -0.14330637 -0.18894885 -0.21384794 0.25470293 -0.31189683 -0.3817605 0.22966668 -0.00322051 0.3056185 -0.62791204 0.27612594 0.37296307 0.5551016 0.39280352 0.47262165 0.97789514 0.84838116 0.5418701 0.6715523 1.0138848 -0.41454786 0.7801002 -0.07434657 -0.6730646 0.4633256 0.30729732
43 -0.22067833 -0.24849576 0.22051129 0.029600363 0.20345631 -0.6588977 0.56342375 -0.19919944 -0.37770528 0.23837775 0.40787047 -1.0558527 0.7788885 0.20692743 -0.19962202 0.5294058 0.8908124 1.0093017 -0.30577224 1.3389457 -0.28527325 0.23215266 0.65014887 0.79825693 -0.21768963 -0.8334411 -0.48783046 -0.3898585 -0.5471504 0.010300342 -0.5067959 0.87400436
44 -0.5482878 -0.5675769 0.99085987 -0.13680711 -0.17164083 -0.1743078 -0.103770874 -0.13579652 -0.1393361 0.27973455 -0.13386588 -0.37903026 0.42218947 -0.07019143 0.39551985 -0.6085288 0.3081102 0.23901248 0.53073066 0.32095888 0.6008834 1.0771954 0.8433927 0.7280368 0.66383845 0.87947 -0.32517064 0.7956715 0.028440842 -0.64811254 0.4752592 0.32700077
45 0.38777664 -0.51119345 0.013874043 -0.060795926 0.049062893 -0.66904676 0.89208275 0.12286489 -0.22015524 -0.41677296 0.4357 -0.10115383 -0.5894463 -0.47672743 -0.48196357 -0.111967996 0.023244174 0.043004613 0.06762707 0.31014132 0.5202874 0.5931777 0.39111415 -0.6723384 -0.0668194 -0.022815427 -0.3934381 -0.2618452 0.39591613 -0.12483471 -0.19408645 -0.10315384
46 0.30616996 -0.46464953 0.018147586 -0.10053898 0.021214945 -0.6721998 0.9633198 0.16317025 -0.24378183 -0.37249818 0.5348908 -0.14811985 -0.6672482 -0.4553691 -0.4482344 -0.25097495 0.03879136 0.099882916 0.103605784 0.21305843 0.46646065 0.541697 0.34143353 -0.7454267 -0.091650434 -0.010531162 -0.3663128 -0.2693784 0.36878452 -0.13442555 -0.22512123 -0.12581025
47 -0.08061257 -0.4460718 0.73150784 -0.103654176 0.13426305 -0.35672322 0.25311407 0.5581385 -0.12312918 0.24740428 0.22781132 -0.29500076 0.56433284 1.0427865 0.377813 0.018112933 -0.2235415 0.9531492 -0.1322926 0.26678672 0.24288553 0.4539195 0.7876459 1.1731113 0.3409095 0.6280508 0.041853596 0.13956524 0.17857821 -0.333647 0.14646327 0.42976782
48 0.3470474 -0.3956797 0.007055673 -0.036767468 -0.019963948 -0.7399541 0.9310722 0.13113044 -0.23550525 -0.3577001 0.4454818 -0.030768277 -0.5725906 -0.47360545 -0.374168 -0.098288916 0.080306545 0.060597707 0.130922 0.3718931 0.43575206 0.5437836 0.34991488 -0.7401494 -0.08061016 -0.12283236 -0.30838192 -0.23422216 0.38065177 -0.13692443 -0.2694837 -0.09569962
49 0.27476597 -0.4935242 0.11096111 -0.16084267 -0.048579052 -0.735278 0.8749637 0.14723875 -0.21009678 -0.38526422 0.51427 -0.19162492 -0.6265485 -0.4427993 -0.4171931 -0.20973982 0.050200284 0.052336376 0.15998153 0.24590866 0.37472868 0.49887553 0.31608662 -0.7273196 -0.101948 -0.06718361 -0.388272 -0.22349803 0.41403422 -0.15590133 -0.24738055 -0.14367622
50 0.038845923 -0.26801202 0.6308813 -0.21209398 0.114586264 -0.15082507 0.30083212 0.37894887 -0.2103418 0.39603716 0.15191172 -0.36817604 0.29233256 0.9506309 0.47949407 0.026224554 -0.19858503 0.9712815 -0.17450137 0.19774166 0.18457527 0.5925472 0.788228 1.2119042 0.47188097 0.70268077 0.0066195903 0.24873018 0.3591879 -0.304659 -0.11606468 0.19035196
51 0.35866868 -0.48869258 -0.13116902 0.020862985 0.027130544 -0.51593435 0.9159111 0.18270129 -0.24005008 -0.33104935 0.3704652 -0.2896577 -0.6712331 -0.47256726 -0.5144313 -0.16418839 0.01556194 0.11960134 0.13215545 0.35339463 0.43295175 0.55141914 0.4258804 -0.7505397 -0.13296422 -0.033531155 -0.35794115 -0.20674405 0.5247761 -0.1878006 -0.2395937 -0.23775214
52 0.42562073 -0.5758827 -0.0017928925 -0.03066082 -0.04102137 -0.57817197 0.9491272 0.1158739 -0.15799984 -0.41734356 0.44139975 -0.086377114 -0.59329337 -0.3462657 -0.48661503 -0.13830002 0.05702714 0.049698055 0.0686913 0.2283817 0.53102696 0.4881463 0.29516438 -0.5956431 -0.058791924 -0.0037179207 -0.36888412 -0.2755736 0.3894677 -0.17128642 -0.17181775 -0.09985165
53 0.3866194 -0.56381375 0.10490191 0.00848311 0.032366633 -0.63327956 0.9502734 0.22113836 -0.14942981 -0.3999376 0.5159987 0.0043418724 -0.5585798 -0.5027478 -0.49967608 -0.1316732 0.044579897 0.18053305 0.037715107 0.15555833 0.42976058 0.47017643 0.38173813 -0.5257967 -0.119859084 -0.027746709 -0.373562 -0.44636557 0.35046926 -0.09489083 -0.23490018 -0.03818631
54 -0.61242837 -0.4114714 0.8696153 -0.2520556 -0.1650274 -0.29379728 -0.095789276 -0.13719693 -0.1509414 0.21391734 -0.15109584 -0.3532833 0.37978142 -0.030062485 0.3289026 -0.6795614 0.29712814 0.37145373 0.5417633 0.3247024 0.4426686 1.0470457 0.828385 0.64994556 0.6122378 1.0099446 -0.37525955 0.7169631 -0.0017274187 -0.65413797 0.48740065 0.31861627
55 -0.6778103 -0.38917646 0.81741977 -0.14243206 -0.16385265 -0.12614135 -0.021862656 -0.28911033 -0.1332695 0.25740722 -0.121369205 -0.502418 0.39362222 -0.08774803 0.3378176 -0.649328 0.33122566 0.30098596 0.4989588 0.31325835 0.55384713 0.9279849 0.8352905 0.569256 0.57953304 1.0885876 -0.45820013 0.57841504 0.059788626 -0.79515487 0.5731826 0.31414905
56 0.409147 -0.48921213 0.011050618 -0.15876628 0.011299845 -0.5960844 0.8830287 0.22845589 -0.30375612 -0.34537083 0.47861826 -0.18515769 -0.6501036 -0.43046924 -0.39129514 -0.17024885 0.07102886 0.10559297 0.11089018 0.17698516 0.4980294 0.57219374 0.34722468 -0.66902643 -0.059664648 -0.14957084 -0.33310235 -0.1955934 0.39168513 -0.10074736 -0.24711686 -0.15263437
57 -0.10228697 -0.20300683 0.4079714 -0.1269241 0.1618404 -0.089904584 0.26601753 0.8951117 -0.15414819 0.16992283 0.07047522 -0.9572707 0.4853351 0.8891064 0.65802723 0.22911371 -0.12926266 0.9675799 -0.37976152 0.54454875 0.006749196 0.7275857 0.86604303 1.0033556 0.0213062 -0.003280229 0.1838084 0.4992031 0.3626078 -0.00891821 -0.18926668 0.41617903
58 0.35820907 -0.5510242 -0.023033954 0.00446225 0.105229236 -0.671781 0.8303131 0.2591991 -0.21234673 -0.5237324 0.46366248 -0.14803058 -0.58638406 -0.5117575 -0.4643765 -0.20280677 0.007736677 0.080034785 0.10635255 0.26806056 0.46516314 0.512761 0.42883277 -0.6694418 -0.046788808 -0.08253288 -0.28574803 -0.1960866 0.41736862 -0.081783354 -0.23777898 -0.13059698
59 0.43569976 -0.5176358 -0.04409901 -0.0801642 0.06828406 -0.7301035 0.94597566 0.2386926 -0.28182974 -0.46536505 0.48825198 -0.15843797 -0.61560637 -0.446382 -0.3835706 -0.15886746 0.07200784 0.029248027 0.09702993 0.27548113 0.53389007 0.56290394 0.3157229 -0.75791276 -0.13197827 -0.0459842 -0.37432402 -0.13894762 0.40050995 -0.16578999 -0.16915458 -0.11424179
60 -0.56298685 -0.5573564 0.8987299 -0.19055212 -0.20155893 -0.2891888 -0.080876455 -0.17563842 -0.15375808 0.26962173 -0.17784931 -0.39945307 0.33512715 0.11369875 0.2391127 -0.6414419 0.27287677 0.21956596 0.5484789 0.32533902 0.48757535 0.8908853 0.80846506 0.77058053 0.69400465 1.0853043 -0.44500503 0.63937026 -0.041170727 -0.7089543 0.4703933 0.38297647
61 -0.5480939 -0.33469564 0.8992379 -0.2011586 -0.12087886 -0.1660623 -0.08004251 -0.28037572 -0.09391429 0.32614982 -0.18769625 -0.39578605 0.32884502 -0.08166447 0.4044057 -0.6812245 0.33996505 0.26099536 0.58541524 0.35435823 0.48869213 0.9737386 0.96516997 0.5134418 0.64487743 0.97965246 -0.34475285 0.732915 0.021687979 -0.7470273 0.49756336 0.3139836
62 -0.15262832 -0.12067213 0.18802354 0.01610544 0.1588787 -0.7422291 0.5114669 -0.094315305 -0.38824582 0.36220807 0.4172991 -0.905865 0.8921468 -4.0525396e-05 0.05944844 0.49982467 1.011753 0.94017464 -0.12759168 1.5165951 -0.44311914 0.3777312 0.86208713 0.54661536 -0.1933326 -1.1887282 -0.368368 -0.17097151 -0.4467172 -0.019232973 -0.72904897 0.791246
63 0.12164897 -0.29622647 0.1948579 0.09505219 0.13300578 -0.5369787 0.40368477 -0.2607667 -0.33308792 0.28942853 0.35448536 -1.0008743 0.7800597 0.17112206 -0.19927041 0.6231942 1.0161545 0.88345826 -0.19289382 1.29243 -0.25647315 0.2988722 0.699152 0.80376863 -0.15805522 -0.9221893 -0.4154829 -0.1792317 -0.1757382 -0.056452427 -0.60729945 0.9804761
64 0.32476124 -0.46037278 0.08327638 -0.04929092 0.017936818 -0.69504577 0.975405 0.23096517 -0.25056738 -0.48671252 0.4629785 -0.23042661 -0.5909837 -0.46699792 -0.4664745 -0.17185467 0.01145328 0.05862482 0.11418439 0.21097508 0.44035828 0.46308446 0.3358433 -0.70262533 -0.17385547 -0.02343893 -0.4037752 -0.2581204 0.2914687 -0.14274457 -0.13064215 -0.12487819
65 0.32730553 -0.50801504 0.038532797 -0.059478637 0.031568956 -0.6266941 0.9522613 0.23227464 -0.15651935 -0.47786143 0.47076678 -0.102309585 -0.63908094 -0.5588376 -0.45577484 -0.23966949 0.040946748 0.10298301 0.055069003 0.26326028 0.4867819 0.5314355 0.3790222 -0.6420276 -0.14856519 0.026365314 -0.3341982 -0.31086737 0.45213073 -0.2072908 -0.15625341 -0.09519472
66 0.34486496 -0.52121806 -0.11385044 0.019463759 0.038572673 -0.55137074 0.9067441 0.10458911 -0.16819344 -0.37557292 0.3965323 -0.1112518 -0.6014839 -0.5103851 -0.47367522 -0.12004732 0.10098739 0.16528401 0.14622566 0.3346412 0.41894245 0.549978 0.4707018 -0.7277761 -0.049338154 -0.06128274 -0.33817467 -0.2363546 0.46148643 -0.20598318 -0.21641327 -0.2138221
67 0.32349464 -0.48086458 -0.03763264 -0.048615377 -0.044831797 -0.66400117 0.9644107 0.07126817 -0.23585442 -0.37622774 0.3802981 -0.16169006 -0.6284449 -0.41460544 -0.39792925 -0.15655227 0.036560487 -0.008418039 0.14839974 0.39862123 0.38573426 0.58001643 0.38921535 -0.7442182 -0.13373333 0.010356535 -0.36475003 -0.20500813 0.40160385 -0.18888314 -0.23745675 -0.16371132
68 -0.5035285 -0.34558544 1.0526129 -0.29147625 -0.114786394 -0.19542813 -0.13694905 -0.24283737 -0.15790129 0.25398636 -0.20630078 -0.37626138 0.22467591 -0.028212594 0.34730557 -0.6916121 0.2950983 0.14905617 0.5062269 0.39856392 0.5679394 0.9675168 0.8583561 0.5649717 0.6278381 0.97360677 -0.43115667 0.61669904 -0.028439453 -0.7706042 0.46995664 0.3759289
69 0.31960437 -0.43411815 0.050864697 -0.18005478 -0.04948343 -0.769179 0.94498444 0.23406525 -0.2457427 -0.4299593 0.4242015 -0.13489918 -0.60568607 -0.4745676 -0.39134118 -0.25348535 0.04782642 0.017522512 0.076182574 0.39897427 0.40037903 0.60596496 0.36864054 -0.8617415 -0.12340122 -0.08059319 -0.35979217 -0.22496915 0.42990673 -0.23739646 -0.27496594 -0.10210962
70 0.39254975 -0.5531912 -0.087681726 -0.0017073449 -0.039697286 -0.7053417 1.0264894 0.16417605 -0.22180413 -0.49628803 0.42019957 -0.15339111 -0.57566446 -0.45148125 -0.37613803 -0.18938635 0.01604719 0.025286011 0.16620637 0.3175587 0.46846664 0.62217236 0.3386555 -0.71384734 -0.094691426 -0.058559258 -0.291335 -0.12376578 0.4481104 -0.1406204 -0.1481923 -0.17910227
71 0.32485753 -0.4802769 0.005575148 -0.09388376 0.06336314 -0.63757855 0.81436473 0.20642954 -0.27155775 -0.44035706 0.46657827 0.010397485 -0.6991027 -0.53002536 -0.47386777 -0.2211854 0.08482767 0.11870389 0.028634481 0.36509326 0.38566115 0.6054121 0.39037445 -0.6734581 -0.02986865 -0.069923 -0.28641066 -0.2594099 0.34546772 -0.0858789 -0.27703524 -0.042481344
72 0.021947276 -0.32506096 0.143297 0.11637318 0.021657348 -0.42491037 0.29314724 0.11484708 -0.14446758 0.26319003 0.117470026 -1.3194951 0.69690424 0.049190387 0.00027172986 0.5621379 0.96018213 0.88085824 -0.052046716 1.2254363 -0.30879512 0.32832432 0.8603779 0.7454624 -0.23365098 -0.8179736 -0.33072975 -0.24047863 -0.24398158 -0.058318052 -0.5765953 0.7712828
73 0.37878978 -0.42110834 -0.0044493685 -0.028677475 0.06480028 -0.6323332 0.90445834 0.18802506 -0.2764413 -0.34582946 0.49264133 0.008786275 -0.6409122 -0.43935165 -0.4590969 -0.22935109 -0.027555687 0.11042337 0.06797748 0.3305767 0.4401458 0.58607346 0.41328576 -0.7009855 -0.041569844 -0.07662107 -0.34385604 -0.1689842 0.4524277 -0.16800065 -0.21518373 -0.10646949
74 0.103707515 -0.4249606 0.6990562 -0.10686514 0.05300484 -0.38647908 0.20916319 0.4581101 -0.09182686 0.3998757 0.21982536 -0.53653073 0.51903766 1.2768477 0.4333016 0.16819043 -0.18789 0.8976159 -0.053944178 0.22559246 0.22516388 0.3299462 0.6903142 0.98101914 0.3978017 0.61635655 -0.05156921 0.18690597 0.32662147 -0.39454454 0.07411817 0.4239354
75 -0.33483288 -0.40662503 0.6775481 -0.4582474 -0.17048529 -0.46935195 -0.1044813 -0.12208385 -0.41679686 0.24441144 -0.04587214 -0.40182537 0.25285628 0.051865235 0.50319356 -0.47377777 0.300687 0.5229199 0.4482639 0.09022498 0.6335167 0.9495372 0.65211904 0.80876595 0.7750211 0.98905236 -0.31883606 0.65390867 -0.017001271 -0.47090456 0.6094901 0.42645594
76 0.38251916 -0.4746667 -0.056347135 -0.020711789 0.044102013 -0.6805257 0.8373397 0.1363563 -0.24169198 -0.444215 0.513207 -0.09919411 -0.5915296 -0.46520796 -0.41031036 -0.18774763 0.05291025 0.13236518 0.08322568 0.3465532 0.46222582 0.53816175 0.36442682 -0.7340729 -0.044666532 -0.10785328 -0.331919 -0.1849794 0.45714596 -0.13675362 -0.21197799 -0.10211225
77 -0.30513906 -0.44220182 0.67519706 -0.3868146 -0.21336532 -0.32323298 -0.030025363 -0.28645685 -0.32358485 0.20932622 -0.04336467 -0.42216015 0.2340486 0.06319774 0.4578166 -0.4311148 0.34717083 0.42016315 0.4582174 0.11617628 0.6034638 0.9223453 0.4937533 0.7527627 0.7168999 0.87009186 -0.41962725 0.52079237 -0.0384904 -0.4983141 0.5799757 0.4260436
78 0.3752767 -0.5876935 0.1064687 -0.059497397 0.00985494 -0.6468917 0.99199784 0.17575115 -0.24722423 -0.44931498 0.52369076 -0.09382272 -0.6058048 -0.51533854 -0.40920323 -0.2161234 0.089995556 -0.0656201 0.07619003 0.25713763 0.5426943 0.5342332 0.34731072 -0.71354014 -0.1252571 -0.17959614 -0.42829102 -0.23549293 0.375845 -0.24654782 -0.21838364 -0.15914537
79 0.06043104 -0.36708698 0.037545323 0.15895414 0.12537323 -0.31034496 0.2822244 -0.01312352 -0.16358359 0.4237844 0.034766186 -1.4445211 0.621331 0.12875678 -0.10693565 0.5418574 0.9050723 0.98824525 -0.18890116 1.1067069 -0.25937563 0.24925005 0.83422405 0.99854785 -0.25565022 -0.6308386 -0.42291403 -0.18064715 -0.122954294 -0.07805527 -0.5587606 0.8234123
80 -0.3322559 -0.4221826 0.7069535 -0.46844316 -0.22741677 -0.28066322 -0.05968198 -0.3300985 -0.30155838 0.16840926 -0.087490395 -0.47012463 0.34159416 -0.06363482 0.49560517 -0.53215563 0.45017427 0.4273738 0.41603488 0.1738883 0.61379963 0.97565126 0.5596227 0.69316906 0.6677688 0.7910943 -0.38274413 0.65380895 0.0019240037 -0.5318896 0.60591406 0.4956985
81 0.39522776 -0.5609498 -0.0011548173 -0.12292224 -0.03164869 -0.73729277 0.9693809 0.12646757 -0.20222227 -0.39614064 0.44850484 -0.09482237 -0.55791885 -0.46696073 -0.33160666 -0.14892934 0.094752535 0.0979769 0.13034292 0.29601932 0.39163643 0.53576535 0.3413072 -0.7855052 -0.034469564 -0.13518552 -0.32764247 -0.21784781 0.44674915 -0.15604182 -0.23494814 -0.15956451
82 -0.2644411 -0.43004903 0.65385604 -0.43339086 -0.1924846 -0.4042456 -0.07131892 -0.22806191 -0.3552763 0.14984903 -0.09086058 -0.38654286 0.27427438 0.14924642 0.45210582 -0.40586177 0.29396695 0.46673322 0.40451875 0.19460385 0.627623 0.9508613 0.5959105 0.8360644 0.7353932 0.993031 -0.31837726 0.64151067 0.006324223 -0.5146223 0.6176313 0.42011827
83 -0.008873407 -0.29218552 0.17757429 0.030823048 0.018414991 -0.4831626 0.23252875 0.11530416 -0.17884514 0.3003522 0.078692704 -1.2980102 0.6484706 0.19900295 -0.045440264 0.5257572 0.8279821 0.7792088 -0.2280629 1.2348855 -0.30914846 0.37313348 0.8535669 0.8408649 -0.37475446 -0.78025955 -0.42458743 -0.24132855 -0.3736656 -0.009783748 -0.457882 0.8173132
84 -0.028295161 -0.356878 0.24614699 -0.21798326 0.16566733 -0.113821 0.328594 0.74972844 -0.15641616 0.16254388 0.122035146 -1.0553632 0.4922541 0.873998 0.6778541 0.24516162 -0.017604504 1.0403434 -0.17688015 0.33364376 -0.091516115 0.62161624 0.774313 0.95976156 0.23569185 -0.0053603654 0.3060974 0.5943031 0.4194873 -0.12260392 -0.1582466 0.28929517
85 0.41649932 -0.39758596 -0.056544438 -0.06707451 -0.107169785 -0.609397 0.9411197 0.07941048 -0.24548371 -0.24133343 0.35684466 -0.16713482 -0.6653287 -0.40012047 -0.40764612 -0.060326148 0.07572119 0.100573525 0.19143224 0.2630035 0.41454056 0.5137961 0.44551706 -0.80054295 -0.061149172 -0.030797537 -0.4009524 -0.1608676 0.4303418 -0.17960212 -0.28667787 -0.19638792
86 0.37274486 -0.50283587 -0.04820533 -0.10923542 0.014666521 -0.6147542 0.8915805 0.15930955 -0.179262 -0.39013773 0.4956748 -0.20386389 -0.6539177 -0.5692268 -0.45783466 -0.16321203 0.0036205465 0.10498923 0.10254114 0.2550356 0.42098695 0.5600159 0.40172347 -0.70558906 -0.10411799 -0.047342096 -0.35968372 -0.2115291 0.46297753 -0.14615779 -0.24213353 -0.104720764
87 0.1247285 -0.4853876 0.2856541 -0.17359659 0.014436493 -0.053956583 0.2968662 0.7169752 -0.14077687 0.15660824 -0.04122157 -1.1949192 0.5106802 0.9217216 0.6777519 0.34895757 -0.0016712255 0.7790682 -0.21069129 0.4217424 -0.060419958 0.71832925 0.7965825 0.9821164 0.1613531 -0.13465689 0.28708485 0.6415929 0.43307987 -0.092940524 -0.3094996 0.23965445
88 0.37578082 -0.5742517 0.016013596 -0.058298167 -0.022782112 -0.6578374 0.95167476 0.15603064 -0.2581123 -0.42637014 0.49087414 -0.13896456 -0.60935426 -0.361733 -0.44108889 -0.20922154 -0.012908619 0.029003628 0.08778486 0.26783654 0.5382653 0.5676455 0.2947426 -0.7073843 -0.12022584 -0.038533054 -0.3773593 -0.22430257 0.4328783 -0.17779516 -0.14598976 -0.1535273
89 -0.22978412 -0.35926935 0.7790018 -0.4383007 -0.13085826 -0.5086518 -0.07247649 -0.24703574 -0.38605115 0.23401815 -0.048853297 -0.366839 0.25663826 0.14623646 0.4730916 -0.41904828 0.37087542 0.42510673 0.42917365 0.22497018 0.63776594 0.94460505 0.628388 0.7627423 0.76829964 0.8993513 -0.3629665 0.68758214 -0.13256034 -0.52018833 0.6414558 0.5203855
90 0.072109066 -0.40611103 0.7809298 -0.26028654 -0.055022277 -0.32476184 0.32212853 0.36479715 -0.17706327 0.4541912 0.15314595 -0.50391555 0.46255514 1.1638583 0.4693836 0.093017854 -0.12450198 0.7472827 -0.07462158 0.20715387 0.2082011 0.4253367 0.670202 1.006166 0.38150638 0.5214661 -0.055494606 0.20939623 0.23126052 -0.4265368 -0.023971783 0.26111528
91 -0.37657747 -0.43730187 0.62247074 -0.39780504 -0.13537435 -0.32157516 -0.11401984 -0.29663745 -0.3774743 0.12497012 -0.051982272 -0.5233649 0.2680964 0.03764441 0.39705908 -0.48165667 0.4198084 0.4010116 0.43887272 0.21412888 0.67925394 0.99179506 0.54312795 0.72482145 0.6914993 0.97297835 -0.37739938 0.67085785 0.04912031 -0.54369825 0.6968749 0.47391665
92 0.40220314 -0.5424726 -0.08776803 -0.086050406 0.0250144 -0.629453 1.0059012 0.17387256 -0.27592984 -0.4296487 0.448199 -0.13212135 -0.56506604 -0.4371111 -0.35007057 -0.24330768 0.16227664 -0.08389907 0.1528941 0.3645839 0.4265972 0.5527053 0.34196094 -0.7511743 -0.09204305 -0.18702738 -0.39218673 -0.12550727 0.3680336 -0.20848314 -0.14736657 -0.19217399
93 -0.25781748 -0.41641277 0.7509107 -0.44603726 -0.09802929 -0.37046266 -0.13140236 -0.11455358 -0.3444678 0.09835995 -0.015191298 -0.41158304 0.30355895 0.083384804 0.4137837 -0.5095511 0.34171122 0.35450587 0.3638106 0.17021202 0.5654669 0.958309 0.5692575 0.7983392 0.6627084 0.9832412 -0.2955802 0.63052326 0.054001927 -0.51750094 0.5973872 0.44579497
94 0.41785404 -0.5218042 0.04170967 -0.07304795 0.002254173 -0.6831719 0.92441016 0.12907791 -0.19701216 -0.42152983 0.5181344 -0.09657027 -0.5580128 -0.472572 -0.5006716 -0.15344465 0.022564797 0.050296966 0.05125838 0.28111437 0.44466656 0.44217074 0.3644132 -0.577606 -0.13011655 -0.055121243 -0.39239922 -0.36970064 0.42630616 -0.19197197 -0.25439352 -0.0039608013
95 0.4657557 -0.60841393 -0.08887242 0.0099132275 0.013567668 -0.5824612 0.9927821 0.24757826 -0.18618901 -0.5587046 0.45494127 -0.19953394 -0.5814123 -0.41635054 -0.5240099 -0.15200612 0.055666484 0.087300144 -0.021040272 0.22598879 0.53279555 0.5824078 0.33760822 -0.5546644 -0.18362199 -0.012766832 -0.3888961 -0.3068647 0.41145897 -0.096671075 -0.09529991 -0.120373175
96 0.32672396 -0.5591307 -0.024210066 -0.06694227 -0.021959089 -0.68398225 1.005292 0.11287858 -0.21103673 -0.47827637 0.44772625 -0.10907059 -0.56558084 -0.4739155 -0.45556554 -0.25248712 0.10059451 0.028439857 0.089553915 0.3253969 0.4197738 0.5471051 0.38653553 -0.74486566 -0.08012323 -0.0580378 -0.349189 -0.26709107 0.39445338 -0.20401391 -0.16743705 -0.19941442
97 0.06221257 -0.40055475 -0.03615819 -0.04397322 0.09848985 -0.78976285 0.50458425 -0.31916723 -0.40364286 0.3947439 0.41384804 -1.016416 0.9446756 -0.007913363 0.023756195 0.5422962 1.1587663 1.0218561 -0.0063869758 1.2472104 -0.35562894 0.25810534 0.6498553 0.7624757 0.0066298307 -1.1226696 -0.44103795 -0.22264361 -0.30457035 -0.031809155 -0.54216915 0.97288895
98 0.4302698 -0.4768487 -0.0030254968 -0.068626896 -0.041374996 -0.7170992 0.84434307 0.085573204 -0.26777354 -0.49281833 0.4456324 -0.033279654 -0.5926904 -0.37134504 -0.52217853 -0.1806454 0.011836717 0.01211083 -0.0076012 0.38111192 0.40948462 0.5829425 0.35302004 -0.701606 -0.1197583 -0.021121226 -0.3928643 -0.21437575 0.46561533 -0.20770498 -0.15557583 -0.0037981952
99 -0.25719425 -0.33740878 0.63396716 -0.5073391 -0.12855421 -0.4795786 -0.089467995 -0.24451011 -0.47289953 0.2504799 0.05401441 -0.32229656 0.33206254 0.1202842 0.48763996 -0.46121022 0.36458048 0.5112173 0.4017255 0.23890382 0.59276855 0.9994148 0.514558 0.6944696 0.7768638 0.91483396 -0.33015588 0.6432204 0.025515174 -0.46486697 0.62329066 0.4475166
100 -0.33586147 -0.39496887 0.7183104 -0.49695003 -0.121271126 -0.44928753 -0.15624514 -0.22358087 -0.45165753 0.16744952 -0.08365262 -0.41998684 0.24245234 0.062045477 0.47808388 -0.5156639 0.34924835 0.4480351 0.439261 0.2284992 0.610236 0.98805255 0.543005 0.74044985 0.742498 0.8464921 -0.34553474 0.7609244 -0.0714745 -0.46610284 0.58100796 0.4703884
101 0.42298812 -0.5122442 -0.054949053 -0.09968255 -0.008105901 -0.65895003 0.9865141 0.10724828 -0.28221843 -0.307754 0.43888882 -0.1306003 -0.6150175 -0.38031924 -0.42710334 -0.17252092 0.05859517 0.05077565 0.12582946 0.24204887 0.4186114 0.4982169 0.3816953 -0.6946168 -0.04833389 -0.032179236 -0.38110626 -0.2572825 0.40274397 -0.24018528 -0.21591069 -0.23154597
102 -0.1203224 -0.19227467 0.2866187 -0.11747186 0.1576048 -0.007103735 0.18969575 0.8237192 -0.13172175 0.1952955 -0.015876018 -1.1726226 0.46512592 0.8386534 0.6192281 0.19202149 -0.085146435 0.9170224 -0.28825298 0.49412018 -0.08912152 0.6554724 0.89150953 0.9593421 0.103016086 -0.0043818913 0.11776031 0.5732134 0.24973899 -0.12079501 -0.3769784 0.19723518
103 0.45005172 -0.4928262 -0.018049752 -0.071373984 -0.053649485 -0.62918586 0.8902718 0.07514632 -0.24903888 -0.40950814 0.36786956 -0.20671506 -0.61164427 -0.4973027 -0.410203 -0.16666694 0.059824646 -0.11507549 0.119834416 0.33793923 0.4884351 0.5977846 0.37848505 -0.7769945 -0.17284551 -0.07932849 -0.4734425 -0.16137157 0.4373696 -0.23168351 -0.19028008 -0.046712693
104 -0.2361504 -0.43337968 0.64872533 -0.45286402 -0.19161868 -0.41340607 -0.060437795 -0.39783385 -0.36333272 0.22581871 -0.08532027 -0.3660367 0.24571073 -0.022706583 0.3741542 -0.5177976 0.4643265 0.41895485 0.47142977 0.2422913 0.56400293 1.0323416 0.5085666 0.6641211 0.7705 0.9440476 -0.42894658 0.6872693 -0.009671479 -0.5481737 0.6413033 0.4253574
105 0.39055803 -0.48151565 0.09345099 -0.051277716 0.0018035054 -0.6274543 0.9361099 0.17285852 -0.19127515 -0.38727143 0.48986638 -0.04701175 -0.59551096 -0.375505 -0.44440642 -0.113297604 0.0006770789 0.08587624 0.11804611 0.2611495 0.4307629 0.5424349 0.41691777 -0.7737961 -0.11164042 -0.08509521 -0.33319035 -0.295408 0.5018222 -0.1898129 -0.32177395 -0.15706243
106 0.35365713 -0.56099355 -0.004810842 -0.01648209 -0.030275658 -0.63057137 0.91651136 0.18440944 -0.10038995 -0.4210446 0.36760294 -0.13855946 -0.61577374 -0.5430031 -0.39113528 -0.14842288 0.0151029285 0.08314392 0.15746793 0.26026583 0.3846442 0.554427 0.4084371 -0.6680402 -0.073658034 -0.0478318 -0.31752983 -0.268635 0.46302727 -0.17357574 -0.26701874 -0.09956343
107 0.36749324 -0.44374287 0.037027147 -0.13866317 -0.042730324 -0.7466221 0.94303805 0.17324209 -0.27823892 -0.37855294 0.49362814 -0.09015011 -0.6586726 -0.5501723 -0.3692202 -0.17383026 0.091534086 0.043262023 0.13525006 0.23673108 0.40364462 0.5367075 0.35747048 -0.70464694 -0.048080854 -0.07118616 -0.33944753 -0.24612753 0.329128 -0.11463037 -0.26096877 -0.10802244
108 0.007179751 -0.3731405 0.7288368 -0.19892906 0.14449608 -0.3317937 0.25070062 0.4008114 -0.15770432 0.2759413 0.24959397 -0.33208072 0.40010855 0.9163642 0.4744769 0.040162843 -0.23519515 0.86192256 -0.037260856 0.13536453 0.22610508 0.4822448 0.7627428 1.169209 0.3895215 0.6034479 0.038577393 0.20299758 0.23757869 -0.30740708 0.004853847 0.28094274
109 0.044082556 -0.39619395 0.32724765 -0.1942317 0.017188663 -0.20783393 0.27084896 0.63086826 -0.2108684 0.21501863 -0.0096225375 -0.99848056 0.42156598 0.975639 0.59847087 0.3218815 -0.09699541 0.7994484 -0.19888315 0.4363825 -0.058759328 0.628862 0.69998854 0.8558471 0.173083 0.009036262 0.18854639 0.4078752 0.31935534 -0.06061374 -0.17382559 0.25376636
110 -0.265699 -0.42437723 0.4946527 -0.44377017 -0.22622499 -0.44513792 -0.07899717 -0.27539662 -0.37104213 0.2031261 -0.15133362 -0.48855057 0.21056117 -0.018467164 0.4749202 -0.44439685 0.42036718 0.5192071 0.5052009 0.22332032 0.5606016 0.9846021 0.56847864 0.6723872 0.78304476 0.9860995 -0.35991424 0.78549093 0.022896461 -0.52425104 0.6976011 0.38027075
111 -0.07081767 -0.50005 0.7102843 -0.1316515 0.06609716 -0.482055 0.27366808 0.47355294 -0.08174407 0.34934786 0.21119176 -0.27570423 0.4963976 0.9665504 0.47510713 0.14033282 -0.14355555 1.0115291 -0.039676867 0.19701806 0.203353 0.36745846 0.7251109 1.2096636 0.49278885 0.60768354 0.12581453 0.10133734 0.26176757 -0.32157072 0.06611347 0.37483343
112 -0.35367188 -0.39571446 0.6915342 -0.4994931 -0.11987619 -0.4442698 -0.085127115 -0.23484711 -0.34363857 0.18758069 -0.0047027697 -0.36147222 0.23743299 0.035690278 0.43178308 -0.46905142 0.33999184 0.503449 0.3954072 0.2280961 0.61293757 0.91584015 0.5438788 0.7420923 0.7178391 0.9374334 -0.34525436 0.5180984 -0.049864426 -0.45496485 0.6696414 0.48825303
113 -0.0077947727 -0.3498151 0.26992622 -0.18280041 0.12340244 -0.107480794 0.34282234 0.7607147 -0.12624425 0.152057 0.15895945 -0.92421114 0.5267861 0.821415 0.71952295 0.27094483 -0.07406755 1.0478356 -0.12581474 0.30812883 0.013172878 0.56899923 0.78134656 0.96234155 0.25718164 -0.11695857 0.23057227 0.63335305 0.5292701 -0.11589393 -0.2542916 0.28839174
114 0.19061446 -0.29146358 0.6639 0.15287496 -0.085729025 -0.20185587 0.4461663 0.060670726 -0.18138716 0.67316747 0.1551586 -0.32633707 0.31127834 1.3249236 0.37010044 0.13734378 -0.19563954 0.6280487 0.042955 0.3727187 0.23403604 0.47029418 0.8320858 1.0784768 0.49235216 1.1336726 -0.23453753 0.27386805 0.26427788 -0.63626415 -0.025520764 0.077233255
115 0.13533103 -0.44475725 0.08850336 0.0533242 0.3160936 -0.7549394 0.45628697 -0.16751161 -0.30652604 0.18191056 0.4518365 -1.0307611 0.92334676 0.08332715 -0.22475003 0.6818765 1.1037425 1.0155694 -0.25331295 1.28619 -0.2568002 0.23541144 0.6360479 0.68933386 -0.15596646 -1.0981287 -0.36093482 -0.19746107 -0.23541825 -0.007946689 -0.45555213 1.0057313
116 -0.0753608 -0.18375193 0.5746643 -0.12065328 0.20758177 -0.060343936 0.18577896 0.89741784 -0.18457274 0.089544654 0.059337802 -0.9165245 0.4755043 0.88846236 0.6414909 0.19163296 -0.10902173 0.8850602 -0.32124287 0.5264177 0.12159967 0.71352434 0.818085 0.9950215 0.038238816 -0.0875583 0.23522118 0.572189 0.26022282 -0.0064736987 -0.341477 0.3255322
117 0.43741488 -0.55590546 -0.021622742 -0.08225918 -0.12486073 -0.6625318 0.94094247 0.10123953 -0.15594205 -0.28204557 0.42206895 -0.13628802 -0.59226114 -0.4056985 -0.3504354 -0.1753162 0.026864644 -0.025213555 0.15054931 0.3179751 0.3643465 0.49628994 0.35641044 -0.7247612 -0.112052895 -0.019734235 -0.3833917 -0.26544505 0.51499903 -0.2558923 -0.2856012 -0.12079906
118 -0.01562614 -0.34478444 -0.1637825 -0.152641 0.18611585 -0.022560889 0.13632472 0.5353225 -0.2174124 0.24030508 -0.1912412 -1.6600637 0.26050913 0.38143817 0.11430997 0.4567892 0.44026548 1.0622563 -0.25261015 0.6159538 -0.18040061 0.42219478 0.7894311 1.0452939 -0.14471373 -0.16443335 -0.122401 0.012832703 -0.07873588 0.08942414 -0.30957857 0.5349713
119 0.32986975 -0.46636778 0.01056445 -0.076459296 0.055457246 -0.62237734 0.9473971 0.15441118 -0.24616307 -0.37574336 0.38365522 -0.097385645 -0.6530941 -0.45406517 -0.5503517 -0.16869734 0.029838357 0.16922179 0.080002524 0.31215394 0.4325871 0.50268227 0.3896665 -0.68802893 -0.1127178 0.04097474 -0.34505698 -0.3146204 0.4401471 -0.17879552 -0.202681 -0.16976932
120 0.42092153 -0.64249855 -0.08390549 -0.008426823 0.05485202 -0.66409343 0.97802097 0.13727807 -0.13783172 -0.46813893 0.46210945 -0.15735556 -0.60967565 -0.39309427 -0.50023043 -0.13763204 0.05518177 0.22602671 0.034819376 0.21664183 0.42422467 0.4183541 0.30554068 -0.66853285 -0.04269087 0.059262656 -0.38355497 -0.43432617 0.45006317 -0.18766083 -0.14903039 -0.121760346
121 0.37781164 -0.5187509 -0.04763439 -0.11131269 -0.071410924 -0.6828776 0.9902945 0.16470063 -0.2803354 -0.3240004 0.4836648 -0.10117391 -0.61658376 -0.38297108 -0.36293814 -0.1788323 0.015333909 0.07111298 0.16500837 0.27302283 0.4351912 0.4588448 0.34560785 -0.71927196 -0.00024657074 -0.018274056 -0.30750552 -0.23602901 0.41090897 -0.20476961 -0.19744357 -0.2095363
122 0.3757643 -0.498622 -0.06883633 -0.12006117 -0.021295572 -0.6503999 0.89987564 0.13702205 -0.18432315 -0.42072967 0.36103094 -0.15980415 -0.67833817 -0.4584145 -0.3947605 -0.16201743 0.061182223 0.018811619 0.07525639 0.27628228 0.35445938 0.5877346 0.39156163 -0.7029934 -0.09746443 0.0381901 -0.337735 -0.21254016 0.47819206 -0.20949118 -0.21670385 -0.16444163
123 -0.39059654 -0.38255572 0.77480435 -0.4518525 -0.08557997 -0.45029464 -0.1402165 -0.18808897 -0.373038 0.16601266 -0.06952634 -0.40381122 0.27383652 -0.025558224 0.3652214 -0.486637 0.36714458 0.44844165 0.46445066 0.24267215 0.67422336 0.9511048 0.62099093 0.73782414 0.7386812 0.94976306 -0.39874426 0.71031916 -0.13967255 -0.4895806 0.66393286 0.5252621
124 -0.34956747 -0.42474753 0.66827613 -0.41470453 -0.16506824 -0.394526 -0.09113204 -0.24628095 -0.35785604 0.3179302 -0.060720876 -0.449757 0.28520787 0.091758795 0.39337233 -0.50130427 0.40162918 0.45865905 0.4542182 0.19376244 0.55526656 0.92482287 0.57745236 0.7152855 0.71393025 0.90508455 -0.39410543 0.6290282 -0.04262039 -0.517288 0.5993736 0.4437222
125 -0.16147088 -0.3789289 0.1764209 0.051073566 0.04376431 -0.3296583 0.39401603 0.16123332 -0.18718183 0.21994537 0.17037459 -1.5300827 0.6754423 0.038412355 -0.082209 0.47017515 0.9033531 0.8973678 -0.15784746 1.0631784 -0.34799406 0.28671765 0.6976195 0.8993297 -0.39163476 -0.7784892 -0.40338293 -0.28608006 -0.2912424 -0.060766496 -0.4395311 0.8311498
126 0.1404876 -0.45497036 0.59757894 -0.026018893 -0.15083201 -0.28112972 0.44809145 -0.11034141 -0.15222298 0.7227813 0.18677852 -0.2155596 0.4832428 1.2264801 0.38393366 0.17165627 -0.13963911 0.72814447 0.1448632 0.2509241 0.21088937 0.5911263 0.91109514 1.2455319 0.6510047 0.9781444 -0.20979002 0.23500335 0.22285776 -0.5439656 -0.06285075 0.042580012
127 0.2958697 -0.48504183 0.017756792 -0.15768164 0.08691623 -0.644548 0.84794796 0.33908513 -0.2948303 -0.44065088 0.45834428 -0.24787097 -0.6494988 -0.5399219 -0.46643892 -0.23391485 0.03475814 0.08220018 0.057095096 0.2664252 0.52172905 0.54451966 0.29468656 -0.7399696 -0.091951475 -0.0695919 -0.26924503 -0.14107797 0.38557827 -0.12963904 -0.14808366 -0.15690012
128 -0.22258312 -0.3024362 0.61362207 -0.54588443 -0.14963165 -0.4300814 -0.1490901 -0.3690377 -0.47620356 0.1570612 -0.09673789 -0.5443507 0.15925683 -0.012656592 0.41652733 -0.4909796 0.4545032 0.38514546 0.39755526 0.2427171 0.63590026 0.99052083 0.5249407 0.5499829 0.7337261 0.89427215 -0.44419846 0.6816379 -0.09820433 -0.49778104 0.6782233 0.523878
129 0.19920236 -0.4866625 0.6488186 0.075435966 0.0064623193 -0.30578032 0.31460154 0.06655504 -0.15031366 0.47571984 0.19906075 -0.30968106 0.39850947 1.364974 0.22378147 0.16543715 -0.2597454 0.67067814 0.026763577 0.3076887 0.29265913 0.45921472 0.83872527 1.1532229 0.5311946 1.1309862 -0.27273774 0.12503225 0.18557893 -0.5262407 0.0929018 0.2055228
130 -0.14542931 -0.3342934 -0.055345014 -0.062511936 0.035826933 -0.05345593 0.24706653 0.5662863 -0.12128292 0.18771826 -0.14006317 -1.6008549 0.3450906 0.43565777 0.19585337 0.39076102 0.35182905 1.1402073 -0.1900795 0.6031642 -0.269517 0.39166033 0.81539553 1.029256 -0.15504149 -0.24170905 -0.10504147 -0.025030114 0.03926487 0.061714284 -0.3053857 0.53541005
131 -0.021673553 -0.33039618 0.1092078 0.0731567 0.06374431 -0.38223845 0.34309554 0.11554229 -0.204251 0.21844384 0.113045536 -1.4354154 0.6581997 0.18532272 -0.11323615 0.59567195 0.8404907 0.8999508 -0.09802871 1.1761243 -0.25413978 0.080912806 0.74253476 0.78848577 -0.24027579 -0.6429525 -0.30446756 -0.19502771 -0.3128666 -0.14144832 -0.53030604 0.8116568
132 -0.31222072 -0.4405331 0.71302056 -0.52913296 -0.25949252 -0.49239424 -0.026870554 -0.21170667 -0.3522972 0.22306262 -0.043080665 -0.46783388 0.32310596 0.1624354 0.6186856 -0.4382364 0.38357884 0.44300678 0.46483696 0.2203233 0.5696477 0.89711547 0.5142729 0.7217482 0.74784243 0.8390982 -0.33023703 0.5584983 -0.11733939 -0.47632495 0.6546335 0.41966194
133 0.36588255 -0.51150244 -0.030728487 -0.12558423 -0.0045225807 -0.7042901 0.9333357 0.19301468 -0.2466271 -0.531258 0.4619098 -0.0926125 -0.52822036 -0.48288265 -0.41664332 -0.2344769 0.03413235 0.09895163 0.05400998 0.18762675 0.49463668 0.6345649 0.33474922 -0.6927402 -0.13303068 -0.10831967 -0.3589901 -0.27456683 0.27383423 -0.08681654 -0.10253802 -0.14337541
134 -0.1535565 -0.25236934 -0.051048428 -0.19038332 0.1269834 -0.14290623 0.20028865 0.7411784 -0.19012533 0.0689259 -0.115262136 -1.5779766 0.37687194 0.45094356 0.19005497 0.2259666 0.24420889 1.072434 -0.3093356 0.5422388 -0.37140337 0.36104053 0.6989658 0.85253704 -0.22293204 -0.1522299 1.8823508e-05 0.121015005 -0.0041604578 -0.056787368 -0.1687772 0.4860957
135 0.04801494 -0.18468542 0.10304575 -0.19558458 -0.073704585 -0.7543825 0.50895923 -0.14175186 -0.5137689 0.29760084 0.31244284 -1.1900628 0.7254583 0.15887545 0.074791394 0.55825454 0.9774833 0.85727876 -0.22515096 1.3843365 -0.39323473 0.3901032 0.6215883 0.70274085 -0.24325886 -1.0882837 -0.4834159 -0.22137745 -0.39301512 0.013329098 -0.542904 0.97609144
136 0.33937496 -0.60665965 -0.016517445 -0.026990188 -0.004499542 -0.63415205 0.94021297 0.2408352 -0.18283601 -0.5065862 0.44913995 -0.1243933 -0.5582692 -0.51707804 -0.44302744 -0.21712227 0.046505034 0.0891129 0.06486362 0.27820608 0.46458524 0.46846026 0.34250847 -0.6177661 -0.07940018 -0.10177667 -0.25822473 -0.26645604 0.37583208 -0.16318682 -0.20215178 -0.14389093
137 0.3877572 -0.57227284 0.013246999 -0.086239845 -0.033385977 -0.66529435 1.0001671 0.121023804 -0.14654462 -0.44218203 0.45710915 -0.1903946 -0.57804227 -0.4929147 -0.47041166 -0.16498329 -0.002098365 0.08035433 0.042818382 0.28587627 0.42499515 0.5441197 0.36376065 -0.75198233 -0.117326476 -0.020190718 -0.39377204 -0.296977 0.5139009 -0.23326738 -0.1790824 -0.1930721
138 0.36768237 -0.5690388 0.0038682818 -0.08767811 -0.07722346 -0.6116911 0.94430435 0.1593159 -0.19383089 -0.42410862 0.39706036 -0.17843528 -0.64408004 -0.49560544 -0.37847808 -0.17661458 0.06778358 0.07853348 0.18065542 0.19680628 0.4071227 0.4993193 0.42257014 -0.68577594 -0.06285891 -0.0382842 -0.3543851 -0.22277223 0.43043524 -0.1868723 -0.24918136 -0.23382762
139 0.42581072 -0.5579926 -0.05191136 -0.04509544 0.015769362 -0.62827164 0.927513 0.1839419 -0.2550277 -0.5029575 0.44886118 -0.089386456 -0.56741124 -0.46182555 -0.4664657 -0.20763795 0.12729535 0.06345109 0.038826313 0.2321331 0.46985522 0.5791463 0.34706494 -0.6322575 -0.12212471 -0.03476485 -0.39855054 -0.30587137 0.33522028 -0.1173015 -0.15695445 -0.09775168
140 0.37643185 -0.5621757 0.06541294 -0.04981028 0.084938884 -0.67311305 0.89128244 0.30957815 -0.2183596 -0.47700092 0.53854537 -0.14015445 -0.6014375 -0.44859448 -0.49792963 -0.25920445 0.07959219 0.026194863 0.013898356 0.28404742 0.43649295 0.5178776 0.33217308 -0.6467157 -0.1454348 -0.008162099 -0.35084575 -0.35207823 0.35089067 -0.1698165 -0.15911955 -0.052144267
141 -0.27340072 -0.33346075 0.72834826 -0.52115566 -0.049745165 -0.4490915 -0.059836663 -0.14981475 -0.43707776 0.13445233 0.0247117 -0.5347868 0.23835525 0.070536345 0.54079556 -0.3838319 0.35935923 0.36390555 0.37694797 0.17630263 0.7172856 0.92654246 0.4438959 0.7067611 0.6354356 0.9740739 -0.40050766 0.594061 -0.15625282 -0.41878873 0.72825044 0.4169884
142 0.3844888 -0.48931003 0.015693882 -0.05201039 0.0422892 -0.63457894 0.92318094 0.1081405 -0.26211426 -0.37426293 0.45350263 -0.13639736 -0.6297223 -0.39168456 -0.5004456 -0.17941867 0.08443589 -0.012094481 0.094554424 0.3383255 0.4871527 0.47440785 0.35077333 -0.70117915 -0.099251285 0.03612892 -0.41135305 -0.19697106 0.364629 -0.16360776 -0.15116328 -0.13057145
143 0.3718437 -0.5225785 0.024253216 -0.07154572 0.025667096 -0.6984687 0.88671315 0.19824833 -0.23697096 -0.43691096 0.47115704 -0.08368771 -0.6633325 -0.5006085 -0.49997562 -0.22330563 0.052710515 0.10338081 0.113308914 0.30083898 0.44208795 0.49384415 0.38339204 -0.6683198 -0.10391601 0.02330247 -0.37587383 -0.306756 0.38097978 -0.20454937 -0.19972794 -0.11111754
144 0.38118654 -0.44306958 0.0429011 -0.095228665 0.027035467 -0.70725894 0.8690886 0.15858507 -0.29410118 -0.36456996 0.49370217 -0.09596268 -0.63129526 -0.40731487 -0.5295285 -0.1624867 0.055539045 0.09350621 0.072513714 0.29685217 0.47260445 0.48967913 0.3040485 -0.6342604 -0.16893607 0.0060269563 -0.3862097 -0.37656084 0.4505524 -0.17866534 -0.21181051 -0.05798401
145 0.08286308 -0.23650905 0.49741974 0.12130872 -0.008506127 -0.1914913 0.39447135 -0.023431357 -0.14622545 0.7003169 0.0806419 -0.21007188 0.2816506 1.146048 0.5199415 0.13553293 -0.23088445 0.8780045 0.1567885 0.39890885 0.16775717 0.5711797 1.1133444 1.160327 0.6666346 1.0088284 -0.17748088 0.26254624 0.19923486 -0.47196007 -0.1755588 -0.061988413
146 0.36082062 -0.4497079 0.066326454 -0.10001971 -0.012448856 -0.5809967 0.94602215 0.14740469 -0.23261574 -0.3396302 0.52701086 -0.18629338 -0.5918357 -0.3709074 -0.43670848 -0.16384584 0.050095864 0.006350737 0.12787326 0.22760367 0.51846415 0.57530403 0.357238 -0.74494916 -0.15733512 -0.11897038 -0.42584783 -0.2202648 0.35529625 -0.12164487 -0.17462468 -0.09870789
147 -0.02545021 -0.1975044 0.115183294 0.0030476851 0.3743731 -0.61336267 0.32338592 -0.095822275 -0.380562 0.09161949 0.42929396 -1.0597625 0.8784539 -0.01929932 -0.20724209 0.51394403 1.1104507 1.0003512 -0.3024588 1.394863 -0.22902562 0.3688008 0.64874136 0.6870337 -0.22350614 -1.0415179 -0.42678392 -0.0344373 -0.28003028 -0.046427947 -0.47802275 1.1060418
148 0.4367736 -0.44836065 0.0904979 -0.06627939 -0.003962391 -0.6669522 0.96715707 0.124053486 -0.2556026 -0.31454378 0.49726272 0.014388738 -0.64548105 -0.41007084 -0.5096267 -0.20756158 0.018070675 0.16720703 0.08335187 0.27993676 0.40985864 0.50701654 0.36150998 -0.69803625 -0.09739367 0.07325264 -0.3800794 -0.3779818 0.44969046 -0.15276377 -0.21769851 -0.092757106
149 -0.02406027 -0.36813748 0.23807241 -0.040431943 0.2137018 -0.024308678 0.3051436 0.8067467 -0.10627349 0.08590516 0.0061155027 -1.0992129 0.48909852 0.8685757 0.5752045 0.22444236 -0.080744304 0.9434592 -0.24708943 0.4373021 0.016209837 0.592858 0.7615552 0.94474995 0.19403677 -0.053739313 0.22253406 0.6080667 0.49612322 -0.074090175 -0.22272854 0.41399863
150 0.4068128 -0.51668334 0.011356722 -0.09880155 -0.029243492 -0.61843884 0.9333141 0.16150765 -0.19244994 -0.4001224 0.4274524 -0.11557478 -0.6161989 -0.42578006 -0.47392756 -0.17401181 0.03881868 0.080484234 0.102794036 0.26650888 0.44783393 0.54636675 0.3357302 -0.6733838 -0.03528282 0.0094423555 -0.32326448 -0.23017351 0.44380713 -0.18125898 -0.18711303 -0.1553511
151 -0.34314924 -0.34200457 0.6515828 -0.4970887 -0.11388485 -0.44433412 -0.062373795 -0.25541833 -0.5051885 0.28314936 -0.005605935 -0.40801936 0.2400656 0.07503668 0.4186645 -0.46311563 0.43518016 0.5323692 0.43469 0.21620834 0.61776084 0.93321145 0.60787815 0.7607783 0.77510566 0.9698615 -0.39498812 0.6362393 -0.13269615 -0.49725872 0.6466091 0.4892646
152 0.3130286 -0.58225703 0.018127566 -0.031323753 0.110104755 -0.71891874 0.9089488 0.24726865 -0.28758743 -0.4540591 0.59439474 -0.03782873 -0.51623553 -0.42099887 -0.36478007 -0.2274308 0.07872384 0.055052772 0.08872942 0.3319675 0.5448508 0.5491238 0.30229133 -0.7241337 -0.00674927 -0.16496384 -0.2854688 -0.23522128 0.39437133 -0.081655346 -0.14244768 -0.13444237
153 -0.275743 -0.3534548 0.6124313 -0.5339989 -0.120645404 -0.43647662 -0.060153753 -0.2453162 -0.4825649 0.18950772 0.011444175 -0.45830888 0.27380705 0.025519466 0.5050192 -0.50095874 0.3978745 0.42819715 0.3690343 0.13074741 0.5942295 1.038389 0.45855284 0.76908726 0.7307761 0.875277 -0.4136325 0.68972296 -0.077590436 -0.42678165 0.6790149 0.46986938
154 0.40353298 -0.49317354 -0.08573619 -0.11736804 -0.0007393084 -0.6987941 0.9899281 0.1708747 -0.281099 -0.4613389 0.4130384 -0.17043313 -0.58643794 -0.4204216 -0.32637683 -0.22502667 0.03349089 0.12391318 0.15686119 0.28054246 0.47050354 0.5470149 0.31866965 -0.75166446 -0.012037429 -0.08350809 -0.31335726 -0.11739929 0.4407803 -0.19810584 -0.10352205 -0.26382798
155 -0.05540341 -0.36436513 0.19566812 0.0902688 0.042344183 -0.48342112 0.26067683 0.07931279 -0.07791288 0.29608855 0.08779246 -1.3260008 0.6529637 0.13797596 -0.14247371 0.56913674 0.8316614 0.8729024 -0.27230036 1.1086694 -0.333627 0.30385312 0.8471662 0.8986479 -0.36945528 -0.7318887 -0.4076286 -0.25897247 -0.25336352 -0.04774634 -0.4799642 0.7951131
156 -0.06495614 -0.47022188 -0.2718363 0.16863608 -0.011805917 -0.10257616 0.44450307 -0.0056790537 -0.12286161 0.37013793 -0.080578625 -1.743947 0.41701284 0.13715115 -0.11811484 0.5975394 0.9198204 0.97869676 -0.0070652086 0.9986548 -0.40902066 0.26726738 0.8973843 0.90143245 -0.16806288 -0.47004262 -0.35596994 -0.24221015 -0.19709638 -0.06448183 -0.5486006 0.57638705
157 -0.28619266 -0.3711536 0.6188286 -0.49434873 -0.16583684 -0.44652605 -0.029515257 -0.33078238 -0.3918523 0.19490425 -0.0032004907 -0.4041412 0.2552766 0.09396776 0.5182317 -0.48416182 0.3446486 0.43967053 0.454492 0.22174987 0.6054578 0.94368535 0.5286257 0.68675494 0.77752346 0.94591707 -0.4177057 0.6208837 -0.023607148 -0.5387246 0.66708183 0.42188165
158 0.023735564 -0.2372444 0.17745835 -0.018884506 0.21845102 -0.79981625 0.40285346 -0.057952974 -0.2831278 0.27120903 0.4169671 -0.93420935 0.8862546 0.07732157 -0.1915146 0.48886535 1.0245138 1.0924987 -0.15110742 1.2648151 -0.35778943 0.11284986 0.76745504 0.67986465 -0.22945315 -0.9438061 -0.44291857 -0.38603908 -0.3879643 -0.1346365 -0.5457848 0.97405875
159 -0.070142165 -0.3746423 -0.076330185 -0.016240265 0.13772677 -0.038927548 0.18807307 0.5660246 -0.1141773 0.07379405 -0.2039257 -1.6002381 0.3198023 0.48066387 0.15981807 0.55426806 0.35692266 1.0623415 -0.27615836 0.70145 -0.16495666 0.45153266 0.76135904 0.89971834 -0.111347735 -0.17683618 0.0040962296 0.08104603 0.0027778503 0.032535583 -0.2550455 0.47320643
160 -0.13434339 -0.35039616 -0.019103756 -0.0010395616 0.106104754 -0.10519034 0.09012894 0.8469489 -0.02875695 -0.020310292 -0.18784784 -1.7223433 0.41297242 0.5190495 0.17015107 0.46231276 0.32004 0.94201636 -0.27160355 0.6999932 -0.2880652 0.4391327 0.82840765 0.7889898 -0.27063343 -0.1881495 -0.005700505 0.24006121 -0.04903614 -0.1069153 -0.05813079 0.49900138
