1 0.24417302 -0.5170214 -0.058695395 0.040454574 -0.17224434 -0.61237496 0.5386712 0.46127555 -0.6099496 0.25648642 0.2693868 -0.18786654 -0.2968869 0.082341015 -0.21284087 0.15083143 0.10682723 0.3530663 -0.069610275 0.2981659 0.49759537 0.97532 0.4071779 -0.71371555 0.2044696 0.08135857 -0.37298736 0.41149908 0.29110602 -0.16726126 -0.28398433 -0.3349437
2 0.38869837 -0.52187014 -0.11011555 0.064579874 -0.07660498 -0.48436365 0.5339099 0.32246104 -0.5834977 0.20971678 0.26190937 -0.08037895 -0.26801726 0.0022881615 -0.254917 0.08258241 0.039542265 0.33642298 -0.09843636 0.16270186 0.5651564 1.0212318 0.5134165 -0.66189086 0.25390583 0.00044790376 -0.3794761 0.3225383 0.28465453 -0.13468763 -0.4291262 -0.37009925
3 0.3029298 -0.60031873 -0.052900515 0.109981366 -0.13707843 -0.53870493 0.47393584 0.3744997 -0.56342185 0.209157 0.28767586 -0.14766797 -0.20595197 0.028728658 -0.26900327 0.101135254 0.014535525 0.28643143 -0.070937656 0.16659811 0.5628553 1.0487128 0.42814448 -0.68132234 0.18984905 0.1332367 -0.4027798 0.22055964 0.27450866 -0.038970117 -0.42245445 -0.35559142
4 0.27668336 -0.49128443 -0.018261116 0.03223564 -0.17323954 -0.59666914 0.62540215 0.40722805 -0.63746625 0.2738288 0.34682992 -0.06584548 -0.30477244 -0.04927395 -0.3557367 0.08465713 -0.016624657 0.29577187 -0.060580432 0.21569003 0.4780781 0.88383514 0.5041759 -0.6976107 0.18758675 0.10113845 -0.41794834 0.28936678 0.2946905 -0.04726166 -0.4402391 -0.4484057
5 0.27200696 -0.60124 -0.09461009 0.06987213 -0.29216424 -0.5751449 0.5499661 0.34791505 -0.5729768 0.1836835 0.3345234 -0.18588145 -0.18115106 0.01875679 -0.245053 0.22747605 0.13493216 0.3223841 -0.09768104 0.17219935 0.6330531 0.9045377 0.36015537 -0.68698734 0.20270765 0.04311164 -0.46117523 0.23758404 0.23284388 -0.02407143 -0.33429718 -0.22168672
6 0.28066498 -0.4488334 -0.17277572 -0.0606601 -0.1338584 -0.6288122 0.44988468 0.37771797 -0.6383229 0.27563456 0.2386514 -0.12779129 -0.3344071 -0.087380946 -0.37029597 0.10863771 0.13653043 0.30803978 -0.1639594 0.233232 0.5202884 0.961247 0.5935132 -0.73717576 0.14894636 0.14009984 -0.45186284 0.35668448 0.29811257 -0.094168805 -0.391829 -0.34269047
7 0.21866202 -0.5438315 -0.072828464 0.12280447 -0.12964933 -0.5114857 0.50598013 0.45283663 -0.59158653 0.24672481 0.21864161 -0.32132572 -0.24431217 -0.033327717 -0.31491518 0.016100748 0.09677526 0.33450988 -0.056689013 0.21832594 0.50466514 1.0526146 0.47643453 -0.58133453 0.21045981 0.17926963 -0.28194678 0.36774278 0.34226075 -0.0400817 -0.32276323 -0.28977785
8 0.2505342 -0.51832837 -0.14279833 0.07388093 -0.13840294 -0.5789452 0.48974463 0.4332594 -0.5283927 0.19393203 0.27632427 -0.17402484 -0.35704944 0.048262604 -0.24844563 0.04356085 -0.03286023 0.23666045 -0.19724353 0.2400602 0.5394761 1.0469259 0.41057193 -0.6198844 0.18827236 0.050191607 -0.37923092 0.29084125 0.25189438 -0.1954327 -0.39854228 -0.38958126
9 0.36641815 -0.4941068 -0.077160604 0.10203882 -0.12975384 -0.5886849 0.5015633 0.40678543 -0.59177494 0.22453444 0.22504906 -0.106491625 -0.3463978 0.0039834925 -0.28964463 0.07394358 -0.029588187 0.30044046 -0.09237333 0.20656228 0.45720607 0.9628258 0.46353146 -0.688066 0.20126563 0.060869783 -0.38894215 0.32296103 0.2949791 -0.2433589 -0.47098118 -0.3983269
10 0.22122711 -0.5739761 -0.069455646 0.1477702 -0.19078392 -0.52170277 0.47943327 0.38321185 -0.57477355 0.25625435 0.29200774 -0.12583898 -0.16794911 -0.016394367 -0.2833661 0.09615461 0.08962934 0.2963254 -0.08388796 0.18331558 0.5575059 0.99639565 0.5139729 -0.7330267 0.21331692 0.08990831 -0.3722888 0.31384438 0.23484482 -0.06871532 -0.37739974 -0.3693168
11 0.32286888 -0.5288662 -0.18405198 0.09223525 -0.20209858 -0.6001754 0.53444576 0.38697845 -0.6236922 0.20091556 0.22223754 -0.07802961 -0.32905477 -0.0025378992 -0.2826634 0.15493618 -0.0013615921 0.21649161 -0.17685163 0.24588048 0.5380524 1.0148195 0.4788614 -0.7650178 0.24771495 0.09308898 -0.4909245 0.27533957 0.22497003 -0.14629774 -0.30772752 -0.3315459
12 0.19762406 -0.4656064 -0.12710322 0.08575319 -0.2085105 -0.62678635 0.4373501 0.36698246 -0.55733037 0.16881274 0.3384339 -0.14753586 -0.40733486 0.06493454 -0.38307557 0.11712535 0.049479272 0.3606922 -0.13527542 0.25442952 0.5804469 1.0206251 0.42519164 -0.7559901 0.18928142 0.1251666 -0.49138802 0.2441645 0.2472583 -0.11398872 -0.4202849 -0.38836467
13 0.26088637 -0.48028386 -0.09692518 0.1048919 -0.1951881 -0.59760106 0.5112456 0.48178482 -0.61331344 0.22788899 0.21821049 -0.16454937 -0.2638501 -0.022206945 -0.28863463 0.15516943 0.075690605 0.27047145 -0.121395074 0.25999218 0.54560804 0.9609233 0.5321041 -0.64963967 0.1983813 0.073025234 -0.3550753 0.37368983 0.26217535 -0.07882778 -0.32087743 -0.28550905
14 -0.2663513 -0.31618863 0.9818645 -0.060135033 0.29077047 -0.1253093 0.23418102 -0.577262 0.13097705 -0.49679944 0.2626017 -0.058522794 0.27995354 -0.499489 -0.059881188 -0.5519452 -0.14733592 -0.24149068 0.19370432 -0.088597976 -0.005111759 0.3658899 0.981263 0.6364304 0.26090348 0.49114686 -0.7185978 -0.3719344 -0.20651753 -1.1657188 0.27662075 0.44796908
15 0.17090501 -0.42286482 -0.0003129918 0.0622577 -0.24445064 -0.59413904 0.5440808 0.40495408 -0.5742056 0.21121939 0.33443937 -0.20028093 -0.2867523 0.047859777 -0.36799258 -0.055934638 0.07841666 0.33959043 -0.14896554 0.20567146 0.6169322 0.989856 0.4181869 -0.75981903 0.13704912 0.07850736 -0.3678044 0.27831262 0.26577306 -0.049227476 -0.3393593 -0.24752118
16 0.2571054 -0.4876014 -0.14964847 0.070839934 -0.08631749 -0.52679026 0.5615709 0.46556085 -0.53859663 0.22520398 0.30449787 -0.15918018 -0.25658503 0.07562707 -0.3303101 0.022596944 0.021419652 0.3217684 -0.13226105 0.29185092 0.57384557 0.92197824 0.46413946 -0.6329571 0.2166539 0.065840445 -0.3858947 0.29952344 0.26531127 -0.1316567 -0.36114526 -0.3086384
17 0.17763239 -0.53651935 -0.27196893 -0.17985198 -0.16847472 -0.49324226 0.56356907 0.15647517 -0.48398978 0.2380102 0.26256204 -0.44055212 -0.30012587 -0.0836187 -0.06272279 0.20932895 0.25279847 0.34677747 0.006384433 0.19103552 0.4411712 0.98575574 0.36563456 -0.5454044 0.07655256 0.0046417653 -0.43299806 0.3390074 0.2369701 -0.061346047 -0.30924335 -0.4567755
18 -0.3128023 -0.19104281 0.66866916 -0.15914842 0.07058326 0.34330967 0.44967228 -0.25647572 -0.1507129 0.04888891 0.49273232 -0.19907367 0.0459634 -0.30682558 0.056461338 0.15792762 -0.26932928 0.05371926 0.07273708 -0.32223624 0.33819947 0.118358955 1.0863944 1.4944661 0.476538 0.34054384 -0.35618865 -0.7172775 -0.041443653 -0.70208436 -0.059429333 0.65415055
19 0.15947711 -0.43601343 -0.13801993 -0.16527772 -0.15777758 -0.5122527 0.58677024 0.22728106 -0.51988274 0.25154567 0.29063594 -0.44265056 -0.26058996 -0.13130358 -0.0780811 0.104249775 0.2456182 0.32252377 -0.0723283 0.1831497 0.44360667 0.93459326 0.19538638 -0.57674396 0.036278613 -0.06106616 -0.4912265 0.47623634 0.22659859 -0.10330445 -0.23912893 -0.35575244
20 0.20955956 -0.4813043 -0.37065256 -0.1816693 -0.16152874 -0.4527501 0.5698201 0.18731233 -0.50345117 0.2569812 0.30182436 -0.2790631 -0.29827505 -0.20752074 -0.05007589 0.1524008 0.23107389 0.3670194 -0.102914244 0.106877774 0.414675 0.9924182 0.34044293 -0.5409556 0.17407164 -0.052658215 -0.4937414 0.30149168 0.29362348 -0.12851626 -0.279287 -0.3665721
21 -0.35166743 -0.2323435 0.7865203 0.012418224 0.14109762 0.3420252 0.43867052 -0.11297347 0.06864788 0.18656889 0.36534876 -0.323401 0.06172468 -0.6387365 0.1699368 0.1458575 -0.15256049 0.13237938 0.20739348 -0.44915667 0.2747548 0.2743066 0.9883774 1.6059448 0.4314611 0.1473049 -0.47155827 -0.6931133 0.05476354 -0.5673244 -0.05287905 0.6430845
22 0.21050118 -0.4692577 -0.296275 -0.2443599 -0.1848719 -0.55743164 0.55928653 0.22051647 -0.53901714 0.2681402 0.25787875 -0.33971053 -0.3303276 -0.15406665 -0.0341988 0.2283946 0.28219628 0.38980454 -0.08849719 0.18465576 0.39574105 0.9192385 0.28277096 -0.48698652 0.12740353 0.02050941 -0.47476134 0.3720537 0.22625312 -0.09194968 -0.24211231 -0.3709914
23 0.25220844 -0.46470407 -0.26085886 -0.25441226 -0.17940769 -0.49551636 0.55118644 0.1928511 -0.5304994 0.310899 0.259941 -0.36987185 -0.32676938 -0.16409153 -0.10520288 0.19609602 0.26395693 0.34998903 -0.009847191 0.10843119 0.40034148 0.8495712 0.40325984 -0.53148586 0.05585987 -0.06313509 -0.54716367 0.38911864 0.21143848 -0.05196768 -0.27206522 -0.40386605
24 0.23506133 -0.4362086 -0.32470784 -0.23578177 -0.13447276 -0.49251226 0.4944835 0.16384207 -0.5466891 0.22444426 0.2647221 -0.45773223 -0.25060752 -0.077550344 -0.14604662 0.19583283 0.30145642 0.4411589 -0.1155465 0.18303517 0.4672059 0.9063123 0.34562352 -0.5594712 0.056780856 0.09132933 -0.4853262 0.28249863 0.21295401 -0.09751301 -0.22764215 -0.2799434
25 0.14365472 -0.5259475 -0.33617193 -0.21875015 -0.19700159 -0.47996995 0.51298237 0.26236358 -0.5843018 0.2911288 0.30517462 -0.468513 -0.2849847 -0.23158681 -0.071905605 0.13634303 0.30440202 0.30354896 -0.050932992 0.07921437 0.4022364 0.80703557 0.41330022 -0.49896517 0.06984552 -0.011044265 -0.4488195 0.4339486 0.1762195 -0.19004424 -0.2397681 -0.39296636
26 0.17989829 -0.5517689 -0.31911975 -0.20664623 -0.2499501 -0.52370524 0.593869 0.15402246 -0.5911336 0.2265483 0.2795935 -0.47342244 -0.31976783 -0.23636569 -0.04970592 0.14496557 0.25130463 0.31882966 -0.0165597 0.06734742 0.41308078 0.9215565 0.27722007 -0.565855 0.044584226 -0.04424113 -0.5634002 0.33360258 0.19549322 -0.08208236 -0.2752198 -0.36252668
27 0.14623989 -0.54239935 -0.4442422 -0.30885303 -0.21985677 -0.3946698 0.46595675 0.10903913 -0.62810487 0.2869688 0.14450957 -0.43254063 -0.3250666 -0.19581725 -0.12033561 0.21437256 0.26285228 0.36329788 -0.13136527 0.16077934 0.37255725 0.86758494 0.4118482 -0.5092954 0.11821047 0.13445373 -0.4276138 0.27705568 0.23729372 -0.19224595 -0.22538394 -0.30760017
28 0.15788963 -0.5312926 -0.2732055 -0.15896402 -0.22935544 -0.59511894 0.5149891 0.23023841 -0.5678938 0.23259975 0.17973022 -0.40678996 -0.31672677 -0.1445539 -0.10761068 0.25192988 0.30014285 0.2275943 -0.06524576 0.21098152 0.40754303 0.89250237 0.32877836 -0.5312569 0.046370007 0.071235724 -0.5149391 0.38833243 0.18778315 -0.1321265 -0.26971516 -0.46632183
29 0.09540129 -0.5830914 -0.31280962 -0.13466363 -0.24667272 -0.48148155 0.5478646 0.22672173 -0.6432201 0.24723151 0.23450348 -0.43576598 -0.33301422 -0.11205468 -0.18020324 0.18080975 0.22835255 0.465658 -0.14408404 0.2210151 0.4896033 0.99244434 0.2765769 -0.5279701 0.124530695 0.07330113 -0.36508 0.3202954 0.29479685 -0.09495592 -0.26169938 -0.26342842
30 0.15218334 -0.53850204 -0.37277502 -0.14265732 -0.17636217 -0.48635167 0.48558906 0.19493766 -0.56462073 0.19939272 0.2757961 -0.47204584 -0.30512586 -0.16655031 -0.0853827 0.13699858 0.24711986 0.3622348 -0.09041102 0.08949264 0.4680168 0.988234 0.31516102 -0.5055642 0.16389605 -0.028883053 -0.38622636 0.36742005 0.18783818 -0.1898152 -0.2485734 -0.32782897
31 0.30399472 -0.51148796 -0.37297595 -0.2082131 -0.22743978 -0.5301271 0.5330743 0.1090745 -0.45560837 0.15241611 0.29284176 -0.43902937 -0.25039938 -0.18441582 -0.057124708 0.19621208 0.23486963 0.322397 -0.108697265 0.08449181 0.4770433 1.0070285 0.33085904 -0.5668085 0.069772676 0.01196209 -0.5446704 0.2602314 0.2015462 0.049894225 -0.24371009 -0.3435442
32 -0.2968379 -0.323443 1.003973 0.0064225355 0.2774645 -0.18507694 0.28646004 -0.5731715 0.055712264 -0.55599236 0.24714446 -0.091173954 0.2464849 -0.46120712 -0.03536845 -0.55939037 -0.21354377 -0.33045188 0.2411347 -0.03514234 -0.064252004 0.31225264 1.0859855 0.64004135 0.27359116 0.54041255 -0.7746252 -0.34289673 -0.20616597 -1.2657932 0.28118613 0.45466536
33 0.022063496 -0.4830037 -0.30132645 -0.15443532 -0.17043853 -0.46995237 0.5424817 0.2405616 -0.53620017 0.27538174 0.297175 -0.4441655 -0.21427347 -0.026237749 -0.0511107 0.24040788 0.2808998 0.4413504 -0.12399233 0.329345 0.50799084 0.9991119 0.24703124 -0.52414066 0.1118163 0.06504972 -0.37820873 0.43794098 0.23206522 -0.16153082 -0.17956856 -0.27790186
34 -0.16275972 0.3441062 1.1238432 -0.22988145 -0.22631247 -0.057885073 0.48620635 0.15865648 0.21042597 0.13468075 0.41501802 0.15546696 -0.050678987 0.07424376 0.06699437 0.43283814 -0.4796352 0.14858755 -0.27487415 -0.03722343 0.26216915 0.27229208 0.950364 1.1764783 0.22575648 0.3642178 -0.45781448 -0.88756394 -0.1256357 -0.45597982 -0.1826152 0.10221799
35 0.18150337 -0.43306106 -0.2867416 -0.20957716 -0.19261505 -0.56881255 0.53431666 0.16180784 -0.47763887 0.21587722 0.29256013 -0.45595866 -0.3151621 -0.13402624 -0.055494137 0.116167895 0.2113531 0.4014628 -0.11140859 0.23193191 0.5017273 0.8724832 0.32014087 -0.5662137 0.024415314 -0.042946056 -0.50534916 0.377239 0.18655469 -0.10124515 -0.20885338 -0.277059
36 -0.21831505 0.3891496 1.3947625 -0.6437275 -0.6865995 -0.08735264 0.3503669 0.411598 0.37076044 0.19633636 0.2853666 -0.7663535 0.03262698 0.31456 0.31703696 0.7001915 -0.42256284 0.07529272 -0.5855483 -0.06823902 0.11000271 0.5592288 0.8425283 1.102254 -0.22239725 0.57974786 -0.57208973 -1.0553976 -0.27603292 -0.4290847 -0.10706996 -0.3702027
37 -0.12373322 0.4409162 1.2848674 -0.6979333 -0.67324203 -0.057800397 0.44058862 0.45887226 0.47958684 0.23041765 0.11802792 -0.8102367 -0.0628126 0.15949498 0.18130888 0.5988875 -0.47504705 0.08612952 -0.61197805 -0.1907146 0.111407764 0.56888944 1.0366576 1.1476445 -0.26375812 0.6141072 -0.5698631 -1.0902476 -0.19606128 -0.44724342 -0.030246686 -0.39080325
38 -0.097965404 0.7385892 0.9971117 -1.0969492 -0.6906925 -0.17086084 0.5291771 0.28069353 0.49685445 0.1301044 0.19483344 -1.0675445 -0.1608189 0.20769702 0.29891446 0.6130198 -0.37353814 0.08762594 -1.0331374 -0.20173943 0.16186461 0.60972005 1.0461116 1.0500054 -0.5274533 0.43392268 -0.6987498 -1.1538063 -0.27257228 -0.25163966 0.14962289 -0.2865903
39 0.34041408 -0.40011173 -0.2562755 -0.27595022 -0.07568044 -0.45372817 0.5670549 0.06932024 -0.47786874 0.19983153 0.34767604 -0.34685007 -0.25145957 -0.111430906 -0.08618082 0.19200885 0.3267664 0.41015914 -0.0664985 0.11760877 0.496579 0.8792335 0.31395793 -0.5375362 0.04510038 -0.035818383 -0.48317093 0.2879968 0.24085201 -0.031394117 -0.22634265 -0.22207527
40 -0.40698057 -0.3311258 1.0701718 -0.01666094 0.30894586 -0.042798158 0.33663756 -0.5354748 0.20572817 -0.3819622 0.2766219 -0.13426062 0.32579896 -0.5492711 0.010443752 -0.6560781 -0.048608422 -0.19988942 0.30550304 -0.122952305 0.023423782 0.36239296 0.94901156 0.6892781 0.17086667 0.3743517 -0.7892242 -0.23345217 -0.19589593 -1.0870683 0.29113 0.3940788
41 -0.11466898 0.560091 1.3805331 -0.552202 -0.34465733 -0.16492556 0.58330095 0.48258615 0.66615105 0.21439466 0.25271907 -0.40234062 0.10132029 0.10617523 0.44363004 0.64050466 -0.2574968 0.24578062 -0.54501975 -0.05087706 0.14944623 0.70288396 0.6387954 1.0818609 -0.19980831 0.30217117 -0.64189374 -0.93001574 -0.059968907 -0.226999 0.029677497 -0.29996303
42 -0.3303427 -0.311371 1.0384874 0.0494729 0.35924795 -0.19914386 0.17981213 -0.5480871 0.12630285 -0.5566103 0.3856888 -0.007978427 0.31045765 -0.43109098 -0.034217875 -0.5970978 -0.11217635 -0.2594941 0.22752763 -0.030603282 0.054311685 0.39658573 0.90911967 0.5938766 0.30536962 0.4598521 -0.79883415 -0.3325604 -0.26060638 -1.1537472 0.25759858 0.5198424
43 -0.19967759 0.61495775 0.94988716 -0.8971626 -0.6929867 -0.16865078 0.3837141 0.4813995 0.48113889 0.28824225 0.024942573 -0.9459354 -0.015129124 0.20967771 0.2983078 0.72328335 -0.22428764 0.20217033 -0.93610245 0.03532826 0.02358183 0.7798789 0.8732331 1.1508538 -0.36081338 0.5109274 -0.77156746 -1.2171283 -0.18741319 -0.30699152 0.22517829 -0.14842692
44 0.28063136 -0.5337624 -0.31710896 -0.13120182 -0.14686273 -0.51616323 0.48043546 0.17705408 -0.50222284 0.17838673 0.1733556 -0.39527068 -0.37831265 -0.23490326 -0.006275167 0.21747257 0.1927049 0.30257523 -0.07026334 0.11005431 0.41791445 1.0240034 0.32698977 -0.4756301 0.116941646 -0.036354154 -0.4748971 0.36073965 0.2430041 -0.03690931 -0.26827648 -0.33641538
45 0.18639842 -0.3694601 -0.31726676 -0.23253451 -0.15424275 -0.4866139 0.5980461 0.20324044 -0.45026755 0.29415086 0.33216396 -0.34801742 -0.35077286 -0.19923939 -0.02464947 0.22624086 0.31480756 0.3601273 -0.1540656 0.13634603 0.5453295 0.99540246 0.27639493 -0.48301294 0.06830337 -0.14915904 -0.58749443 0.32778874 0.2361613 -0.04639263 -0.2719236 -0.36327186
46 0.2281244 -0.5007939 -0.30426803 -0.20487139 -0.08060727 -0.54855293 0.5525515 0.16884242 -0.5394881 0.2772845 0.19474824 -0.4964045 -0.28127986 -0.16512673 -0.03839435 0.08858279 0.273488 0.3773332 -0.07461282 0.13329664 0.51391345 0.9356085 0.34611586 -0.5334786 -0.0072562154 -0.06800493 -0.53887266 0.48125523 0.22217976 -0.072802015 -0.23744759 -0.2736689
47 -0.36132544 -0.3513949 1.0946808 -0.041770425 0.27232835 -0.08996743 0.2950514 -0.41557726 0.15766774 -0.41674453 0.2899282 -0.02987576 0.26647133 -0.47946543 0.0011406748 -0.607138 -0.1544555 -0.21387921 0.22469468 -0.1847578 0.020468341 0.29361504 0.95385975 0.71230006 0.22452766 0.46341324 -0.7085432 -0.3374611 -0.21227579 -1.0822959 0.16997664 0.42841974
48 0.22770362 -0.46916932 -0.40080142 -0.15584174 -0.11547663 -0.5477865 0.5649955 0.20394552 -0.43756586 0.19420096 0.20279244 -0.33123538 -0.2778805 -0.20789649 -0.07666548 0.20332396 0.2724986 0.39076942 -0.13785501 0.19500022 0.44872326 0.96261966 0.32819554 -0.5218824 0.16048193 -0.040378507 -0.5056923 0.32776454 0.24623944 -0.15179315 -0.1668999 -0.33267826
49 0.2664494 -0.48381045 -0.3493681 -0.27533403 -0.13155235 -0.45372286 0.56676686 0.09514484 -0.47100273 0.22051518 0.23127194 -0.38581133 -0.2448098 -0.15020588 -0.018664785 0.26397738 0.34764078 0.34716082 -0.09857936 0.1590679 0.46593124 0.99441296 0.29778507 -0.5469201 0.07198029 -0.04225513 -0.55878514 0.2802986 0.22433244 -0.05318976 -0.1838997 -0.2887936
50 -0.32071143 -0.15552352 0.9198647 -0.09164877 0.21463147 0.28771737 0.3900704 -0.110026136 0.01093566 0.07668227 0.5428707 -0.20531613 0.18108998 -0.37253135 0.07893909 0.08226074 -0.15041521 0.10640511 0.1289042 -0.44632873 0.44323108 0.24376501 1.0041363 1.4333465 0.38385794 0.27174646 -0.5062742 -0.77720815 -0.048243303 -0.48992229 -0.09267348 0.7065525
51 0.18672176 -0.49040613 -0.2973481 -0.18345912 -0.0897165 -0.43355864 0.4999616 0.25303653 -0.50590557 0.27300557 0.1520476 -0.3601013 -0.2917553 -0.08984313 -0.13846056 0.20988823 0.32602704 0.4520163 -0.11992513 0.33003366 0.43417335 0.9106639 0.44856414 -0.5423291 0.14804736 0.08987423 -0.3820805 0.44415945 0.2745413 -0.12418821 -0.17576744 -0.3110949
52 0.22979368 -0.4753678 -0.27219906 -0.17682534 -0.11650276 -0.5667591 0.54234415 0.31381446 -0.45127264 0.23575334 0.28166786 -0.29192343 -0.255716 -0.1711448 -0.21387544 0.05508001 0.27671278 0.33275986 -0.080055326 0.10205787 0.5486933 0.9114936 0.4056134 -0.572864 0.069374755 -0.070779845 -0.4948223 0.3432976 0.21713838 -0.045858555 -0.22155155 -0.34689954
53 0.19540152 -0.4011844 -0.35778275 -0.26145852 -0.21644555 -0.5164603 0.5842568 0.18574338 -0.46363392 0.1951708 0.25431028 -0.42195466 -0.30250803 -0.19993027 -0.121182576 0.031337764 0.17159247 0.35497782 -0.23136891 0.09221789 0.50660217 0.99270767 0.33983755 -0.5941335 0.05154889 -0.08962982 -0.47368297 0.35558435 0.21934171 -0.043974034 -0.20753527 -0.32873252
54 0.23554361 -0.44977152 -0.36868343 -0.19536275 -0.08763755 -0.53290635 0.554765 0.14963275 -0.4703174 0.19572249 0.31152695 -0.3375136 -0.33344108 -0.20024195 0.016097812 0.1525573 0.24201779 0.33288312 -0.08029725 0.11216852 0.4418831 1.0056394 0.23003209 -0.4843511 0.11954709 -0.056959588 -0.488189 0.3411467 0.22438027 -0.1358417 -0.3191671 -0.36499646
55 0.22574008 -0.5260245 -0.36134493 -0.17528436 -0.17740457 -0.45875788 0.50526667 0.111527495 -0.60392416 0.21097107 0.2808342 -0.5248431 -0.31555116 -0.10819477 -0.11820003 0.1095236 0.2398063 0.34444687 -0.09265931 0.07636797 0.53664804 0.8965806 0.32000586 -0.535629 0.051425148 0.047725342 -0.46220943 0.29766273 0.20981243 -0.084466495 -0.32737127 -0.15968943
56 0.2031127 -0.5235128 -0.25694486 -0.26915494 -0.10541469 -0.47351077 0.486198 0.23514824 -0.5193411 0.30387568 0.18770766 -0.51271224 -0.31510726 -0.22735225 -0.101168856 0.14796463 0.36135828 0.3727659 -0.09619712 0.10429344 0.41243404 0.9787505 0.33637443 -0.5325111 0.049285784 0.028545393 -0.48357877 0.38336572 0.22354837 -0.078711234 -0.289327 -0.35637158
57 -0.47594625 -0.34593624 1.1337724 -0.1391812 0.29736888 -0.102104016 0.24675682 -0.39888835 0.2101284 -0.34564003 0.31379795 -0.09666045 0.2983325 -0.49458995 0.038717248 -0.68838805 -0.0176135 -0.120856844 0.2834319 -0.12888597 -0.047838695 0.35200593 0.81713665 0.6947205 0.1799801 0.45844424 -0.80144256 -0.30997378 -0.18766378 -1.0979561 0.2535242 0.42486855
58 0.3246588 -0.48534486 -0.24485587 -0.27610722 -0.13290666 -0.55211407 0.60387903 0.16818608 -0.55343944 0.22171293 0.27786526 -0.37491587 -0.2090586 -0.25945413 -0.080154404 0.1952417 0.22663671 0.4049917 -0.113905236 0.03972915 0.44423833 0.8897773 0.38431373 -0.58800703 0.034797553 -0.07043113 -0.5056367 0.3074563 0.28581777 -0.015897157 -0.36841723 -0.35159776
59 0.26464558 -0.42124793 -0.25498763 -0.19966306 -0.16750701 -0.5264984 0.5666581 0.20819555 -0.49746132 0.30007473 0.22309889 -0.36661646 -0.3871688 -0.13878725 -0.10255653 0.16727239 0.23069489 0.3540757 -0.08438289 0.13748974 0.4550301 0.94930243 0.3107029 -0.5640896 0.0072677224 -0.015645402 -0.5619407 0.35465977 0.23968019 -0.089251556 -0.2400395 -0.3528681
60 -0.59126866 -0.18114455 0.70396435 -0.088601924 0.24955793 -0.23888606 0.2364568 -0.34399626 0.16064133 -0.52298933 0.09773925 -0.16823263 0.2469834 -0.45786414 -0.036714673 -0.59589297 0.020958772 -0.15587024 0.07907055 0.417876 -0.21153942 0.5286181 0.9300806 0.44800535 0.5109259 0.57663816 -0.75807565 -0.22675385 -0.053827602 -1.5866283 0.8045277 0.60349745
61 -0.3869702 -0.21716808 0.8784534 -0.09645076 0.3391496 -0.2848828 0.27194968 -0.3900749 0.123479076 -0.5802501 0.23467034 -0.10435912 0.2933231 -0.3869435 -0.020528426 -0.6529539 -0.059652533 -0.24925406 0.10213642 0.32094553 -0.06910896 0.39646947 0.9431722 0.3651308 0.41158044 0.49171546 -0.7688161 -0.21906306 -0.11148447 -1.441422 0.6305231 0.5324075
62 -0.1869112 0.51425177 1.1251639 -0.8866629 -0.6553683 -0.10412569 0.3529554 0.43233484 0.510529 0.32364467 0.14430213 -1.0512414 0.054496005 0.4126764 0.02401466 0.44439763 -0.3118199 0.21393281 -0.9100796 -0.1218502 0.3697555 0.60627365 0.9549417 0.9588344 -0.44548997 0.524907 -0.6808018 -1.2106111 -0.21977766 -0.18699555 0.2237132 -0.015051177
63 -0.029891312 0.5870054 1.2442628 -0.5021284 -0.4591893 -0.23173913 0.5874899 0.2958654 0.5098438 0.13543525 0.2690524 -0.3680938 -0.015053309 0.21193449 0.350583 0.8709221 -0.34066984 0.19391856 -0.6317792 0.049741 0.15205985 0.7230659 0.7104715 1.1648964 -0.19343668 0.38733482 -0.72375965 -1.2253864 -0.23491356 -0.2598034 -0.029929413 -0.14308654
64 0.17556916 -0.43604314 -0.2986152 -0.24588536 -0.1442554 -0.5195628 0.5599729 0.22062759 -0.52552384 0.27935287 0.275999 -0.41162828 -0.3573879 -0.23271228 -0.09838473 0.07754907 0.25197554 0.3737485 -0.035981882 0.15599996 0.44488612 0.84953254 0.3676814 -0.52574533 0.056155093 -0.07842683 -0.46841606 0.42893112 0.22754681 -0.119982615 -0.221102 -0.38122082
65 0.18294507 -0.48352998 -0.41070238 -0.22012776 -0.2176418 -0.4758398 0.57690406 0.021690752 -0.5474838 0.20619972 0.31958166 -0.5001105 -0.36303368 -0.16641231 -0.054734614 0.12111381 0.23527493 0.2819446 -0.08649886 0.03642203 0.5724914 0.99933344 0.26241916 -0.4291933 0.004811057 -0.10365078 -0.5865643 0.3183145 0.17406492 0.0059432215 -0.34471712 -0.30535758
66 0.19880514 -0.48758706 -0.31045848 -0.24755448 -0.109751485 -0.48830536 0.5598239 0.29141462 -0.5005635 0.31548 0.25389114 -0.4281129 -0.33905375 -0.14478858 -0.10084864 0.12582463 0.21443608 0.45473298 -0.05533311 0.18178691 0.48759165 0.8667264 0.40322804 -0.5439936 0.0959105 -0.039508313 -0.44800994 0.41768494 0.25341517 -0.19183892 -0.3015527 -0.3686398
67 0.3634948 -0.5194683 -0.35851064 -0.2424043 -0.19573043 -0.4890249 0.6178385 0.14613621 -0.55614984 0.21204297 0.25933534 -0.4323733 -0.24905936 -0.19380775 -0.063984774 0.17130794 0.21504684 0.3461498 -0.06439392 0.08509469 0.4918283 0.9341281 0.3990555 -0.57130706 0.04239842 -0.08870895 -0.5244898 0.2834028 0.20799457 -0.02660277 -0.25845033 -0.31025565
68 0.25825384 -0.5204802 -0.42547104 -0.2277708 -0.13321312 -0.4094892 0.48958257 0.09364756 -0.5992407 0.24185468 0.23301955 -0.39321142 -0.27897593 -0.124595195 -0.0757633 0.21687122 0.25450316 0.35793686 -0.1244687 0.14279348 0.5045378 0.9279119 0.411964 -0.43051365 0.12981401 0.0055358624 -0.44610432 0.34120426 0.2407662 -0.112696975 -0.23894107 -0.2624582
69 0.40190232 -0.40186688 -0.22260208 -0.22960325 -0.011360274 -0.5386102 0.6514898 0.17578702 -0.42273223 0.20576365 0.3138633 -0.26931065 -0.2705365 -0.19713016 0.013176679 0.21415499 0.2918944 0.43711287 -0.11785239 0.106941715 0.56829023 0.96533495 0.25637683 -0.48362496 0.03767538 -0.15891615 -0.56808525 0.39178982 0.22289306 0.0659664 -0.22646232 -0.2862656
70 0.1137582 -0.57549554 -0.36054415 -0.24601437 -0.15544699 -0.45801994 0.4336011 0.26577616 -0.59226245 0.35189447 0.14584942 -0.5362957 -0.3128449 -0.189829 -0.07662611 0.11635451 0.36185977 0.31341287 -0.045510408 0.15173776 0.42168665 0.90683967 0.3512906 -0.45603392 0.063918985 0.05829819 -0.44466642 0.46577257 0.18696387 -0.13731752 -0.18039398 -0.32949096
71 0.19470225 -0.48560837 -0.32214224 -0.25569072 -0.18397841 -0.5217525 0.6164215 0.18411022 -0.53958434 0.24603392 0.2158431 -0.3619913 -0.35112932 -0.2275067 -0.05942124 0.22059211 0.21690018 0.3509368 -0.03764179 0.28079453 0.3356898 0.84575933 0.35224673 -0.50698626 0.19512954 -0.015626738 -0.44928488 0.36362934 0.20073454 -0.17984478 -0.27344432 -0.45094946
72 -0.123901956 0.46942472 1.2246777 -0.85715574 -0.5612571 -0.14384964 0.45298415 0.3505012 0.60174626 0.25664434 0.1304546 -0.8363575 -0.050446913 0.18358646 0.37156793 0.7321423 -0.2448475 0.19482876 -0.5697303 -0.13484587 0.0543243 0.6706223 0.6108793 1.0277033 -0.43170854 0.4459205 -0.84019727 -1.11222 -0.30656517 -0.30537286 0.0873932 -0.4010692
73 0.29718274 -0.56754225 -0.360575 -0.18797576 -0.04029678 -0.48887894 0.47891724 0.22501226 -0.47721243 0.21733183 0.21905889 -0.29927135 -0.2679735 -0.22731768 -0.064117 0.18158995 0.30391875 0.32904553 -0.11349487 0.12367904 0.45010787 1.0447363 0.44438747 -0.5250606 0.15824734 -0.08902161 -0.520231 0.34091887 0.23557058 -0.066604 -0.23559938 -0.34908682
74 -0.48484424 -0.13443999 0.8381755 0.0005687703 0.3060207 -0.18125412 0.2951096 -0.4786716 0.11571382 -0.4354508 0.23646215 -0.2764481 0.21452732 -0.50954956 -0.042253144 -0.6636297 -0.046922542 -0.23711447 0.1711534 0.28862143 -0.094797716 0.3848359 0.97706276 0.4928017 0.30677253 0.5023622 -0.77421045 -0.19768347 -0.12985502 -1.4659075 0.6781296 0.6166691
75 -0.48053014 -0.14951931 0.65034425 -0.059599306 0.31768027 -0.2608461 0.25739676 -0.47242185 0.1616412 -0.52897286 0.14585559 -0.061812166 0.22376783 -0.42111585 -0.07855954 -0.62385607 -0.036672976 -0.19193137 0.0851309 0.38465858 -0.13842855 0.48546606 0.9811407 0.44049072 0.36217317 0.6118475 -0.72653836 -0.24323995 -0.07657553 -1.5139396 0.7305243 0.58191234
76 0.1845646 -0.46929783 -0.22286268 -0.21522136 -0.18736021 -0.50627714 0.53446513 0.30916476 -0.5221253 0.3047834 0.20264922 -0.44974393 -0.35967764 -0.2584471 -0.047630303 0.2074368 0.27848852 0.2811229 0.0648885 0.086752385 0.32999218 0.8768778 0.4227942 -0.5283949 0.13250042 -0.015386949 -0.44956717 0.43769872 0.22986403 -0.12585504 -0.26594755 -0.4926755
77 -0.44536152 -0.2161739 0.7808968 0.025789693 0.3266821 -0.21926782 0.22759397 -0.47661927 0.15231712 -0.5588224 0.16748707 -0.2554258 0.2501841 -0.42063028 -0.08937584 -0.6164377 -0.05961032 -0.27684796 0.074987225 0.3545077 -0.031957496 0.53616697 0.91389936 0.47534296 0.4031574 0.571403 -0.7172449 -0.27473783 -0.11040155 -1.404374 0.7044827 0.643647
78 0.19516218 -0.5061468 -0.36712193 -0.2781427 -0.16302638 -0.42624888 0.54463184 0.17461227 -0.51788026 0.29499424 0.24692257 -0.3813321 -0.27643874 -0.11611914 -0.072583966 0.13819098 0.3113468 0.4262477 -0.12412862 0.20517808 0.5113015 0.89462453 0.2647834 -0.51285636 0.08668367 -0.06807864 -0.5107349 0.3709715 0.24587667 -0.13618323 -0.13515946 -0.21806903
79 -0.05153708 0.47821844 1.1189727 -0.6431121 -0.3971013 -0.12371203 0.49010488 0.19861062 0.36121306 0.115235366 0.23903455 -0.52810144 -0.054546464 0.22499397 0.4250198 0.84246874 -0.3402443 0.189462 -0.5028247 0.012747805 0.08706706 0.5900995 0.7403663 1.2005423 -0.13950524 0.5428797 -0.6273525 -1.144994 -0.24453776 -0.41618693 -0.0054325457 -0.14040196
80 -0.52488834 -0.1683501 0.68378836 -0.08608448 0.32223982 -0.24090008 0.2613291 -0.42785493 0.048151292 -0.6034147 0.107525155 -0.35308176 0.2988648 -0.3767482 0.07274158 -0.5570744 -0.046820585 -0.20860076 0.021239785 0.4393873 -0.12594825 0.5101849 0.9118145 0.38733914 0.48341784 0.6206993 -0.7038304 -0.25596902 -0.06732716 -1.6019835 0.90857357 0.6551558
81 0.25120476 -0.44351035 -0.33001113 -0.2287229 -0.13860781 -0.5307462 0.541039 0.20990317 -0.53240615 0.2468738 0.14558022 -0.3695685 -0.33511078 -0.21140642 -0.03352926 0.21921197 0.2553131 0.30259088 -0.100709274 0.13859761 0.39064318 0.96070856 0.31995672 -0.51427335 0.08574747 -0.01178081 -0.46079138 0.42062685 0.18608664 -0.20169961 -0.22055331 -0.39839253
82 -0.47854665 -0.111246414 0.7267025 -0.052647255 0.33959615 -0.28529277 0.3156442 -0.44781408 0.21193492 -0.5359807 0.13607709 -0.28083715 0.21701308 -0.590026 -0.061591096 -0.5671903 -0.0033419374 -0.23455714 0.10634189 0.38925573 -0.15930098 0.4872488 0.92660874 0.4495524 0.42818898 0.48448017 -0.7407679 -0.2602446 -0.049721677 -1.5049907 0.7970368 0.56926084
83 -0.29453647 -0.11728953 0.78740877 -0.060524795 0.075177066 0.30788115 0.46554765 -0.12185389 0.17504202 0.095692694 0.4171615 -0.09337007 0.0971355 -0.40328914 0.09197563 0.07908157 -0.15585425 0.096882954 0.113216974 -0.398825 0.30875602 0.24257374 1.0286437 1.3577713 0.34197956 0.20573625 -0.5444885 -0.69828933 -0.027497375 -0.56704074 -0.011444392 0.58999646
84 -0.46242422 -0.12869988 0.7901106 0.06420136 0.3684734 -0.24357112 0.26340553 -0.34899065 0.25068858 -0.5573233 0.18582046 -0.25708175 0.24871282 -0.4185982 -0.039012186 -0.61028516 -0.020854197 -0.2939713 0.054412816 0.4098823 -0.15146069 0.542423 0.89941716 0.49103564 0.41786623 0.430827 -0.81960154 -0.18982495 -0.12222463 -1.396553 0.7031439 0.57304543
85 0.21141164 -0.4628705 -0.23872654 -0.13281405 -0.20277825 -0.55884176 0.5187366 0.17208283 -0.5253638 0.17683916 0.2748425 -0.3830194 -0.22379543 -0.068489425 -0.069657624 0.19917387 0.24449453 0.31829193 -0.10231859 0.20813061 0.53867006 0.99169844 0.33690277 -0.6712217 0.04493991 -0.018931907 -0.5081028 0.3324577 0.16465454 -0.11416424 -0.2293411 -0.32777008
86 0.19898643 -0.44329885 -0.3196144 -0.23032267 -0.1525753 -0.50389296 0.47781026 0.14020106 -0.49159247 0.19516318 0.31974193 -0.4480806 -0.2707633 -0.1064044 -0.13177206 0.17045777 0.33210555 0.3553158 -0.14414352 0.116118416 0.54264724 0.9398859 0.22572032 -0.57783467 0.0203201 0.042419698 -0.5425507 0.2890298 0.18452418 -0.017406702 -0.25560844 -0.23101014
87 -0.18721348 0.3465035 1.0827491 -0.3031034 -0.11739243 0.008765992 0.5574995 0.0804734 0.26205987 0.04592188 0.5797773 0.075596675 -0.034248706 -0.03195474 0.2485004 0.52248365 -0.44566727 0.09337362 -0.20924975 -0.078444935 0.20480132 0.32096097 0.94276637 1.2489542 0.3163189 0.20202509 -0.44614542 -0.93221045 -0.056695662 -0.53312105 -0.11323496 0.12413236
88 0.336887 -0.5081537 -0.41096407 -0.25149235 -0.057813775 -0.5284933 0.54662806 0.045396183 -0.478522 0.19683011 0.27869067 -0.3923599 -0.27362338 -0.17606935 -0.07581537 0.19814424 0.27334672 0.36850217 -0.09623696 0.096102804 0.52839935 0.9888727 0.2826629 -0.5108827 -0.0036373443 0.001194423 -0.6357439 0.20184149 0.21694854 0.06589921 -0.26877844 -0.18002649
89 -0.5378205 -0.16493224 0.81926817 -0.12058923 0.35514173 -0.23536998 0.2549313 -0.41366717 0.19015586 -0.5144876 0.1361532 -0.15433672 0.27979773 -0.5787017 -0.014971948 -0.62393004 -0.015608902 -0.16277191 0.09614562 0.33656716 -0.16921727 0.50136495 0.94634825 0.46035963 0.47222796 0.5263069 -0.6641162 -0.26404196 -0.024635993 -1.4642265 0.70921874 0.55050564
90 -0.41822284 -0.16157982 0.8892499 -0.046507847 0.091161184 0.27193078 0.43425733 -0.13354221 -0.13370714 0.06845517 0.49023044 -0.14650118 0.10567997 -0.45368013 0.12037396 0.21562082 -0.24480909 0.076521054 0.18208146 -0.32722226 0.21019082 0.16011012 1.139446 1.5644821 0.5407775 0.26527637 -0.3793268 -0.6337401 0.04390124 -0.74029666 -0.11065802 0.5303069
91 -0.21686433 -0.18284523 0.83188707 -0.17521441 0.4242735 -0.28003255 0.37804452 -0.6023918 0.29700932 -0.6831538 0.20649675 -0.332723 0.29736906 -0.58870035 0.23616233 -0.46491012 0.07211491 -0.31913993 0.19021033 0.13424784 -0.17208043 0.47640318 0.705531 0.5761662 0.3150385 0.26326427 -0.92379844 -0.33791745 -0.21066643 -1.2384384 0.64520824 0.44715098
92 0.16593209 -0.5036015 -0.3425914 -0.14809072 -0.16988282 -0.55989486 0.4716618 0.11027451 -0.49142107 0.1216364 0.31723306 -0.4353989 -0.3811192 -0.21690871 -0.046292678 0.108662315 0.21941745 0.21940541 -0.057181478 0.123464234 0.43530428 0.97863877 0.32661542 -0.5319761 0.14985259 0.07761194 -0.49801517 0.28421777 0.17260961 -0.02445062 -0.25921765 -0.39501008
93 -0.2136451 -0.09487535 0.7300345 -0.24958406 0.4924202 -0.25495213 0.37760097 -0.60568005 0.25059643 -0.6545583 0.3059726 -0.17626822 0.29655057 -0.44661137 0.20992075 -0.44372782 0.112575635 -0.20391084 0.037928008 0.17690027 -0.014141915 0.501307 0.72603154 0.6056625 0.26442963 0.33215925 -0.950097 -0.4339068 -0.22983013 -1.1620141 0.6874696 0.68703717
94 0.09447365 -0.5721289 -0.21805915 -0.18161078 -0.1897188 -0.4408111 0.5594246 0.26281786 -0.54181 0.30087987 0.24591433 -0.47176766 -0.24346857 -0.0767901 -0.12198364 0.10016326 0.2954835 0.3847502 -0.07872878 0.18620309 0.5473883 0.9369348 0.2806823 -0.48565647 0.05148645 -0.018603979 -0.44681826 0.4216741 0.18148598 -0.05119229 -0.2220545 -0.3196504
95 0.31699076 -0.49053648 -0.30347234 -0.19865146 -0.070949964 -0.46063113 0.561725 0.21039012 -0.50975317 0.24645232 0.29093978 -0.38319677 -0.24404325 -0.1948582 0.002752305 0.17295703 0.27319196 0.37882414 -0.099283844 0.075275235 0.4945089 0.9906273 0.32998368 -0.47746083 0.091448285 -0.08877564 -0.51833886 0.42403618 0.23768768 -0.01150034 -0.25682077 -0.33577767
96 0.17298678 -0.43375245 -0.36045387 -0.19382009 -0.11957876 -0.4932271 0.54980356 0.15349084 -0.40310284 0.135845 0.39171526 -0.31742468 -0.2836921 -0.16958208 0.028822266 0.21578258 0.21376601 0.37258005 -0.1133986 0.17781538 0.45113814 1.0269859 0.24028563 -0.47901988 0.18613242 -0.059746046 -0.42189166 0.35461593 0.24848059 -0.11181598 -0.2287086 -0.3793624
97 0.060974907 0.51684594 1.2467631 -0.8075715 -0.66089994 -0.20438063 0.41832566 0.31040743 0.60132784 0.08613661 0.14566201 -0.82755136 0.03170794 0.42426652 0.032240935 0.4211558 -0.5261623 -0.01699065 -0.8652317 -0.27649343 0.2812045 0.63620627 0.94185483 0.8789936 -0.51088077 0.5225674 -0.8402805 -1.2301581 -0.3737242 -0.23116188 0.041435402 -0.2842346
98 0.31095773 -0.5179621 -0.25044954 -0.21644367 -0.22814062 -0.51338893 0.55428344 0.21484086 -0.5685494 0.2561927 0.24403483 -0.44346663 -0.4107032 -0.25410697 -0.12974773 0.04709424 0.13274921 0.21974581 -0.05443061 -0.011962141 0.3515076 0.9614091 0.3405731 -0.57804495 0.07566218 0.00550402 -0.52381 0.35719877 0.25454214 -0.056348126 -0.3467522 -0.4188514
99 -0.2645628 -0.11163293 0.65754527 -0.1848036 0.46714246 -0.20562345 0.40653166 -0.8098928 0.30487704 -0.6972282 0.45422167 -0.057207193 0.20925753 -0.53668714 0.121048 -0.41259763 0.06074195 -0.28898925 0.118485846 0.12685154 -0.0061857947 0.5353094 0.79062194 0.73730636 0.27891886 0.30444765 -0.9620979 -0.3997607 -0.2748946 -1.1371574 0.49749738 0.5117248
100 -0.26651 -0.10988172 0.7911207 -0.31074047 0.41242182 -0.21894985 0.35710526 -0.62234724 0.22780226 -0.5847386 0.26107445 -0.36034238 0.2714911 -0.5431868 0.18068875 -0.4139696 0.08621241 -0.22630513 0.112054326 0.1520675 -0.15847589 0.464097 0.80822384 0.6409293 0.32844806 0.29047742 -0.88019896 -0.31194192 -0.22682932 -1.2871546 0.69729483 0.53324145
101 0.1852766 -0.4708793 -0.25602674 -0.20848708 -0.064043514 -0.49983457 0.54997516 0.2235676 -0.5145726 0.2562679 0.26979804 -0.4487264 -0.23908246 -0.14409778 -0.12939717 0.065232255 0.3410388 0.41514665 -0.08762638 0.17299142 0.5810174 0.94633794 0.31525356 -0.5307818 0.033949543 -0.081025414 -0.4830963 0.35165295 0.14163809 -0.05363803 -0.2418674 -0.18852691
102 -0.06223215 0.24911392 1.4568545 -0.20071754 0.052081864 0.13494879 0.688327 0.26484418 0.43324706 0.1541743 0.54431 0.089240655 0.20339452 -0.11214345 0.26336688 0.47659725 -0.34776843 0.27240083 -0.05615688 -0.16744041 0.19409728 0.31279203 0.9664116 1.3251834 0.38782203 0.2047866 -0.50173193 -0.9343662 0.042539362 -0.5695557 -0.033674296 0.15689102
103 0.3269454 -0.46235964 -0.247145 -0.24205984 -0.13338242 -0.5130901 0.5827612 0.10430977 -0.52664864 0.19890547 0.3252372 -0.37860677 -0.3625175 -0.15327065 -0.07008687 0.123663 0.24049117 0.3236394 -0.030898996 0.10815406 0.49009767 0.95892054 0.28083774 -0.52761346 0.06426585 -0.04937365 -0.57357496 0.31574652 0.21736017 -0.003944134 -0.30612913 -0.3513851
104 -0.12995702 0.07483555 0.8090499 -0.17232735 0.49789342 -0.36807558 0.45999312 -0.637205 0.25412786 -0.7850631 0.34683856 -0.13557951 0.20388767 -0.51771015 0.23858236 -0.43708238 0.00069700886 -0.3266751 0.07778155 0.40638286 -0.20995523 0.51997745 0.73146296 0.37971175 0.3644932 0.2413284 -0.94349647 -0.26749265 -0.18607812 -1.4196765 0.74628633 0.45701024
105 0.22993046 -0.52827764 -0.21962179 -0.16132715 -0.12007943 -0.42132714 0.59075445 0.1916306 -0.5337552 0.2948729 0.23967879 -0.37426713 -0.28875697 -0.08299662 0.057546463 0.2114612 0.29328552 0.405054 -0.02234769 0.24239795 0.44239044 0.9760727 0.24820173 -0.43212554 0.12418504 -0.07800272 -0.478003 0.4689294 0.25150788 -0.12816164 -0.16817826 -0.31338957
106 0.12741074 -0.46812797 -0.38022187 -0.2561756 -0.19507764 -0.4218135 0.5170948 0.17509574 -0.5350724 0.24896616 0.24856251 -0.46184647 -0.30356464 -0.20059583 -0.07504741 0.13869953 0.27001387 0.3561964 -0.13667573 0.16490942 0.41878232 0.90899265 0.44021776 -0.4847462 0.11041369 0.021865038 -0.38635308 0.40040225 0.24440011 -0.16037633 -0.23085375 -0.4258421
107 0.30609873 -0.53206545 -0.36958364 -0.15791546 -0.0767603 -0.49154562 0.53678405 0.18313973 -0.49827975 0.18922572 0.21265922 -0.40134314 -0.32868192 -0.22579385 -0.026800152 0.22953345 0.22994761 0.29971105 -0.08493538 0.12958813 0.48072714 1.0096078 0.32060722 -0.524344 0.010471001 -0.06368627 -0.54161656 0.35324544 0.2002133 -0.08903477 -0.30603322 -0.4040515
108 -0.2159949 -0.13529944 0.6522788 -0.22447398 0.3855657 -0.24353911 0.35424852 -0.7014634 0.16088487 -0.7214522 0.33176583 -0.20902903 0.28106135 -0.29620373 0.03187686 -0.5009065 -0.045360636 -0.26301286 -0.014321534 0.17518455 0.02835883 0.44026342 0.82921463 0.547225 0.26937634 0.47012103 -0.8981569 -0.44475937 -0.2491058 -1.2054217 0.65056956 0.71706855
109 -0.11351025 0.33159187 1.4891075 -0.23893498 -0.047869723 0.029154437 0.6646188 0.23245378 0.44267476 0.15712647 0.52780855 0.09616739 0.21342744 -0.022472631 0.32227486 0.5117399 -0.3429878 0.23831905 -0.062218685 -0.12262983 0.22753279 0.33609092 0.84255934 1.1961317 0.25784537 0.07309818 -0.5904916 -0.869287 -0.032095116 -0.47527543 -0.0009301492 0.13457589
110 -0.25664845 -0.042537604 0.56961817 -0.22952917 0.4057167 -0.2947556 0.37327784 -0.7067607 0.23559658 -0.7436208 0.24439256 -0.28275037 0.18021528 -0.5709 0.2713253 -0.3356323 0.010758762 -0.28432947 0.0713105 0.30911005 -0.18278289 0.51760787 0.75157136 0.6190132 0.41139355 0.33263102 -0.82626206 -0.28198957 -0.18824747 -1.376791 0.7240258 0.43438247
111 -0.12653291 -0.14507659 0.7840158 -0.21003117 0.5576684 -0.23370704 0.47314674 -0.8132025 0.2946248 -0.81315327 0.3704764 -0.06867552 0.255936 -0.5411955 0.32720348 -0.41156834 0.12973367 -0.28710106 0.09977237 0.19761083 -0.06288333 0.6071734 0.7139405 0.66047907 0.31832856 0.22339885 -1.0510337 -0.40091074 -0.25092185 -1.2185061 0.6440834 0.56344175
112 -0.1841948 -0.05259457 0.7146725 -0.25530073 0.49671093 -0.2481285 0.39893025 -0.76132596 0.27778316 -0.7297973 0.34012544 -0.16041028 0.26587963 -0.45752555 0.15499368 -0.4733013 0.09035569 -0.19695124 0.037535552 0.26875293 -0.012302332 0.5224814 0.7311249 0.47995576 0.30333567 0.301877 -0.948408 -0.3907418 -0.22187792 -1.2676604 0.71150243 0.56402344
113 -0.14413324 -0.1873701 0.8194796 -0.061347697 0.48620528 -0.2925567 0.41570643 -0.591087 0.28536293 -0.7130326 0.18351309 -0.17103039 0.26779452 -0.5016806 0.19224091 -0.49111456 0.012711864 -0.26738572 0.13670696 0.20216954 -0.07088538 0.5483086 0.7605209 0.55461293 0.24009334 0.31130952 -0.9045477 -0.30206755 -0.15081087 -1.19427 0.67552495 0.5140828
114 -0.3786512 -0.24651864 0.8308635 -0.086772606 0.1815897 0.32478055 0.4309902 -0.29383856 -0.056396004 0.054097977 0.48423824 -0.26697996 0.2466462 -0.29986686 0.16959317 0.1335556 -0.111985154 0.19251171 0.08795202 -0.3019652 0.4697683 0.26581255 0.95221615 1.4778574 0.33677518 0.29729578 -0.4196956 -0.65454435 -0.017033841 -0.596436 0.064166754 0.84597725
115 -0.07370895 0.6575894 1.1284819 -0.88246936 -0.69838405 -0.21519361 0.4474634 0.47506848 0.513377 0.31869423 0.027656779 -0.6571792 0.085072644 0.4261325 0.09226946 0.42338496 -0.35719186 0.17727378 -1.0121351 -0.07058395 0.15649661 0.6164163 1.057783 0.9433165 -0.5340375 0.5433335 -0.8450444 -1.1571343 -0.18624304 -0.24931598 0.19301711 -0.11408748
116 -0.31168702 0.15003453 1.4633878 -0.16733499 -0.04645768 0.2707147 0.5890161 0.23949084 0.22069064 0.28711662 0.45260742 -0.12895168 0.16943072 -0.14172652 0.38346216 0.4446043 -0.3348943 0.2310835 0.022305997 -0.16097233 0.118056804 0.28411457 0.98715746 1.418525 0.28896496 0.3016809 -0.41925916 -0.6651848 0.08477538 -0.72755146 -0.10343355 0.12518151
117 0.2137381 -0.4976475 -0.15036993 -0.20495024 -0.116634004 -0.5059205 0.58983 0.18109822 -0.4154253 0.2168412 0.36300695 -0.2938884 -0.20742072 -0.23422009 0.0033952468 0.13240515 0.28108722 0.40680602 0.018648716 0.035399154 0.5024103 0.8940319 0.19258903 -0.5227235 0.07454335 -0.18490125 -0.56099474 0.37843853 0.23427755 -0.075678036 -0.30535394 -0.41717285
118 -0.1552403 0.325707 1.2725896 -0.53687537 -0.620408 -0.26290682 0.3823475 0.33056825 0.3990671 0.08805716 0.20005597 -0.5888403 0.02907855 0.23794733 0.33356947 0.92533165 -0.42492437 0.14000916 -0.512809 0.07005657 -0.018763172 0.6331313 0.8286736 1.1618725 -0.0054976325 0.51306045 -0.44308007 -1.1250167 -0.24916713 -0.42552954 -0.0119337505 -0.31487447
119 0.25159112 -0.5093225 -0.24786882 -0.23123746 -0.105858184 -0.49102733 0.5492824 0.12992728 -0.50022346 0.22864671 0.23572509 -0.4185436 -0.30960777 -0.17888737 0.05010514 0.2542678 0.3184739 0.2983191 -0.047247656 0.12496878 0.46017617 1.0403862 0.24837452 -0.47154295 0.06277052 -0.060093246 -0.574303 0.4351261 0.1343921 -0.052247778 -0.27651638 -0.37950793
120 0.16141257 -0.5499371 -0.3144721 -0.23106422 -0.30001602 -0.47265595 0.5379551 0.15978295 -0.6279975 0.30971983 0.22806826 -0.41365805 -0.29209843 -0.19277747 -0.102580816 0.21259452 0.28759518 0.3408343 -0.09140815 0.12733096 0.5025645 0.889775 0.41020456 -0.5753594 0.07058971 -0.014671449 -0.49590683 0.38823527 0.25260028 -0.08111792 -0.19906232 -0.25925142
121 0.22381629 -0.4921719 -0.23043253 -0.18562588 -0.068991646 -0.48177582 0.58089495 0.1610683 -0.47645023 0.23649223 0.3114946 -0.40864155 -0.20762278 -0.041529946 -0.12039152 0.13659242 0.2960736 0.41972274 -0.08681249 0.19458523 0.60412216 0.9322987 0.24601454 -0.58348197 0.030139461 0.0061755725 -0.494219 0.32968745 0.21782212 -0.018845338 -0.24172503 -0.15520568
122 0.04910223 -0.49423012 -0.35186395 -0.21352395 -0.2524068 -0.54816085 0.511678 0.2249018 -0.54733354 0.18191865 0.27326432 -0.5041027 -0.3989105 -0.25349328 -0.06850892 0.14953302 0.20060708 0.26603556 -0.09899832 0.15052068 0.42278033 1.0219424 0.23294853 -0.50301343 0.14297484 0.07493031 -0.46079898 0.37611854 0.1891701 -0.079922035 -0.23721752 -0.43424207
123 -0.11093861 -0.11005422 0.64565104 -0.084552504 0.4718919 -0.28877735 0.39392006 -0.75196135 0.14849052 -0.7641597 0.305907 -0.13489336 0.16603298 -0.5115153 0.14594942 -0.3425986 0.010154807 -0.30570906 0.08218189 0.18441947 -0.111597456 0.50363857 0.7411194 0.59242845 0.3633061 0.36482665 -0.8885824 -0.36473688 -0.24367793 -1.1977004 0.56583107 0.4901787
124 0.26724252 -0.44848314 -0.4014116 -0.23341194 -0.10365542 -0.54383075 0.5109919 0.14299753 -0.5526289 0.19691177 0.14078853 -0.48748028 -0.39197865 -0.17760585 -0.017944122 0.14111942 0.28129038 0.37046728 -0.10158502 0.16948381 0.37298363 1.0027353 0.31905445 -0.45384216 0.06191142 -0.0043182415 -0.4815521 0.39465925 0.21120098 -0.21479194 -0.24424939 -0.36147892
125 -0.034539096 0.4332749 1.2101814 -0.94252074 -0.62406737 -0.12708206 0.49172318 0.3807491 0.60772955 0.26485452 0.016026046 -0.96650314 0.10075401 0.20329957 0.31863865 0.5299694 -0.2537069 0.20151132 -0.6997881 -0.25710547 0.07077613 0.5684442 0.8400231 1.073723 -0.5347758 0.48612493 -0.834828 -1.0466583 -0.24792697 -0.28267348 0.112167306 -0.2870584
126 -0.39515245 -0.17191482 0.7344747 -0.101696864 0.10521038 0.2811496 0.4368834 -0.16942376 -0.12402761 0.0881065 0.45275584 -0.21965528 0.11066166 -0.3990897 0.1341187 0.1835845 -0.2579937 0.060735807 0.16905957 -0.36549994 0.2137504 0.18246134 1.086974 1.5332729 0.5491419 0.27344152 -0.37563944 -0.6539003 0.003422167 -0.7487458 -0.00082590105 0.6106084
127 0.28243354 -0.4502666 -0.3199952 -0.13843422 -0.045100063 -0.51934856 0.6293394 0.11166797 -0.44695628 0.20808515 0.41325822 -0.2356565 -0.21478869 -0.13115537 0.011135919 0.28855485 0.2936442 0.37002453 0.00077175145 0.23489147 0.48307583 0.919627 0.30337688 -0.48501974 0.14324684 -0.110525355 -0.53775615 0.32142973 0.22221924 -0.057140257 -0.30648106 -0.3596615
128 -0.16710795 -0.089113876 0.59530884 -0.24373771 0.47186747 -0.29170993 0.39151594 -0.776185 0.19498482 -0.7229596 0.31970873 -0.27293134 0.2139348 -0.509377 0.14313827 -0.36634612 0.05800609 -0.2681439 0.037035935 0.14042634 -0.04838837 0.5171321 0.7915186 0.7249823 0.28565013 0.3274724 -0.94172305 -0.4167363 -0.26560807 -1.1718789 0.6579876 0.6346106
129 -0.21467629 -0.0641666 0.7732836 -0.17403756 0.47883502 -0.35796157 0.3996425 -0.6541408 0.23300809 -0.7381848 0.29992238 -0.15350795 0.25072312 -0.55420536 0.09621898 -0.4958123 0.0079353005 -0.23313034 0.06591827 0.3011858 -0.08405669 0.5673647 0.76411 0.5065371 0.3462999 0.35830355 -0.88822025 -0.35119194 -0.15580907 -1.3295617 0.78027964 0.5907014
130 -0.058522675 0.5052192 1.2673618 -0.6105169 -0.52462924 -0.19763058 0.55186814 0.24068767 0.41493773 0.16332144 0.18795931 -0.45806026 -0.10238103 0.14624573 0.37659183 0.8304748 -0.45562807 0.1714985 -0.5597518 -0.068210654 0.087078296 0.5574692 0.87397426 1.2374508 -0.18594164 0.5336277 -0.592466 -1.0001957 -0.24797696 -0.47452173 -0.06923146 -0.3259596
131 -0.24430758 0.40592557 1.2969733 -0.5963311 -0.7194292 -0.14694966 0.3493568 0.56874585 0.5359451 0.31653848 0.04314425 -0.72987944 0.007513135 0.149388 0.19686477 0.6219084 -0.42043048 0.121440575 -0.68207914 -0.0966381 0.050225686 0.65676194 0.9275151 1.1176189 -0.32443297 0.60298836 -0.5822412 -0.9901723 -0.18350852 -0.37433982 0.016156219 -0.39468434
132 -0.2030112 -0.04461233 0.779212 -0.307458 0.40278625 -0.30483273 0.30919346 -0.64355266 0.2054775 -0.6154588 0.27706042 -0.21825206 0.2694055 -0.43758282 0.10979746 -0.47239906 0.04673588 -0.2292486 0.05597071 0.14291102 -0.10206726 0.4191334 0.8115004 0.5094753 0.26049623 0.38134354 -0.8912656 -0.42208344 -0.18761757 -1.2940131 0.6674549 0.6196335
133 0.27034956 -0.47183317 -0.1992883 -0.29166034 -0.11136137 -0.48290545 0.60791296 0.16812217 -0.5131103 0.29121685 0.35443497 -0.3397992 -0.17290819 -0.049047425 -0.116357 0.14568776 0.24203382 0.47816154 -0.10513384 0.19454508 0.57589245 0.87214595 0.28569755 -0.57469696 0.060940456 -0.13519609 -0.5550209 0.38954097 0.24392383 -0.01902231 -0.22916746 -0.23653607
134 -0.16060668 0.18294261 1.3680143 -0.17579912 -0.13150401 0.11357692 0.6663344 0.26537648 0.15728317 0.13928017 0.40825582 -0.07201955 0.16913661 -0.07028623 0.31222242 0.59848475 -0.5023752 0.19793457 -0.06347672 -0.15096141 0.08683762 0.2684049 1.0806546 1.3934351 0.40320218 0.26400608 -0.29468712 -0.7414924 0.0682412 -0.6626791 -0.1350688 0.020027272
135 0.07669173 0.5100173 1.0548555 -1.0312473 -0.6970801 -0.25521272 0.41569415 0.35739708 0.52724135 0.16437154 0.02899565 -0.9346655 -0.07400348 0.37934014 0.106660366 0.5014594 -0.49373993 0.19865452 -0.9652267 -0.24871269 0.25447887 0.53723264 1.1097233 0.97028416 -0.5633014 0.6740089 -0.68942463 -1.1907183 -0.26265028 -0.29022908 0.0896716 -0.17700747
136 0.34614223 -0.440738 -0.33970532 -0.24092834 -0.0005173513 -0.45884442 0.6488353 0.21253212 -0.5254652 0.27448812 0.22722948 -0.35729995 -0.29172257 -0.03622117 -0.05776532 0.13811278 0.25481755 0.48843783 -0.16702533 0.34595016 0.44459778 0.9321899 0.37079433 -0.55056614 0.10816016 -0.038099412 -0.46240565 0.41918933 0.3311278 -0.16700219 -0.14453878 -0.22495115
137 0.2582002 -0.4549407 -0.46013713 -0.24683215 -0.08474887 -0.47152376 0.44641098 0.0684659 -0.5484329 0.20036246 0.27188152 -0.44403937 -0.33494446 -0.06802753 -0.0809689 0.0858024 0.30833343 0.37013257 -0.17856255 0.14099066 0.55946094 1.0531603 0.26568624 -0.47648638 0.07225455 -0.029656006 -0.5505673 0.376589 0.15668555 -0.09571404 -0.18133864 -0.24045087
138 0.2556021 -0.4915947 -0.35480222 -0.16505013 0.0025080414 -0.5526637 0.63641137 0.13191563 -0.4469737 0.20356523 0.27472138 -0.30019525 -0.37062994 -0.2050327 0.034506433 0.22285078 0.25652954 0.35862464 -0.028795604 0.26315013 0.47541863 1.0970848 0.1896471 -0.4285322 0.15456174 -0.11540488 -0.5314171 0.38559934 0.24424885 0.015933275 -0.21449943 -0.34824258
139 0.22405252 -0.44345286 -0.22568373 -0.12265463 -0.10999645 -0.49943817 0.54334736 0.2025088 -0.5173321 0.2576574 0.29702714 -0.33375975 -0.28677815 -0.14011727 -0.09717791 0.11582329 0.32001892 0.26576823 -0.062101167 0.11611475 0.5608082 0.9864046 0.2592094 -0.48518723 0.0850794 -0.07847477 -0.5394574 0.34144875 0.19238107 0.039434392 -0.2702833 -0.2562399
140 0.1614334 -0.52318805 -0.3101436 -0.21247876 -0.21306887 -0.5515845 0.5057217 0.15080185 -0.5847252 0.20952709 0.23549789 -0.43190047 -0.2962438 -0.16815026 -0.06717582 0.2197335 0.29580864 0.33488756 -0.035731245 0.21438053 0.44317088 0.8833104 0.31859222 -0.54701006 0.12550348 0.08586432 -0.4525396 0.37079048 0.2528959 -0.10363784 -0.2551613 -0.30774084
141 -0.23706244 -0.14769247 0.6413021 -0.13507135 0.50594354 -0.25593686 0.3823564 -0.7497245 0.17638122 -0.6880186 0.31224173 -0.08946702 0.23418161 -0.480821 0.167263 -0.3566271 0.06927901 -0.23700824 0.04821811 0.3673941 -0.119371034 0.57911396 0.78894764 0.6228208 0.38273877 0.43785724 -0.815007 -0.36155024 -0.23549058 -1.2774034 0.6209141 0.56429213
142 0.30151406 -0.49351043 -0.2882902 -0.17553352 -0.13638079 -0.5447198 0.55458945 0.17546296 -0.48587564 0.15842167 0.299349 -0.43376708 -0.32182863 -0.26444206 0.0027675452 0.1990779 0.24329588 0.3406671 -0.042108223 0.04818741 0.4532747 0.99844474 0.24868439 -0.5237101 0.095584214 -0.016732313 -0.5077715 0.37753603 0.18105397 -0.0014356492 -0.24720705 -0.34224105
143 0.2195475 -0.5314762 -0.24923147 -0.13883702 -0.112655275 -0.5227067 0.5549585 0.2979377 -0.57011473 0.26828766 0.20376201 -0.4331726 -0.24767345 -0.24178939 -0.02779265 0.14526078 0.31573257 0.30643678 -0.035575308 0.24821451 0.3839139 0.95221245 0.36981666 -0.56245524 0.06074658 0.058771696 -0.44643125 0.4540447 0.2937127 -0.09913488 -0.18840237 -0.3828391
144 0.18984433 -0.41651097 -0.4086219 -0.33471042 -0.18012063 -0.52583927 0.5264508 0.230041 -0.54455763 0.32635206 0.21990632 -0.36168337 -0.3955661 -0.24014585 -0.115464784 0.13719288 0.261169 0.3063916 -0.17228295 0.1494118 0.40190214 0.9174106 0.37576336 -0.49446425 0.070272 0.007331729 -0.4581298 0.4454292 0.27282268 -0.153958 -0.25508797 -0.2752912
145 -0.22929281 -0.22454867 0.8558128 -0.038678147 0.16821189 0.27485886 0.41936928 -0.12768847 -0.066731565 -0.02963387 0.35541302 -0.3326832 0.08961133 -0.438753 0.24329342 0.1955815 -0.28884232 -0.010139084 0.1613576 -0.40997824 0.21971253 0.24549234 0.98501456 1.4806566 0.45492885 0.27739578 -0.4202525 -0.6428877 0.02020342 -0.6841356 -0.01224754 0.5942529
146 0.22987111 -0.46993116 -0.31175637 -0.27754614 -0.1500815 -0.53249824 0.4425925 0.15109283 -0.53069866 0.25513464 0.23742893 -0.40806255 -0.2470595 -0.1720418 -0.011902975 0.117647804 0.2861931 0.28596982 -0.09508931 0.09685574 0.4710725 0.9393512 0.32998043 -0.58817834 0.010666731 -0.015724469 -0.5242829 0.38968098 0.21240379 -0.113377854 -0.2343464 -0.30699658
147 0.11719348 0.5369673 1.2259016 -0.64241666 -0.43942916 -0.2503217 0.64221823 0.35460392 0.51550514 0.19600022 0.17156039 -0.22337589 -0.03467909 0.07916029 0.35463315 0.7529231 -0.5328195 0.18367767 -0.5049347 -0.12743445 -0.08537653 0.40480512 0.94401157 1.1680743 -0.042109564 0.3163283 -0.6028026 -0.9870795 -0.13526405 -0.5094163 0.02773623 -0.37825945
148 0.13994683 -0.46753526 -0.30214724 -0.20398691 -0.1553134 -0.4888775 0.45841458 0.12800509 -0.5061304 0.22699393 0.2764988 -0.33074546 -0.31797147 -0.26119328 -0.11636117 0.17618148 0.3033131 0.36511084 -0.0069519198 0.055980373 0.39548382 0.9332716 0.3573839 -0.49704915 0.1528586 -0.009774897 -0.4701649 0.23766708 0.20486246 -0.09344463 -0.27715728 -0.33657044
149 -0.23746073 -0.17120479 0.79709935 -0.26455185 0.45917782 -0.29367763 0.4258992 -0.66196233 0.30685836 -0.6829406 0.2903092 -0.05021138 0.24919328 -0.5780105 0.31752798 -0.40370432 0.084170625 -0.23666115 0.13092732 0.12082905 -0.15007044 0.55299854 0.6931115 0.7334635 0.27086762 0.32610682 -0.898255 -0.27734587 -0.21169497 -1.2028878 0.5518599 0.4097812
150 0.25763848 -0.49661165 -0.23806423 -0.21971413 -0.1817978 -0.49560642 0.5122427 0.1320774 -0.57103354 0.2654279 0.25624272 -0.48105678 -0.29822466 -0.14862187 -0.08212925 0.17353396 0.28097796 0.27375758 -0.017106805 0.104637064 0.49894 0.8927575 0.31730223 -0.46578106 -0.01965521 -0.041899715 -0.4889823 0.3859072 0.20839691 -0.12559447 -0.27917477 -0.32644498
151 0.18036713 -0.46542013 -0.32788023 -0.24913202 -0.14690408 -0.54423594 0.51241785 0.17345779 -0.5341117 0.22306378 0.30678 -0.3621327 -0.30564797 -0.14057158 -0.07007001 0.19950503 0.32101625 0.34086803 -0.12130089 0.20032887 0.45790082 0.92040366 0.3837492 -0.5756852 0.08524725 -0.031064281 -0.4747701 0.42839313 0.20232949 -0.06325437 -0.25105673 -0.34618226
152 0.12071001 -0.44652858 -0.34665224 -0.26182294 -0.19760343 -0.5837015 0.6006461 0.22248578 -0.4537237 0.2479678 0.27783442 -0.37583393 -0.30315346 -0.13122372 -0.0037985859 0.1885586 0.27980274 0.41136754 -0.116404556 0.18983096 0.4826552 0.89526635 0.27694562 -0.51994896 0.050440133 -0.04393406 -0.47943708 0.38915092 0.2338523 -0.17047195 -0.22921015 -0.32436594
153 -0.2233775 -0.12876028 0.7309752 -0.16052428 0.49736163 -0.28189865 0.41702142 -0.7047145 0.3070355 -0.6995363 0.32291198 -0.17194879 0.25299227 -0.58269626 0.14562315 -0.45515388 0.07264331 -0.27039427 0.08214861 0.15071677 -0.06660276 0.51432717 0.7662355 0.65803754 0.28873596 0.3075929 -0.87865806 -0.3597187 -0.1556019 -1.1469365 0.5629823 0.56539583
154 0.23767869 -0.46898806 -0.2938337 -0.1413224 -0.16384009 -0.48500928 0.58493346 0.16381466 -0.48828217 0.22883044 0.30717617 -0.41975516 -0.3294736 -0.16229758 -0.052229863 0.16780189 0.18343063 0.4929204 -0.06441928 0.126237 0.4848874 1.0086944 0.3578732 -0.56464416 0.08084998 -0.04300221 -0.47130167 0.29020798 0.29311776 -0.021793965 -0.312802 -0.43732536
155 0.120687895 0.48188287 1.4284941 -0.93265265 -0.44699928 -0.124905646 0.6248382 0.38277754 0.7239611 0.2603896 0.26271975 -0.87014484 0.1775354 0.28622508 0.31505358 0.52861553 -0.24137712 0.31080213 -0.63341475 -0.2922182 0.32966438 0.55504334 0.7052104 1.0244421 -0.48193008 0.27100292 -0.9367602 -1.1601375 -0.25859037 -0.07897312 0.16839212 -0.13794756
156 -0.3347446 -0.24099338 0.7693682 -0.032248087 0.11885081 0.31487718 0.4130457 -0.32531247 -0.06546474 -0.019602995 0.43887904 -0.26360235 0.11458773 -0.48718682 0.13996184 0.07420164 -0.30614796 0.010434463 0.10474247 -0.45907518 0.30744594 0.23974152 1.1242322 1.5998505 0.4526877 0.22859482 -0.420791 -0.64657944 0.006089067 -0.6497513 -0.10927892 0.5819297
157 -0.24384877 -0.16296916 0.8506056 -0.1637484 0.5061598 -0.24296026 0.4078251 -0.5371875 0.3150107 -0.6933522 0.30743572 -0.15829004 0.30099818 -0.52813053 0.22847296 -0.48413426 0.124396384 -0.22295871 0.13378277 0.20263556 -0.10155629 0.57816833 0.7087497 0.58290184 0.3668919 0.26865596 -0.904885 -0.29884487 -0.1289973 -1.2404253 0.6793353 0.5051385
158 -0.021145888 0.11484756 1.2836804 -0.07617613 -0.08439204 0.18558924 0.6364015 0.11969237 0.20646255 0.00066362054 0.40235442 -0.11101633 0.22757354 -0.113913745 0.31254432 0.46763143 -0.5113074 0.039986257 -0.120600425 -0.22281195 0.20729363 0.26567465 1.0688808 1.3710182 0.38585272 0.18122613 -0.3407005 -0.6354607 0.06799251 -0.6006275 -0.07109863 0.042688426
159 -0.20837761 -0.118929215 0.63073754 -0.22528042 0.47029486 -0.32943916 0.34959996 -0.8252615 0.26581195 -0.79859143 0.28841835 -0.22510515 0.192527 -0.57972586 0.2724104 -0.36474723 0.08463832 -0.31764567 0.11275972 0.17607221 -0.14752334 0.580506 0.72700524 0.6628625 0.3160334 0.36973727 -0.94250685 -0.31451055 -0.22088367 -1.2673994 0.649572 0.49314687
160 -0.23454623 -0.39041343 0.9230777 0.13237008 0.1769255 0.42997313 0.4988357 -0.22230262 -0.18114835 -0.15528382 0.58040655 -0.38846913 0.19202231 -0.24825548 -0.045090914 -0.15202926 -0.3900143 -0.10885172 0.17808399 -0.5456341 0.4995949 0.11937877 1.0967251 1.3503394 0.5807985 0.23569262 -0.51607907 -0.7304276 -0.0920063 -0.5951263 -0.12262015 0.74821216
