1 0.05740521 -0.4989873 -0.036007445 0.14760882 -0.080928296 -0.2943302 1.0091532 0.3795483 -0.4302129 -0.1503741 0.3000699 -0.097071625 -0.459978 0.1624162 0.06222679 0.01528073 -0.3062802 0.19040693 -0.036232628 0.74273103 0.024393506 0.8491345 0.45709884 -0.47057843 -0.014336462 -0.09400523 -0.17498325 0.48176295 0.02277602 -0.41233736 0.10740769 -0.5733717
2 -0.01938808 -0.63200486 -0.0439519 0.075987026 -0.21991754 -0.3774082 0.97254914 0.24969521 -0.39247137 -0.059564125 0.23820099 0.021589153 -0.57815605 0.17016585 0.11095262 0.028652316 -0.30245665 0.27519372 -0.031221189 0.77199435 0.061828606 0.79648495 0.37974122 -0.42145336 0.0721135 -0.073941566 -0.19715032 0.39801258 0.013440939 -0.5419667 -0.017491773 -0.5430606
3 0.10568084 -0.5732777 0.0023835376 0.19733138 -0.20057891 -0.257724 0.94012445 0.26864016 -0.46323338 -0.16334188 0.19237559 -0.014921625 -0.47598764 0.18681206 0.08111145 0.09059675 -0.34233576 0.21584366 -0.1341275 0.7584946 0.19714013 0.76988214 0.44630122 -0.4040096 0.0591639 -0.11290217 -0.18986776 0.525069 -0.005161939 -0.36255768 0.12369028 -0.64069754
4 0.014197301 -0.56484765 -0.10181479 0.12350596 -0.23429798 -0.41386014 1.0007302 0.306114 -0.36198688 -0.12431842 0.26802355 0.0035475856 -0.5675402 0.1838469 0.0032813938 0.06766938 -0.41657934 0.21034151 -0.021663483 0.8224196 0.11436632 0.9001329 0.45045185 -0.4176651 0.02553382 -0.03305589 -0.17001142 0.48092413 0.0069350232 -0.4187787 0.08846919 -0.51575994
5 0.08837169 -0.5939428 -0.0932263 0.0980817 -0.020936793 -0.38796473 1.0750763 0.37593228 -0.3858835 -0.11015217 0.15626587 -0.09604911 -0.49416408 0.23117568 0.07803311 0.094212614 -0.28442827 0.20565811 -0.20537496 0.6363552 0.2476034 0.7582826 0.36213866 -0.53204733 -0.030122183 -0.102455854 -0.22398837 0.65692586 0.0719628 -0.3197553 0.111524075 -0.6174657
6 -0.014969824 -0.5345414 -0.01984692 0.08991255 -0.2516361 -0.29612505 0.9603838 0.28277114 -0.37056142 -0.07815191 0.16834393 -0.020055285 -0.4557268 0.21294734 0.09381202 0.055825498 -0.34497488 0.21102153 -0.12200636 0.8070212 0.08130408 0.7981678 0.4973584 -0.33148494 0.08145532 -0.04708589 -0.14106548 0.43225 0.018624656 -0.5995289 0.045349192 -0.54333717
7 0.08831719 -0.6016967 -0.015742075 0.114384055 -0.12343992 -0.3212553 0.9940189 0.36727804 -0.39661092 -0.016138114 0.20132546 0.007316191 -0.5365671 0.22538145 0.15588762 0.069488525 -0.21414192 0.24885614 -0.12758763 0.82938427 0.21273784 0.83510906 0.3240055 -0.5370828 0.06547119 -0.06662682 -0.23457901 0.5182273 0.02928342 -0.4232074 0.06547898 -0.55732226
8 0.030285478 -0.5817559 -0.06277317 0.10973803 -0.22046207 -0.3398118 1.0617404 0.33096403 -0.31721362 -0.051144682 0.23037183 0.04888521 -0.5100602 0.2053263 0.12763163 0.12151907 -0.21840958 0.17712936 -0.12432007 0.7059802 0.1052599 0.80572873 0.37619662 -0.4926628 -0.0006928701 -0.16213338 -0.29898068 0.50425434 0.051830932 -0.40510002 0.059321824 -0.60912114
9 0.053248566 -0.65778184 -0.087211125 0.07465336 -0.14407606 -0.36063632 0.98461276 0.24161302 -0.43043357 -0.00025355787 0.33352393 0.01618793 -0.47660652 0.15627393 0.06817408 0.05572737 -0.31906217 0.27836454 0.030537697 0.7620736 0.050402973 0.86339056 0.361243 -0.45684168 0.10687505 0.0015040505 -0.20509659 0.49339563 -0.028537737 -0.3861899 0.061871707 -0.53504986
10 0.017295154 -0.55028546 -0.046370875 0.1250862 -0.21411008 -0.351149 1.0840198 0.2982503 -0.3264983 0.020265058 0.2811613 -0.068819396 -0.5557665 0.2840046 -0.02268086 0.055653043 -0.27426752 0.15427507 -0.12393003 0.73936105 0.17468514 0.7915387 0.34174976 -0.48497733 -0.07500322 -0.12603815 -0.3155305 0.5473743 0.010381212 -0.46845722 -0.0017358811 -0.54226494
11 0.06708598 -0.53542644 -0.06001016 0.12542818 -0.2044123 -0.3526088 1.009794 0.34658706 -0.4281008 -0.1592847 0.26755244 0.00912367 -0.51820886 0.09698102 0.0083663985 -0.043439597 -0.3399661 0.16745609 -0.017429182 0.7070435 0.1391537 0.8398228 0.42783877 -0.40329826 -0.011532346 -0.06858382 -0.16782895 0.57287776 0.087107934 -0.41413417 0.042983115 -0.48089525
12 0.0017309312 -0.6017587 -0.034714412 0.046940513 -0.2562165 -0.38506678 0.9994975 0.2960458 -0.4475228 -0.0681855 0.22872457 -0.040235166 -0.51502985 0.21406162 0.1482931 0.0824578 -0.31367737 0.24453948 -0.03205491 0.7303156 0.06268239 0.814063 0.39867812 -0.37711564 0.08831382 -0.019883467 -0.19665447 0.431469 -0.037700433 -0.49907652 0.068654686 -0.54249233
13 0.10346983 -0.5711658 -0.0193943 0.11806032 -0.09192418 -0.32393214 1.0370052 0.2854205 -0.37271398 0.017763367 0.22366092 -0.024688141 -0.4582464 0.23405704 0.07081019 0.07371275 -0.30996674 0.28155616 -0.071821444 0.78226495 0.09717228 0.750383 0.37547174 -0.46322703 0.16625078 -0.066752255 -0.28204757 0.4744093 -0.03194251 -0.4290387 0.025300102 -0.5558224
14 -0.3508651 -0.6298785 1.0403495 0.024543095 0.39442766 -0.68011415 -0.20745113 -0.8124874 0.18241501 -0.24296133 0.059733912 -0.25862947 0.6623299 -0.7848317 -0.2956811 0.016511641 0.59836024 0.040569153 0.077454835 -0.11563158 0.5014372 0.42576545 0.5893314 -0.32367563 -0.117843635 0.019918483 -0.602913 0.036194693 0.25757274 -0.29010728 -0.10064574 0.699799
15 0.04807907 -0.54902047 -0.08981229 0.040005267 -0.06931606 -0.37769875 1.0314835 0.32400057 -0.3550304 0.006599671 0.2727995 -0.070357785 -0.40401545 0.19581068 0.12123512 0.06515971 -0.2530712 0.23770212 -0.09974941 0.67881775 0.14047585 0.7990369 0.28911713 -0.45390093 -0.030848969 -0.09004839 -0.20216714 0.5269167 -0.015824283 -0.4468329 0.10479901 -0.60766065
16 0.092297554 -0.5346932 0.0006325587 0.0890158 -0.20382772 -0.3002647 1.1197572 0.2549247 -0.4812044 -0.0018418817 0.25115514 -0.04817933 -0.51320004 0.2201484 0.14580134 0.0016661646 -0.23177797 0.3288203 -0.0240232 0.8327473 0.009066689 0.72612584 0.34690368 -0.49012 0.117904976 -0.107839175 -0.32623348 0.3775739 0.101893656 -0.45950428 0.03156582 -0.47635648
17 0.17124073 -0.5209367 -0.16055469 0.0016014498 -0.2464534 -0.3516856 0.9168557 0.22568333 -0.62765944 -0.11944316 0.20756444 0.02042479 -0.46193048 0.016420877 0.285029 -0.03355762 0.06208008 0.38084105 -0.04416722 0.6347807 0.0074389116 0.80946755 0.19893384 -0.14583756 0.16389176 0.004290291 -0.303326 0.51206744 0.14451098 -0.55175465 0.25455293 -0.23069581
18 -0.26000226 -0.64211637 0.8042881 0.100979716 0.65739125 -0.11588736 0.06455444 -0.26150307 -0.13605902 0.40602458 0.2495526 -0.30626604 0.8175675 -0.38543686 -0.5209551 0.19559501 0.4379514 0.3986653 0.04716769 -0.1713328 1.1449139 0.632236 0.67887324 0.6583911 0.35185197 -0.13889585 -0.6138989 -0.65786934 0.124759555 0.16044715 -0.047963392 0.6775206
19 0.09882852 -0.48233372 -0.25252253 0.05335137 -0.36367178 -0.48302832 0.98501086 0.1797718 -0.5705234 -0.111916386 0.18346575 -0.030551188 -0.52423674 -0.037241347 0.29503903 0.06477113 0.022340354 0.26956716 -0.16326182 0.52814424 0.0007155619 0.846496 0.21679787 -0.19452664 0.055233087 -0.13133518 -0.34106112 0.54713213 0.025525283 -0.4858704 0.11088213 -0.30227685
20 0.039310988 -0.4653738 -0.15575281 0.1406799 -0.18307984 -0.39806014 0.9701645 0.1529181 -0.5604009 -0.15369537 0.15655237 0.017968735 -0.5728482 0.12159332 0.24236165 -0.04232853 -0.035735484 0.3431549 -0.094700746 0.675689 0.11413949 0.68858755 0.24797243 -0.23485911 0.060916815 -0.129772 -0.4017637 0.47423175 0.09681058 -0.47454497 0.054083526 -0.28778443
21 -0.3991688 -0.6634692 0.84403217 0.2448785 0.6371018 -0.32659763 0.01752906 -0.3023624 -0.18357584 0.27628285 0.22147673 -0.20231713 0.7670643 -0.64901936 -0.5722767 0.34761143 0.44729608 0.47266537 0.0123585565 -0.16957216 1.0652381 0.53102994 0.6104904 0.5251256 0.40721253 -0.59014815 -0.64314693 -0.5755135 0.34826243 0.27665368 -0.17175774 0.7300128
22 0.09796648 -0.5543937 -0.2582973 0.007168452 -0.29411772 -0.31422672 1.0275719 0.19306087 -0.5812776 -0.079770744 0.12877037 0.018574614 -0.49571842 -0.058652252 0.31250134 -0.046912067 0.04674528 0.32446316 -0.13162191 0.55552995 -0.06009812 0.80564815 0.22234328 -0.11789756 0.10087681 -0.11626471 -0.41115573 0.49863434 0.17895463 -0.52133167 0.115133196 -0.24763452
23 0.07222585 -0.51706815 -0.21120001 -0.0666137 -0.28521895 -0.38885054 1.0264375 0.28197652 -0.56595945 -0.039946914 0.16295457 -0.058083095 -0.39257565 0.0908914 0.3598921 -0.059949033 -0.040453 0.367435 -0.15600446 0.56315565 0.09753247 0.85625 0.24233384 -0.09472904 -0.0069756373 -0.0447132 -0.25638443 0.5105549 0.077107064 -0.5410945 0.18931161 -0.37822267
24 0.08155523 -0.5706499 -0.21515073 -0.07343081 -0.33103767 -0.34467313 0.94553095 0.26972413 -0.61677384 -0.07645777 0.11468137 -0.006193479 -0.5372387 0.062237848 0.4498514 -0.088304706 0.037579056 0.36597866 -0.062734626 0.63270426 0.068135604 0.81325144 0.1560284 -0.055398226 0.03157139 -0.026602002 -0.39676195 0.5954581 0.11176042 -0.5201024 0.18423901 -0.22954592
25 0.08431135 -0.60259265 -0.28611553 0.09703938 -0.3521335 -0.2957243 0.91357946 0.21279754 -0.62326634 -0.16501665 0.074402794 0.008897982 -0.5900591 -0.031426106 0.32693905 0.052429732 0.14810248 0.31920418 -0.17160457 0.41439787 0.038840752 0.82298595 0.28275403 -0.18577452 -0.01522737 -0.20019512 -0.43683064 0.5244935 0.15646975 -0.5243584 0.24811146 -0.29231745
26 0.11217884 -0.477038 -0.24188295 0.16328998 -0.17606223 -0.4003646 0.9582616 0.30589268 -0.5996315 -0.14400877 0.121793576 -0.058027577 -0.49882358 0.06389119 0.2920539 0.00087187876 0.047095425 0.33656442 -0.21111037 0.5411777 0.14144267 0.8414234 0.2549995 -0.15963168 0.039376747 -0.15090102 -0.33381653 0.59900475 0.1333993 -0.37786773 0.19528267 -0.29978096
27 0.08660042 -0.5388362 -0.17396642 0.09652136 -0.32247892 -0.30749974 0.8545862 0.15983786 -0.6205363 -0.15641145 0.14023098 0.021774279 -0.6233148 0.064223155 0.2536734 0.03202969 0.04063952 0.37922043 -0.14678709 0.6244398 0.1208307 0.7878126 0.18504804 -0.15106131 0.0020822354 -0.17120989 -0.4328876 0.52902097 0.11414165 -0.44254267 0.17346604 -0.28493637
28 0.02108293 -0.5739848 -0.19102648 0.059234604 -0.23624419 -0.39311713 0.8907585 0.24228694 -0.5672889 -0.10238453 0.07769293 0.016380964 -0.588246 0.029663304 0.21186219 -0.022027971 0.056772392 0.272725 -0.10817788 0.5058126 0.13720395 0.84042555 0.23690984 -0.22222638 -0.041917846 -0.16480072 -0.3438864 0.5724598 0.07962482 -0.47106737 0.19497997 -0.25440198
29 0.16805346 -0.5053764 -0.21439353 0.00043207992 -0.1849532 -0.34536824 1.04692 0.26140982 -0.62997323 -0.08213433 0.2226799 0.012501051 -0.50198656 0.028075008 0.348019 -0.03334925 0.0047605853 0.33883342 -0.0067392 0.5837768 0.04536817 0.7898658 0.25725397 -0.10020934 0.09704915 0.0065699155 -0.30763724 0.51191705 0.11989092 -0.4781275 0.200449 -0.25915053
30 0.17936875 -0.49438408 -0.24888366 0.03354159 -0.28359234 -0.24465193 0.95379454 0.26524228 -0.6308739 -0.07036077 0.1931543 -0.002867551 -0.49714848 0.057003442 0.25290284 -0.020131435 -0.036765195 0.34577435 -0.08484737 0.5529741 0.020340577 0.8367077 0.33305678 -0.081224635 0.07440088 0.08017067 -0.39334923 0.49614128 0.10878769 -0.5144047 0.25337994 -0.23868488
31 0.1446002 -0.52833 -0.30024356 0.10024153 -0.24127096 -0.3624514 0.93984437 0.245969 -0.64524466 -0.15675208 0.1735788 0.01803934 -0.49745446 -0.0011318749 0.22224905 0.014623416 0.011112395 0.31106472 -0.16184653 0.5926648 0.071493864 0.83153594 0.24267967 -0.17244975 0.08896575 -0.039848223 -0.34044605 0.52460736 0.07934697 -0.36278877 0.20327063 -0.24352017
32 -0.33847567 -0.6075073 1.0406394 -0.04142027 0.45883435 -0.5607498 -0.14706302 -0.65253335 0.124833755 -0.3504109 0.11292085 -0.22409426 0.65452474 -0.6717293 -0.28796324 -0.024189826 0.4785004 0.023079187 0.055854905 -0.06075317 0.47027034 0.34971106 0.6333953 -0.17762427 -0.020000642 0.0778631 -0.6131465 0.019639116 0.22100791 -0.27962312 0.038076334 0.7642722
33 0.23714927 -0.4141497 -0.26333612 0.038633823 -0.31818143 -0.30951047 0.9685881 0.22499211 -0.6276988 -0.20266283 0.07837178 -0.0063806013 -0.47545424 -0.02505544 0.1900072 -0.0008381951 -0.014460084 0.27734193 -0.18475507 0.52371997 0.11255785 0.8536008 0.29045522 -0.09934658 0.13327911 0.020742185 -0.36407173 0.47489148 0.07589599 -0.5490337 0.21242109 -0.22185253
34 -0.47349426 -0.78336114 0.7633617 -0.08498968 0.3040882 0.0007619574 0.30214885 -0.14854291 0.07161962 0.48893693 0.2838865 -0.8388363 0.56237817 0.002660675 0.078921914 0.3832068 -0.099663354 0.12493741 0.0015420646 -0.24613544 0.7899431 0.46247306 0.7789678 0.6230153 0.07510668 -0.10643647 -0.4484055 -0.5370729 -0.041642644 0.55491006 -0.3972072 0.5054311
35 0.1324062 -0.50911635 -0.25495207 0.042356562 -0.18721819 -0.33002478 0.90064275 0.24333137 -0.6187412 -0.2186118 0.04633542 0.058068816 -0.5495041 0.0008879923 0.29368597 -0.13393047 0.051183116 0.37285468 -0.13993697 0.57854974 0.038161103 0.7667158 0.28816298 -0.08712804 0.17935416 -0.11080379 -0.29199466 0.4877536 0.16767539 -0.5673399 0.1895089 -0.20127384
36 -0.39276782 -0.59226096 1.0378793 -0.19093731 -0.039475754 0.4250894 0.76647675 -0.12502082 0.23841713 0.16737124 0.41734266 -1.2738924 0.4485155 0.26833287 0.5759754 0.22934875 -0.38840717 -0.039849177 -0.120007955 0.150051 0.5734277 0.3913038 0.80732995 0.8374761 -0.07667681 0.073523775 -0.8708024 -0.45299014 0.10975595 0.46545228 -0.74586296 0.92554337
37 -0.27525535 -0.58133405 1.088685 -0.18816188 0.05953762 0.43689755 0.8227194 -0.06365892 0.21023515 0.12329873 0.4706663 -1.2853492 0.49629942 0.24336718 0.5367978 0.164004 -0.3923267 -0.02591181 -0.015306966 0.12619978 0.49871257 0.34786928 0.8507162 0.8448773 0.039869085 0.10209785 -0.758726 -0.49928087 0.15203881 0.42034814 -0.67645055 0.89913666
38 -0.20289713 -0.5892961 1.0147723 -0.2949177 0.3452192 0.46960887 0.9017857 0.049348243 0.19690518 0.015874287 0.32341686 -1.4543918 0.60722005 0.24887611 1.0783538 -0.0200061 -0.39528504 0.10023554 -0.14322074 0.3341277 0.57798964 0.14942548 0.89357054 0.8654467 -0.105151966 0.087425984 -0.52186877 -0.19982718 0.43972632 0.47197726 -0.80469894 0.85858464
39 0.1448421 -0.4639198 -0.2739453 0.04838661 -0.24054271 -0.30957943 0.8697832 0.21022886 -0.6463717 -0.14699356 0.124611385 -0.04500032 -0.45776615 0.046319887 0.23205394 -0.034222335 0.035727505 0.3362957 -0.10006389 0.6408006 0.1909998 0.8378041 0.25478706 -0.063158326 0.04457299 -0.008532979 -0.3443777 0.5367558 0.08434942 -0.58530176 0.26661432 -0.22927563
40 -0.44929343 -0.6131717 1.0450071 0.10199168 0.42074156 -0.5919667 -0.2621735 -0.79099476 0.15193686 -0.34962553 0.14982699 -0.27473563 0.66599935 -0.8020826 -0.2636621 -0.12917852 0.65338844 0.025126113 0.012267817 0.09875591 0.5517076 0.3635272 0.6878718 -0.25223628 -0.13072795 0.012604442 -0.5825807 0.08831048 0.21741156 -0.35641125 -0.21354917 0.7574169
41 -0.2197918 -0.4756593 1.0961343 -0.12770624 0.048776686 0.37133032 0.888888 -0.12361525 0.22904399 0.083562024 0.47147098 -1.3958303 0.5819117 0.27374735 0.78805345 0.25271425 -0.16283335 -0.028170109 -0.18519257 0.19691752 0.55934435 0.3116271 0.70928496 0.83512276 0.02120078 0.014700343 -0.79905176 -0.47086215 0.24241626 0.48633698 -0.7931309 0.9899499
42 -0.3518995 -0.6744907 1.1076508 -0.013667091 0.4758299 -0.6091777 -0.30635816 -0.77455854 0.16629578 -0.35991028 0.120993085 -0.26556665 0.6582065 -0.783619 -0.32088977 -0.035835903 0.5897556 0.070374385 0.022980314 -0.048859328 0.53130376 0.3804565 0.7553512 -0.3094611 -0.10049008 0.021313194 -0.56681335 0.0019946329 0.36146215 -0.42266214 -0.058739472 0.68192685
43 -0.1991548 -0.5368015 0.89854854 -0.35013807 0.2075359 0.521897 0.784932 0.050208475 0.22391981 0.09850738 0.16228461 -1.541255 0.5446717 0.32580462 1.021083 -0.018229915 -0.15695801 0.13160782 -0.3175521 0.13295771 0.7815832 0.37038139 0.8170242 0.8695961 -0.32965803 0.07912837 -0.8841808 -0.16919656 0.39610472 0.49839354 -0.6487384 0.95898676
44 0.015315931 -0.576118 -0.27410236 0.016992282 -0.19025123 -0.3897006 0.8951557 0.19430417 -0.6554996 -0.14431262 0.09208382 -0.09562176 -0.594789 0.057530567 0.3222008 -0.092569456 0.11223885 0.31926686 -0.04709143 0.56869364 0.09882779 0.78368133 0.23773031 -0.1627202 0.020265518 -0.07068994 -0.339002 0.5588465 0.091018 -0.46038702 0.24067768 -0.25293407
45 -0.010263653 -0.54204124 -0.28239354 -0.05410394 -0.13779679 -0.25977492 0.96626157 0.33969763 -0.59609616 -0.07603966 0.09650182 -0.09502838 -0.5538984 0.17331424 0.30639783 -0.022050412 0.08540294 0.36478513 -0.15395892 0.69218224 0.119715385 0.8432987 0.25963262 -0.20403159 -0.03383956 -0.06719462 -0.3570716 0.6180205 0.16798177 -0.61104304 0.23340707 -0.3508071
46 0.050256815 -0.5051644 -0.2241183 0.053005688 -0.40323287 -0.34188044 0.9222379 0.18408798 -0.6036922 -0.19367875 0.15316245 0.04934058 -0.6002375 0.0762727 0.27818325 -0.08708059 -0.06761245 0.26810122 -0.1402707 0.596011 0.09775144 0.8186157 0.356171 -0.1276804 0.02542472 -0.009805981 -0.36873743 0.47491586 0.057956118 -0.55715895 0.16499205 -0.21239235
47 -0.057526138 -0.45835692 1.2161486 0.06365573 0.12712182 -0.87275475 -0.30989522 -0.8603783 0.42477867 -0.57569706 0.28594878 -0.32403043 0.6211218 -0.9389505 -0.41997486 0.28732482 0.2654475 -0.2518946 -0.37314278 0.14504597 0.5889851 0.65213066 0.9566838 -0.52634925 -0.07924365 0.5398179 -0.50043684 0.008036208 0.099248275 -0.42615017 0.0546806 0.59388536
48 0.13275284 -0.4320501 -0.20053712 0.15258338 -0.276924 -0.33117062 0.9438328 0.26586658 -0.6202184 -0.1811201 0.15161614 -0.035657212 -0.49738446 0.109671846 0.23354107 -0.010116899 -0.036315948 0.27963737 -0.1533666 0.61582077 0.12626703 0.81050795 0.29481512 -0.18008162 0.050972085 -0.10004011 -0.3586146 0.5638538 0.055679396 -0.4352262 0.22482261 -0.24997878
49 0.03861251 -0.5379505 -0.18533507 0.064966545 -0.26955885 -0.33752072 1.041048 0.23836286 -0.5886516 -0.12777129 0.19168879 -0.013697545 -0.44029555 0.07536421 0.32408273 -0.004224805 0.05302824 0.32245895 -0.17132634 0.667009 0.05337513 0.7620132 0.2773102 -0.15248653 0.047417484 -0.13047217 -0.28434405 0.5397618 0.15116984 -0.56825143 0.1924721 -0.369358
50 -0.44928056 -0.6877843 0.75015134 0.29612145 0.5890064 -0.41124424 0.032397773 -0.40754843 -0.1295342 0.3988759 0.41652066 -0.2824348 0.8059027 -0.5083624 -0.4997648 0.33553064 0.41167757 0.37780276 0.1451317 -0.07420184 1.0016346 0.6719851 0.5273309 0.5759453 0.4167087 -0.25621313 -0.41985422 -0.6235988 0.06173519 0.24523813 -0.18769118 0.5869743
51 0.015510766 -0.53997076 -0.22207382 -0.07071896 -0.19141595 -0.24875307 0.9302918 0.29258552 -0.60004795 -0.094591856 0.059544284 -0.027848838 -0.5278598 0.08060476 0.278977 -0.12795287 -0.022412235 0.27573127 -0.0645181 0.5620962 0.1330447 0.8340682 0.415291 -0.15012248 0.010813578 -0.008650006 -0.2876025 0.5003342 0.13451473 -0.59644955 0.24475993 -0.33406383
52 0.1418851 -0.41002667 -0.21462923 0.04711711 -0.27805525 -0.3752004 0.9537888 0.2687969 -0.5973803 -0.23285244 0.14012802 -0.0069535766 -0.5161673 0.015664667 0.2751398 -0.06041859 0.030107748 0.27599388 -0.11354248 0.6409125 0.12690529 0.8120838 0.23400658 -0.16304944 0.014127166 -0.055200446 -0.29239222 0.5495876 0.18604371 -0.46969762 0.20189816 -0.22394219
53 0.09347012 -0.52738315 -0.2133059 0.051396113 -0.15406887 -0.41125247 0.9543763 0.23424964 -0.5998003 -0.14488792 0.21037517 -0.017769475 -0.49134752 0.01964371 0.30887192 0.03257284 0.04000775 0.31428194 -0.060087945 0.5648699 -0.0062018265 0.81363356 0.26619312 -0.23132886 0.09800635 -0.0474424 -0.28486753 0.53614604 0.096452475 -0.42992786 0.20502937 -0.29946864
54 -0.08719436 -0.58768064 1.2287608 0.058220312 0.3753454 -0.77096725 -0.29563442 -0.75645244 0.572828 -0.6115178 0.21140762 -0.4148594 0.7093789 -0.79864883 -0.30671275 0.154089 0.34874403 -0.1590948 -0.26651797 0.19538476 0.45029348 0.59328157 0.7967542 -0.7055167 -0.17885426 0.47859082 -0.51106876 0.21353632 0.17254522 -0.39232236 -0.004601463 0.54597175
55 -0.07185551 -0.64660496 1.1194361 0.107508175 0.43909916 -0.7160058 -0.2933017 -0.70296013 0.5320874 -0.68320554 0.12789007 -0.3584772 0.68498695 -0.7485062 -0.3989261 0.18837793 0.3962029 -0.20797636 -0.24811277 0.15856394 0.50171566 0.6076608 0.8071747 -0.6483325 -0.15962219 0.41930625 -0.5864736 0.25747642 0.15513371 -0.33241373 0.09393799 0.6458021
56 0.12466094 -0.4930188 -0.24136537 -0.0069504264 -0.24534614 -0.30474672 0.9558355 0.25017768 -0.63601476 -0.07606358 0.16588244 0.023413584 -0.47493586 0.07720226 0.25990084 -0.06775515 -0.027006727 0.28339565 -0.033711202 0.5528817 0.09623809 0.87500036 0.33864027 -0.19612537 0.09322436 -0.015406466 -0.33873802 0.5403749 0.062347017 -0.42631868 0.28821802 -0.32489622
57 -0.15157087 -0.64322823 1.0896741 0.10115067 0.32365358 -0.753844 -0.32584548 -0.80047345 0.58238167 -0.61243486 0.1863875 -0.44654387 0.5820795 -0.872787 -0.350217 0.2747961 0.37376675 -0.25668216 -0.23936218 0.15088911 0.4843441 0.6083057 0.83875966 -0.5986722 -0.18359782 0.3635358 -0.5054801 0.17138901 0.09658739 -0.33814743 -0.035156704 0.50630295
58 0.10904503 -0.5483657 -0.18904032 0.008714667 -0.28101808 -0.32308617 0.90318996 0.22294451 -0.6291975 -0.121488996 0.09970026 0.036483273 -0.5242859 0.031315554 0.24280953 -0.025771625 0.012740273 0.28932017 -0.16469595 0.51629436 0.08063026 0.8648161 0.30721587 -0.1596206 0.08369958 -0.006723772 -0.3765337 0.5092297 0.08363912 -0.5570283 0.2636697 -0.27467474
59 0.039507344 -0.47513303 -0.1875382 0.074531965 -0.15850885 -0.2886285 0.91328686 0.20122492 -0.5586623 -0.1702412 0.12794329 -0.07517685 -0.47674438 0.10181949 0.20858426 -0.105447076 0.010233351 0.3221954 -0.069058836 0.686937 0.11635353 0.78663653 0.34313074 -0.22697605 -0.015740998 -0.07073641 -0.31672728 0.5502645 0.09721331 -0.5019474 0.16077004 -0.3655878
60 -0.09787046 -0.5362042 1.1530455 0.026213031 0.23911029 -0.7918376 -0.26436004 -0.8182844 0.42662376 -0.46180785 0.23129767 -0.39107955 0.7440526 -0.88125145 -0.33159512 0.20755576 0.29324204 -0.1653167 -0.21124195 0.20137979 0.54609114 0.5850954 0.8671967 -0.52331495 -0.06018681 0.5561608 -0.35864186 0.101889975 0.0940906 -0.49943078 0.10217699 0.47615892
61 -0.07921967 -0.46445614 1.1581522 0.10135254 0.27461267 -0.78816015 -0.29124025 -0.77082175 0.37293956 -0.6078509 0.23818257 -0.34817442 0.63205755 -0.9453473 -0.39160562 0.23025297 0.34070244 -0.16736501 -0.32735893 0.09725016 0.58372843 0.6128228 0.8843467 -0.4671828 -0.12754028 0.409378 -0.44261542 0.02707412 0.19767793 -0.41102389 0.104415886 0.5602268
62 -0.26144338 -0.54830974 1.0266845 -0.17256735 0.28835377 0.52860725 0.8898973 0.06030557 0.26614708 0.03709577 0.2734312 -1.5127488 0.569983 0.44087964 0.9138821 0.1930175 -0.3621429 0.008813054 -0.31821796 0.3599839 0.7379098 0.29764196 0.977915 0.8351516 -0.18433249 0.0070058433 -0.6383798 -0.28494826 0.3260662 0.60535973 -0.7891748 0.8210702
63 -0.28843626 -0.723751 0.9294825 -0.19763136 0.05029493 0.35700417 0.742389 -0.02644044 0.12681666 0.16641222 0.29052758 -1.2237043 0.522885 0.069954485 0.52115244 0.34504148 -0.24677241 -0.018627342 -0.20308034 -0.24290514 0.5496202 0.43026108 0.8463465 0.9266405 -0.017957753 0.05396221 -0.8084205 -0.5035979 0.14544465 0.4478125 -0.5717455 0.90249443
64 0.11775558 -0.51643056 -0.2302473 0.059319653 -0.24575776 -0.33605656 1.0129626 0.2076212 -0.5871739 -0.122566745 0.109378345 -0.065137476 -0.53553677 0.0359945 0.31906876 -0.06359974 0.09243682 0.32570764 -0.10489444 0.5637699 0.10774503 0.7969842 0.2203951 -0.17668994 0.0300631 -0.1896066 -0.3671011 0.5633438 0.107671976 -0.44391268 0.115621015 -0.2848251
65 0.16503361 -0.5427228 -0.22855967 0.0796162 -0.18650933 -0.3211725 0.9717382 0.28213754 -0.60365164 -0.10438202 0.20932709 -0.029979847 -0.5166937 0.04006766 0.24206617 -0.022080483 -0.100771785 0.27296504 -0.067451626 0.61118007 0.0762598 0.8837967 0.24400128 -0.13657862 0.15682407 -0.05663367 -0.24298577 0.53415674 0.06655912 -0.3674529 0.15437014 -0.28186613
66 0.16858824 -0.47738826 -0.31853223 0.033160854 -0.23919578 -0.37171623 0.887003 0.2610343 -0.6087138 -0.1517742 0.12424146 -0.079761535 -0.5397613 0.03759706 0.26403323 -0.0007881074 0.0022795352 0.3045978 -0.16959931 0.5206971 0.14593759 0.93929696 0.25335026 -0.057424996 0.06415773 0.0081859315 -0.2501974 0.54272205 0.05242369 -0.45156643 0.2815594 -0.3547618
67 0.15190813 -0.5061531 -0.22760792 0.093312465 -0.23012862 -0.4250551 0.88028586 0.2722289 -0.60202783 -0.1524486 0.19128457 -0.033647675 -0.40822163 0.018400311 0.3234885 0.0823721 -0.06725084 0.28753996 -0.09600206 0.5442069 0.07866259 0.7763671 0.2407405 -0.05521654 0.05644144 -0.0152647775 -0.18870923 0.5195472 0.06330369 -0.44722736 0.17600228 -0.30286527
68 0.14029434 -0.5225683 -0.17512739 0.08153712 -0.26437345 -0.3119965 0.88461155 0.27891895 -0.61903614 -0.22944543 0.15595405 -0.046900418 -0.533672 0.025503382 0.2997102 -0.07525425 0.090715185 0.34731174 -0.09415031 0.568717 0.032057483 0.8309839 0.22857901 -0.07654046 0.08327996 -0.039746556 -0.36725777 0.5300642 0.114035636 -0.52615815 0.26641154 -0.21640183
69 0.05263067 -0.5361984 -0.21311665 0.10303549 -0.23200409 -0.29273733 0.86584365 0.25038707 -0.6246927 -0.07847146 0.09301311 -0.016396865 -0.5524828 0.064983 0.25376564 -0.015666658 0.086453766 0.36662072 -0.10723671 0.5168289 0.21868636 0.8136259 0.19128038 -0.2623289 -0.017860897 -0.20478597 -0.45600295 0.55679363 0.190701 -0.39636973 0.18583944 -0.24813364
70 0.02394628 -0.5087742 -0.22720964 0.068385534 -0.20954788 -0.36986548 0.9897691 0.19515926 -0.5724136 -0.1790685 0.13996853 0.016399592 -0.5350432 0.15600865 0.26503253 -0.05968832 -0.015598441 0.3222486 -0.1582629 0.61956215 0.09442649 0.74789476 0.31236228 -0.16462715 0.011886348 -0.11798897 -0.3709445 0.5591895 0.112264924 -0.46818465 0.16351616 -0.30023435
71 0.027455445 -0.54498 -0.18509899 0.07255165 -0.21551844 -0.41651344 0.98637164 0.24592175 -0.5760822 -0.13653585 0.19432843 -0.013917307 -0.51070255 0.050622627 0.22125667 -0.024852803 -0.0012307109 0.32056004 -0.14556268 0.6165962 0.0444177 0.77293444 0.21879387 -0.28133732 0.0042355335 -0.21170676 -0.33385646 0.5565055 0.14568485 -0.3930828 0.063425586 -0.33856294
72 -0.28090763 -0.6465779 0.84440154 -0.20722152 0.20496914 0.5729217 0.83111227 -0.06403184 0.15022926 -0.032254837 0.2317676 -1.4854492 0.4553899 0.22898532 0.9376796 0.05860078 -0.13683805 -0.025067074 -0.21610454 0.065068215 0.5706961 0.35169154 0.9985701 0.9700657 -0.15625158 0.06377348 -0.8425465 -0.3736023 0.32848462 0.41061237 -0.6732557 1.0988232
73 0.014032022 -0.45843798 -0.2780979 0.014404211 -0.2932923 -0.30601856 0.94022197 0.20928451 -0.6330492 -0.13618076 0.079824306 -0.012516102 -0.56123686 0.079677336 0.21787483 -0.059669495 0.12737083 0.27723384 -0.16732858 0.5933261 0.13742869 0.80735266 0.21963252 -0.15358958 0.009770821 -0.094505936 -0.4051837 0.5230023 0.14385346 -0.50057244 0.23721729 -0.20108624
74 -0.05373836 -0.58053064 1.2047147 0.13052556 0.27503505 -0.7630826 -0.42052177 -0.8137889 0.5249789 -0.7386948 0.25446624 -0.3480819 0.6074417 -0.84930706 -0.4577696 0.24227937 0.40175635 -0.2272295 -0.3469766 0.18211628 0.59135336 0.66974264 0.9310913 -0.5236458 -0.13878827 0.52574456 -0.60977733 0.14872067 0.09142518 -0.42592472 0.11344991 0.6819719
75 -0.07198318 -0.6147953 1.1182969 -0.01199437 0.3182902 -0.75750285 -0.26479685 -0.792439 0.54590756 -0.57782495 0.14939247 -0.4249849 0.6317799 -0.8713665 -0.3665037 0.150131 0.343269 -0.24859878 -0.26888287 0.12860762 0.4875246 0.6161642 0.8641571 -0.5483136 -0.14756672 0.46831688 -0.50186175 0.12478718 0.15343341 -0.4245877 0.035681553 0.6377807
76 -0.016030747 -0.52248865 -0.22312687 0.0635955 -0.21246614 -0.34951723 0.959544 0.19914272 -0.6131257 -0.13630955 0.09883082 0.014139429 -0.5291589 0.09158051 0.24231574 -0.114060834 0.081081085 0.35376057 -0.117424615 0.60486776 0.11404421 0.7679614 0.25632113 -0.21201447 0.037084833 -0.15709883 -0.38412246 0.5363533 0.14995994 -0.63382757 0.21310651 -0.34093636
77 -0.07887387 -0.6957971 1.2395549 0.0025338358 0.3775859 -0.72121406 -0.3893452 -0.8729106 0.5598109 -0.5456174 0.2226629 -0.48964533 0.70477265 -0.8257336 -0.29808635 0.16143677 0.3219859 -0.13696636 -0.25410995 0.11872418 0.48849747 0.55646497 0.9685328 -0.5658716 -0.07979148 0.47925586 -0.43566495 0.15962726 0.09774545 -0.48595464 -0.067511834 0.42992616
78 0.09216428 -0.47474134 -0.20355831 0.10256739 -0.27217856 -0.35735935 0.89181185 0.19474556 -0.5998703 -0.15724498 0.18253507 -0.03966557 -0.48553044 0.052599523 0.22298285 -0.030688414 0.024582997 0.34819388 -0.07492188 0.5867604 0.10456077 0.8659178 0.2562162 -0.202712 -0.038685296 -0.08645264 -0.30944264 0.5109009 0.052052233 -0.43920088 0.19187304 -0.36668754
79 -0.20117532 -0.621321 0.8523749 -0.17698462 0.01908743 0.34790206 0.7042291 -0.12578833 0.060176335 0.21937515 0.38643733 -1.280573 0.45442238 0.16426489 0.5960569 0.35817614 -0.19377524 0.00024002798 -0.016195692 -0.16862679 0.6139617 0.4576382 0.7581709 0.7818501 -0.0584886 0.15554512 -0.9488638 -0.37039527 0.010664285 0.61976177 -0.54507166 0.9631556
80 -0.06197244 -0.54312354 1.2129588 0.065379076 0.24993497 -0.8413364 -0.236743 -0.81978214 0.45904237 -0.59927803 0.2429263 -0.38006398 0.6878064 -0.8635684 -0.3122703 0.26510954 0.2833731 -0.18312006 -0.28426498 0.14999056 0.4639893 0.55324197 0.89795685 -0.55134386 -0.13891524 0.47945413 -0.37730962 0.027643904 0.15081958 -0.4406789 0.061742015 0.51223516
81 0.07158393 -0.4770739 -0.22936039 0.09836685 -0.23588073 -0.25677297 0.8743457 0.23329075 -0.6290637 -0.22416022 0.077391915 -0.087770745 -0.6014276 0.08487172 0.24286276 -0.13890752 0.08977874 0.28612193 -0.11737118 0.63954973 0.16128203 0.7773421 0.30308256 -0.1879129 0.010954311 -0.10879506 -0.36080334 0.58859617 0.108979 -0.5508842 0.16670561 -0.2361039
82 -0.0127306525 -0.62278414 1.2064236 0.055920802 0.31046617 -0.7374677 -0.34879622 -0.8535989 0.46151236 -0.61570615 0.22725627 -0.48944932 0.6347908 -0.8811506 -0.41137084 0.19003472 0.31102908 -0.22048326 -0.32198358 0.13375263 0.563757 0.6062272 0.9595001 -0.5651202 -0.13785927 0.48996535 -0.49386844 0.13978578 0.062631935 -0.40102977 -0.014960596 0.54938185
83 -0.33658066 -0.5703434 0.85977924 0.14110616 0.52547854 -0.28179917 0.03782552 -0.30384412 -0.14391933 0.32494742 0.2728234 -0.2433892 0.84275603 -0.6035974 -0.52666694 0.28402302 0.34920394 0.3514544 0.073225446 -0.06000818 1.0518128 0.57733047 0.6466756 0.556328 0.4208137 -0.29879376 -0.54812765 -0.5803091 0.25635496 0.17437153 -0.17809306 0.70096797
84 0.14289987 -0.62773216 0.98327005 -0.041362952 0.31093252 -0.87789917 -0.2994327 -0.7446455 0.42394766 -0.5674225 0.20807737 -0.49336404 0.70005643 -0.9972133 -0.070144586 0.38252258 0.45989874 -0.18108569 -0.28773296 -0.1978953 0.5875764 0.7847397 0.76856464 -0.3187771 -0.100346304 0.6084123 -0.4069747 0.1066495 0.20820591 -0.204575 0.16056292 0.7445491
85 0.019417923 -0.54777414 -0.268944 0.044241153 -0.2201838 -0.3784482 0.9335632 0.20429908 -0.6106808 -0.20250784 0.04138541 -0.10323106 -0.57592446 0.05787866 0.34460092 -0.066696 -0.025776796 0.29950908 -0.13036126 0.5217771 0.043224294 0.77522135 0.3192129 -0.13514344 0.14219262 -0.115675844 -0.30684015 0.4864371 0.13098022 -0.5120588 0.20297652 -0.28805014
86 0.101628736 -0.533732 -0.2834156 0.0660414 -0.17708462 -0.321775 0.98159134 0.31150085 -0.6350193 -0.14358296 0.15485692 -0.013299066 -0.5498353 0.073286876 0.23697396 -0.10353744 -0.09706206 0.2939484 -0.10448416 0.56960535 0.17765017 0.8142112 0.28217524 -0.0714017 0.07336521 -0.10999846 -0.28432155 0.59743285 0.11427855 -0.44932857 0.106707804 -0.24985342
87 -0.74520916 -0.94469464 0.80517423 -0.05275677 0.17587823 0.047945455 0.2441139 -0.3324753 0.042626634 0.4380892 0.29208687 -0.8127067 0.4176497 -0.09313872 -0.07814783 0.38009167 0.1213434 0.025594275 0.020236572 -0.59283406 0.6882785 0.5443469 0.79234636 0.6210053 0.044215288 -0.15825208 -0.74906045 -0.69287527 -0.13944991 0.38483134 -0.35116497 0.68741435
88 0.10833383 -0.49000108 -0.22797757 0.016730173 -0.15643652 -0.3463657 0.92716175 0.24672396 -0.5932478 -0.109199636 0.11023302 -0.008235998 -0.5198001 0.093029805 0.25763604 -0.08041073 0.06122567 0.3659664 -0.07669203 0.6460466 0.20052622 0.80508584 0.23830658 -0.20368686 0.04190177 -0.08339426 -0.33606374 0.57376224 0.11540678 -0.4891819 0.23616996 -0.2876149
89 0.21848983 -0.5739644 0.8987814 -0.027009219 0.36496723 -0.89300364 -0.28666782 -0.73915607 0.390347 -0.50127095 0.3064984 -0.48762584 0.75900054 -0.89117336 -0.016539518 0.3576739 0.5228458 -0.10999707 -0.29263633 -0.19619788 0.5961901 0.78809583 0.60184985 -0.34445554 -0.08392264 0.5736792 -0.47372276 0.16703016 0.1108076 -0.089249775 0.14171611 0.70094156
90 -0.34553236 -0.6866293 0.80490154 -0.01470761 0.8486425 -0.37158692 -0.013436936 -0.30915654 -0.11446838 0.36506492 0.23333229 -0.3282927 0.9025932 -0.55815476 -0.4174734 0.20167886 0.38543874 0.39270464 0.23729624 -0.13564709 1.0785434 0.660937 0.6547647 0.5644024 0.46370625 -0.2280046 -0.31673136 -0.5819499 0.2313415 0.063218094 -0.05092783 0.541644
91 0.13591878 -0.5567962 0.89867884 -0.0635088 0.26645976 -0.82232624 -0.22279069 -0.7449751 0.42969805 -0.50196403 0.23998937 -0.4863579 0.7321891 -0.9107137 -0.06318747 0.32820433 0.47459948 -0.161742 -0.2426228 -0.12473031 0.48273063 0.7106375 0.68654877 -0.2873228 -0.09487486 0.6109616 -0.47598436 0.16702747 0.110981226 -0.22371946 0.12650317 0.7192555
92 0.03931797 -0.53487855 -0.22631632 0.101009436 -0.26045123 -0.37477708 0.88720596 0.27904946 -0.61863613 -0.26634857 0.16451776 -0.010146424 -0.5760119 0.03825 0.3185234 -0.03458202 -0.01086056 0.31537446 -0.14094137 0.63502556 0.16115797 0.8056543 0.24880034 -0.021635624 0.08458102 -0.13154778 -0.28914467 0.5813824 0.16223952 -0.48195457 0.17790458 -0.26718903
93 0.08535583 -0.61328524 0.9779071 -0.108970895 0.33765134 -0.9408669 -0.19753948 -0.69028246 0.41461894 -0.4858297 0.2752672 -0.4196216 0.7392013 -0.88112384 -0.074835524 0.30965465 0.41266173 -0.13715689 -0.15267672 -0.097375914 0.42418906 0.71900773 0.5848518 -0.36451536 -0.07783074 0.5505294 -0.3673655 0.14060718 0.07873807 -0.18812948 0.16125534 0.6354984
94 0.055589475 -0.47824743 -0.2470984 0.08273689 -0.25104654 -0.27760804 0.9521944 0.19464505 -0.5955698 -0.16527164 0.07702187 -0.013215745 -0.56748027 0.13812955 0.24387445 -0.099062845 0.048621528 0.2550081 -0.059579223 0.6062981 0.1966907 0.77016497 0.32485878 -0.13145697 0.02983052 -0.025962718 -0.39264667 0.52543336 0.054460082 -0.4763357 0.16660853 -0.20315865
95 0.1937039 -0.48735166 -0.21865755 0.030181313 -0.35732016 -0.18554087 0.900659 0.2969696 -0.6137578 -0.16409576 0.094538115 -0.042005964 -0.5691422 0.014470768 0.25168604 0.027815713 -0.030316522 0.25259653 -0.14506103 0.5254661 0.11131278 0.9081605 0.32367435 -0.124846086 -0.030803584 -0.017460706 -0.33194223 0.5004607 0.06590674 -0.48815972 0.32436028 -0.3174729
96 0.12231194 -0.45089635 -0.24773815 0.09133051 -0.234944 -0.28182912 0.894152 0.31333846 -0.6238133 -0.15969665 0.13115332 -0.1368603 -0.51908195 0.0335716 0.36093995 0.008477508 -0.009289408 0.3601134 -0.15255147 0.6401951 0.1958033 0.8197881 0.18503655 -0.084744506 0.02563478 -0.1345678 -0.3246325 0.6205751 0.123710915 -0.37047282 0.17205143 -0.25374678
97 -0.041782904 -0.45621026 1.068475 -0.20451422 0.2613569 0.5856731 1.0218651 0.10780453 0.22720926 -0.12336845 0.4596793 -1.3077401 0.6313863 0.23674564 0.89352566 -0.0002276607 -0.44668835 0.07227968 -0.06537371 0.52145094 0.5531193 0.10436006 0.8609541 0.8825312 0.13997498 0.12517875 -0.6668946 -0.29315764 0.5119993 0.346981 -0.83822334 1.0178534
98 0.08784333 -0.53105676 -0.2987517 0.08055988 -0.20020902 -0.2884888 0.92332846 0.28258952 -0.716322 -0.23963162 0.07313653 -0.09863395 -0.63988805 0.0079766 0.30033243 -0.0906197 0.021267183 0.28613967 0.005557129 0.50780356 0.12758256 0.86508834 0.32752 -0.040958446 0.06267015 -0.13779016 -0.32951933 0.5524251 0.102879934 -0.390066 0.25474393 -0.2358385
99 0.15880424 -0.571765 0.9594219 -0.10920961 0.37252936 -0.95401347 -0.20241891 -0.73346955 0.43270707 -0.44816926 0.2974349 -0.45226806 0.81080663 -0.98573565 -0.004160245 0.31304935 0.4709237 -0.14065114 -0.17283276 -0.14803149 0.5546533 0.7409821 0.65133804 -0.34814197 -0.041246723 0.6190091 -0.3511559 0.15312192 0.14081566 -0.20592384 0.104867466 0.6979682
100 0.060201123 -0.6261533 0.9594678 -0.08844638 0.2603162 -0.82302606 -0.32768917 -0.69375676 0.3632375 -0.4729495 0.1918797 -0.42777872 0.7539789 -0.958761 -0.041095756 0.36175796 0.5850975 -0.092770666 -0.25989518 -0.18550414 0.50145787 0.7333836 0.7030503 -0.31738204 -0.12076021 0.5884748 -0.46327928 0.21879497 0.13618821 -0.31908536 0.3150519 0.70343494
101 0.1329179 -0.5286564 -0.15924725 -0.025857972 -0.2864661 -0.349957 0.9319615 0.26252076 -0.6462852 -0.15222673 0.16132708 -0.0058071488 -0.48272678 -0.00079676113 0.31823114 -0.005103237 -0.047546063 0.36307907 -0.04708673 0.5195439 0.010583337 0.8276601 0.27578372 -0.13720119 0.08287255 -0.09461101 -0.25757882 0.46666136 0.1649111 -0.507461 0.30297688 -0.3197234
102 -0.690172 -1.006829 0.8864929 0.0010553668 0.22401331 0.14535932 0.3062105 -0.3158435 0.09154498 0.38756508 0.23040222 -0.88282794 0.36261007 -0.02846588 -0.1493695 0.46817088 -0.028563362 0.041528918 0.05936143 -0.47762355 0.69438577 0.55457866 0.86411273 0.65565324 0.05771999 -0.20208399 -0.69457614 -0.772118 -0.05407671 0.342059 -0.37551758 0.61634004
103 0.019575898 -0.59593743 -0.1984336 0.1369468 -0.26613063 -0.41307482 0.92104965 0.21273495 -0.59892863 -0.18022421 0.17266218 0.010039135 -0.64054304 -0.0425601 0.3304524 -0.027573217 0.038320817 0.30055892 -0.07362218 0.5426446 0.084661745 0.7671606 0.2677607 -0.25070703 0.06844301 -0.22153461 -0.35222057 0.5471717 0.18278506 -0.47186953 0.1050495 -0.3248658
104 0.17442408 -0.53093565 0.9559501 6.823381e-05 0.3222177 -0.9086915 -0.21342333 -0.709181 0.33387366 -0.5245672 0.29125166 -0.42099255 0.7595102 -0.8898864 -0.082050286 0.33473188 0.47578734 -0.11547302 -0.29223588 -0.13419902 0.5080565 0.7142499 0.50956285 -0.30524662 -0.024597822 0.5656285 -0.50912946 0.17136976 0.039909475 -0.12591238 0.21106601 0.73252153
105 0.10782119 -0.4834834 -0.28178224 -0.019932482 -0.14785476 -0.37328884 0.94911665 0.32845256 -0.64361995 -0.10644626 0.15760855 -0.06006572 -0.45230716 0.107728675 0.36189556 0.023282465 0.041689448 0.37916553 -0.12534018 0.66085535 0.17745027 0.8710419 0.21300048 -0.074879065 0.030264474 -0.026820619 -0.22294731 0.51928777 0.12021 -0.4489495 0.2579361 -0.2783103
106 0.05122171 -0.49056068 -0.15875566 0.025241673 -0.26370138 -0.25521764 0.9272692 0.27658373 -0.5869677 -0.14413927 0.079407796 -0.07181973 -0.549225 0.039400753 0.2215225 -0.14224637 0.043083936 0.30292293 -0.11157299 0.6409204 0.14608417 0.7574725 0.20456827 -0.1522524 0.032177787 -0.17404139 -0.37909538 0.5859738 0.11297771 -0.5341423 0.14845543 -0.24660511
107 0.13538827 -0.47846413 -0.28430405 0.124816366 -0.29194435 -0.2899043 0.89280856 0.26982957 -0.5948207 -0.18853292 0.10031434 -0.06930905 -0.5384609 0.07726704 0.24519573 0.037710585 -0.06616462 0.26933482 -0.2174856 0.55745715 0.1913598 0.8997938 0.37387934 -0.16471818 0.06231587 -0.00040129857 -0.33407396 0.5521445 0.07948166 -0.42500088 0.25360063 -0.34253836
108 -0.2108769 -0.6611456 0.66985476 0.3251007 0.6165447 -0.29319927 0.010030291 -0.19551255 -0.10756324 0.17071927 0.12868594 -0.30292615 0.6616659 -0.5834308 -0.5784774 0.4182421 0.34256294 0.33358696 0.0047807847 -0.27433538 1.1560957 0.65015024 0.6101718 0.5641608 0.3039172 -0.31940174 -0.6483243 -0.5632587 0.22486816 0.33453673 -0.12948583 0.7229764
109 -0.5606935 -0.8333482 1.0369408 0.06603686 0.28814033 0.017608335 0.37833005 -0.20507619 0.11021338 0.44187957 0.4453267 -0.67997736 0.5884016 -0.0073847873 -0.43382797 0.45660922 -0.15299985 0.034997866 0.13466392 -0.26043847 0.80163485 0.60823965 0.73177993 0.56805664 0.21521923 -0.006289937 -0.653785 -0.78234977 -0.17229497 0.3439839 -0.37378407 0.612778
110 0.21486743 -0.5799244 1.0406114 -0.014625111 0.32619733 -0.88841903 -0.21317549 -0.6953774 0.40410826 -0.57633907 0.22951223 -0.48865318 0.7513661 -0.9953098 -0.022111954 0.3690143 0.37437403 -0.09655331 -0.30666095 -0.107946895 0.51332325 0.6455989 0.68956053 -0.40887445 -0.0036917077 0.50407875 -0.39980307 0.17329705 0.20740154 -0.16482244 0.1049649 0.59995717
111 0.14484236 -0.6287334 0.9311614 -0.07536239 0.43111348 -0.8980982 -0.24650493 -0.72886854 0.4333658 -0.5152009 0.2597756 -0.5485284 0.76473707 -0.9291009 -0.11276351 0.31087723 0.46779788 -0.16234596 -0.23865342 -0.16056621 0.50845605 0.76623744 0.69256073 -0.4300945 -0.14518252 0.5869889 -0.3988913 0.19164336 0.114465535 -0.14918566 0.14239442 0.6451909
112 0.17891586 -0.56797796 0.97164136 -0.020738266 0.4543411 -0.9963092 -0.24977162 -0.72565836 0.34380007 -0.49367303 0.26543322 -0.40993193 0.8320594 -0.9322374 0.0027457504 0.30328494 0.5961928 -0.036155973 -0.22151615 -0.09240425 0.6099236 0.64879906 0.5520997 -0.42857102 -0.05388816 0.5015538 -0.3839739 0.21621236 0.2433119 -0.1495899 0.12530127 0.704439
113 0.15487 -0.5970115 0.95544916 -0.012533162 0.4089569 -0.9242212 -0.21852647 -0.6908312 0.456146 -0.56900686 0.25754943 -0.50075287 0.76301533 -0.9163306 -0.02340825 0.32867688 0.48403603 -0.14672236 -0.25067273 -0.09253035 0.49173728 0.68021584 0.60407764 -0.4944942 -0.12893766 0.5368674 -0.4053209 0.21158877 0.13612089 -0.16550827 0.11624722 0.6019254
114 -0.20206496 -0.5443682 0.76701754 0.11433801 0.6566317 -0.25535938 0.03261354 -0.17972717 -0.08798372 0.35712817 0.30083123 -0.35097772 0.88812214 -0.51705784 -0.5053101 0.29908162 0.33377123 0.32478476 0.057409476 -0.057212487 1.1867192 0.7239867 0.5356657 0.6829317 0.36976764 -0.05365365 -0.39035222 -0.5240228 0.16243179 0.23839574 -0.05928164 0.60084474
115 -0.10549157 -0.4165258 0.80858165 -0.2456743 -0.018621957 0.4944283 0.90284467 -0.048252095 0.18518977 -0.011366939 0.2749355 -1.4877554 0.505676 0.16389199 1.1086161 0.08256395 -0.0800906 -0.00013257902 -0.26786223 0.20186009 0.65506434 0.38314733 0.67298293 1.0657492 -0.06925735 0.21874654 -0.8186611 -0.2265891 0.3499277 0.42088974 -0.68373036 1.1145216
116 -0.53898513 -0.69114035 0.9354646 0.016402282 0.26065895 -0.06887015 0.35311192 -0.19275531 0.07153915 0.5182854 0.40443656 -0.69412696 0.7138665 -0.10706983 -0.36681968 0.5363311 -0.18254931 0.022495696 0.09524046 -0.1807783 0.8729568 0.6849018 0.7252454 0.6143155 0.23970047 -0.16216223 -0.4364431 -0.69386715 -0.09986529 0.41640565 -0.39195928 0.4654419
117 0.13612776 -0.51068354 -0.22634526 0.020305527 -0.26965263 -0.29192322 0.9331147 0.3113905 -0.65723974 -0.013836069 0.15208226 -0.08211646 -0.48722094 0.08325232 0.18945655 0.032120176 -0.020317592 0.31114933 -0.071245715 0.5264545 0.14793633 0.87356913 0.27775925 -0.1138709 0.037522666 0.01954057 -0.26974133 0.5231717 0.03942129 -0.45521772 0.31409177 -0.3193783
118 -0.28361347 -0.68330365 0.94148093 0.0030710346 0.0029997528 0.25742218 0.71181226 -0.15619051 0.13397221 0.18116628 0.30065843 -1.368038 0.45069903 0.15650484 0.6087904 0.4717534 -0.1438359 0.110394076 -0.19901113 -0.072205365 0.6366359 0.34808394 0.68918157 0.642547 -0.110884205 -0.1291042 -0.94489515 -0.3212191 0.11431754 0.8126333 -0.7398104 0.900539
119 0.10411761 -0.5553719 -0.25760865 0.019865543 -0.25769386 -0.41061622 1.0511624 0.3144492 -0.54918414 -0.13187553 0.19356091 0.00018641034 -0.55020446 -0.0055163368 0.26426724 0.010864021 -0.08304456 0.24697272 -0.097496055 0.42741826 0.048968054 0.8422834 0.30083093 -0.07379348 0.11822961 -0.08222522 -0.3152712 0.56224656 0.05125604 -0.5088831 0.1934291 -0.31237292
120 -0.00014668144 -0.5886264 -0.23779403 -0.021634897 -0.2965956 -0.34622705 0.97815865 0.18506625 -0.6495559 -0.08834043 0.18980487 -0.0042086663 -0.47884887 -0.017429449 0.28798544 -0.016119258 0.044703208 0.36546585 -0.10048658 0.47490072 -0.054852944 0.820046 0.2547068 -0.14496818 0.06489795 -0.12359422 -0.33447108 0.45640224 0.10025788 -0.55452263 0.20789877 -0.33207193
121 0.2196963 -0.4026407 -0.2555797 0.053771827 -0.28892592 -0.36385095 0.94492704 0.30538046 -0.5369825 -0.18085279 0.14643559 -0.106254116 -0.48479417 0.024380937 0.27020636 0.03376554 -0.05454244 0.21292634 -0.17730631 0.56358653 0.17936356 0.8817802 0.24137953 -0.07313474 0.097922884 -0.057687085 -0.2929727 0.58162236 0.062478557 -0.41727972 0.16664965 -0.3175535
122 0.10912782 -0.47035748 -0.27642506 0.041930858 -0.2377004 -0.3729098 0.9688298 0.19171432 -0.7221183 -0.115147896 0.19122459 -0.062565625 -0.42333403 0.02676254 0.39090294 -0.03950953 0.016039161 0.3720135 -0.038281452 0.6269382 0.07662062 0.8554425 0.3075651 -0.108299226 0.06555872 -0.035709 -0.2872323 0.54645 0.021212656 -0.3984528 0.20186463 -0.26782808
123 0.1666511 -0.5527924 0.9390197 0.05098713 0.4031174 -0.9864881 -0.2520927 -0.71620834 0.40777183 -0.560756 0.3301965 -0.5060974 0.824463 -1.0137081 -0.011022708 0.3983875 0.42132905 -0.13733956 -0.24615808 -0.020567555 0.60464895 0.7631868 0.6254207 -0.3914505 -0.03906453 0.5365934 -0.26130208 0.26103297 0.119745806 -0.10154927 0.052339148 0.57412744
124 0.045560975 -0.56332636 -0.21747303 -0.020869037 -0.17098351 -0.20601094 0.86557233 0.26677373 -0.6331397 -0.19785574 0.05612958 -0.0312845 -0.5515381 0.06206226 0.32199678 -0.10130847 -0.06656975 0.31761163 -0.0097215 0.5778863 0.16183932 0.790664 0.33233795 -0.06470962 0.049760647 -0.053917997 -0.3183033 0.5859947 0.15080412 -0.492482 0.2569163 -0.23258427
125 -0.35454646 -0.61138654 0.99691117 -0.25499788 0.119272575 0.5176481 0.7870706 -0.1799532 0.056382455 0.013177088 0.23656194 -1.343788 0.4118365 0.20145182 0.93729407 -0.076687895 -0.061377954 0.14580554 -0.072987534 0.19790114 0.45240057 0.10846717 0.8315341 0.83687407 -0.09379164 -0.09739734 -0.9598366 -0.37105805 0.45695487 0.31507736 -0.7391175 1.1189289
126 -0.3556049 -0.6528275 0.79731166 0.23815891 0.6427493 -0.21243922 0.025926076 -0.22176549 -0.14232911 0.18743883 0.22738148 -0.37638292 0.7797185 -0.4237051 -0.55703473 0.28402287 0.31722817 0.28820142 0.14256592 -0.17060742 1.062471 0.70027477 0.60123134 0.66849303 0.285809 -0.23809974 -0.53817207 -0.55348146 0.124437824 0.36194363 -0.13540415 0.7526323
127 0.033907413 -0.57981616 -0.18864368 0.10540142 -0.33654234 -0.33034316 0.90495247 0.16014 -0.6245434 -0.09689897 0.12362506 -0.032665756 -0.6412844 -0.009595751 0.30106872 -0.0310789 0.049256954 0.26148733 -0.08413105 0.6000971 0.03250285 0.78854656 0.2692948 -0.24261187 0.005388521 -0.19317532 -0.37668458 0.5385622 0.08450601 -0.35244977 0.08767127 -0.2162845
128 0.22890785 -0.4844454 0.98546416 -0.040483765 0.2747337 -0.92090005 -0.25527048 -0.69246566 0.4196401 -0.5077799 0.32407832 -0.4273275 0.8774397 -0.9575031 -0.06135546 0.34064054 0.43383777 -0.07998546 -0.24470215 -0.043567967 0.4965161 0.74017966 0.6730272 -0.33725765 0.0044637956 0.6412712 -0.4322497 0.19591804 0.041879393 -0.19711782 0.18907759 0.66404253
129 0.14737672 -0.63200545 0.9316849 -0.026216336 0.39341116 -0.87100655 -0.2703339 -0.7039457 0.38426504 -0.5321976 0.24255425 -0.497471 0.73632425 -0.9622949 0.010802997 0.34655416 0.5038923 -0.09839669 -0.24472168 -0.16158642 0.5340723 0.7088121 0.63598764 -0.33521637 -0.04065569 0.5428623 -0.4461244 0.18506712 0.1550402 -0.19548759 0.1664806 0.70346344
130 -0.22053246 -0.60689336 0.90774363 -0.14832024 0.10817381 0.26196244 0.61560696 -0.1616194 0.11673825 0.25230798 0.45720315 -1.2144802 0.52512246 0.21122779 0.68208236 0.32939446 -0.2529849 0.17470951 0.025942193 0.08754706 0.60877174 0.40158603 0.7009587 0.78064466 -0.035465628 0.08063944 -0.86448777 -0.44890577 0.082505904 0.7696511 -0.69599307 0.9658554
131 -0.17466713 -0.5121237 1.0357838 -0.21639714 0.23892531 0.32043225 0.96403885 0.01570479 0.24951804 0.2253903 0.51527375 -1.2999231 0.65962297 0.24073477 0.7568674 0.26201525 -0.30699265 0.07369658 -0.16898018 0.22777535 0.5907074 0.25551504 0.6690893 0.70091695 -0.113255076 -0.0026846882 -0.7915916 -0.34716672 0.24985754 0.6127446 -0.7798222 0.8499044
132 0.1672292 -0.59157056 0.92033476 -0.16681193 0.37824455 -0.8692387 -0.32591856 -0.715567 0.3661648 -0.4586027 0.22953315 -0.44937617 0.79995847 -0.9001062 -0.005647641 0.31328374 0.5420887 -0.08742575 -0.25148308 -0.18891951 0.5171229 0.74505514 0.6558138 -0.30712757 -0.092063464 0.6022785 -0.47820422 0.19923525 0.073102705 -0.2585733 0.24220864 0.76669246
133 0.066237606 -0.52993524 -0.29650274 0.017724833 -0.18333545 -0.38158998 0.9830686 0.30090195 -0.61054444 -0.05853168 0.063393 -0.09360191 -0.5296062 0.11583143 0.23371038 -0.12706733 0.005841957 0.36083147 -0.13928296 0.647523 0.21764177 0.9010623 0.23053679 -0.11818063 0.071137905 -0.0094755655 -0.31813687 0.53200847 0.06855616 -0.46978867 0.2009474 -0.29733628
134 -0.64576733 -0.78305656 1.0227171 0.017222222 0.013886391 0.07894089 0.33018446 -0.29562953 -0.042803742 0.46259904 0.36110535 -0.68438506 0.44260976 0.028321613 -0.25862974 0.45307 0.08936161 0.07655299 0.14885654 -0.38285634 0.6518026 0.6011168 0.5796534 0.5479845 0.0933174 -0.17634797 -0.8553779 -0.7113002 -0.13653168 0.33951575 -0.324563 0.74659365
135 -0.14570291 -0.51631945 0.99690795 -0.32363838 0.29999882 0.6734075 0.93239105 0.14429899 0.1350095 -0.14273107 0.1850449 -1.4717469 0.55072683 0.31424153 0.907526 0.011192381 -0.23415099 0.034753434 -0.22668381 0.26940113 0.7201121 0.16699977 1.0073742 0.953311 -0.0849517 0.026716262 -0.7016199 -0.2582911 0.54095477 0.31675375 -0.6853339 1.0272039
136 0.07961663 -0.48219967 -0.19367032 0.0676794 -0.2789885 -0.38155344 0.97204655 0.22095203 -0.6563645 -0.013618378 0.20884982 0.012137547 -0.55407196 0.07564417 0.2946082 0.009318004 0.040369984 0.33470067 -0.09638139 0.6055061 0.110340856 0.79547346 0.23859844 -0.26811844 -0.00079913106 -0.10374922 -0.39436156 0.57320446 0.11943714 -0.56600195 0.14785413 -0.29079556
137 0.08645316 -0.5073834 -0.24525127 0.15135317 -0.30286843 -0.23334293 0.9068824 0.170643 -0.6668738 -0.15169145 0.09163284 0.048302945 -0.61936575 0.11771747 0.23725171 -0.04326975 0.027707271 0.35586554 -0.117960714 0.6047691 0.18333456 0.78410864 0.2687806 -0.17284276 0.091490366 -0.15561885 -0.4511923 0.5049569 0.081732064 -0.44413337 0.11801081 -0.23244123
138 0.20327872 -0.51027054 -0.2745036 0.102521464 -0.15551405 -0.39753002 0.86850286 0.2862709 -0.6107155 -0.2279592 0.0030458525 0.02421296 -0.5797223 0.032733303 0.2965447 -0.05533627 0.035106145 0.32380795 -0.09979172 0.57717735 0.3070841 0.76138467 0.22833772 -0.15119237 0.088517405 -0.0960058 -0.3261424 0.5697632 0.14262272 -0.47800425 0.21874042 -0.23181917
139 0.06215321 -0.5226769 -0.17477833 -0.003383305 -0.26639506 -0.2779269 0.9931471 0.2391164 -0.6292802 -0.08842211 0.119475104 0.012954616 -0.5789524 0.083370686 0.24920993 -0.12745711 -0.00075102504 0.3284621 -0.11622315 0.6052183 0.09384522 0.8059665 0.27833834 -0.11693006 0.08547941 -0.113917954 -0.37519073 0.42177165 0.1351444 -0.6188728 0.13618143 -0.2640687
140 0.08407265 -0.55365294 -0.2700026 -0.038422953 -0.22618248 -0.24680297 0.9299412 0.25053313 -0.6365939 -0.09978781 0.061119735 -0.05668195 -0.5618135 0.11360441 0.26532137 -0.065856814 0.08054577 0.3608567 -0.08594381 0.5645531 0.09285539 0.821353 0.29354095 -0.14558029 0.055175055 -0.032409385 -0.36200336 0.4909323 0.07854682 -0.53864944 0.2724706 -0.24897265
141 0.18665206 -0.5904987 0.89343137 -0.030251715 0.30141762 -0.93900967 -0.30394992 -0.73534286 0.36794692 -0.4746368 0.31354925 -0.47180974 0.75239563 -0.94990855 0.007006144 0.367109 0.48237857 -0.14761496 -0.26811188 -0.16261196 0.5475382 0.81921947 0.6080016 -0.20615496 -0.0519556 0.63117826 -0.42760614 0.12737185 0.012760222 -0.1133293 0.1441444 0.69181687
142 -0.019123314 -0.6312133 -0.1833114 -0.044300236 -0.2534982 -0.32121852 0.8875946 0.18070939 -0.6029041 -0.095027864 0.097371615 0.007177886 -0.5982248 0.024386097 0.281544 -0.0284497 0.014468956 0.34278873 -0.021280847 0.4999303 -0.042596173 0.8006478 0.30602136 -0.05546903 0.1349153 -0.07828437 -0.3197132 0.38437006 0.13638256 -0.6988249 0.2254548 -0.235977
143 0.08996215 -0.45884764 -0.18393496 0.17710678 -0.3659179 -0.24481979 1.0059828 0.2112872 -0.6634765 -0.12375547 0.17563331 -0.013306176 -0.54296553 0.061683454 0.17678848 -0.03138286 0.049055796 0.2806815 -0.17016599 0.59826463 0.12426642 0.73265594 0.27652848 -0.15997013 0.034388218 -0.17848985 -0.43742022 0.5786318 0.08511758 -0.49825588 0.1422651 -0.26652744
144 0.12109295 -0.47473887 -0.21528427 0.056827538 -0.14059685 -0.33897787 0.9624454 0.35842404 -0.5131761 -0.12021811 0.14653194 0.00097579905 -0.50302887 0.04542573 0.26503497 0.017721029 -0.07945613 0.28086805 -0.15268432 0.5312097 0.16935185 0.84567845 0.32480192 -0.15954848 0.073102355 -0.07612167 -0.25746095 0.5197602 0.101039656 -0.4463618 0.21778893 -0.34257093
145 -0.2837934 -0.6093555 0.7220314 0.25723153 0.71740985 -0.2820303 0.076064944 -0.22355483 -0.06963868 0.31815523 0.30995616 -0.30741748 0.8656664 -0.5010874 -0.5110672 0.21124698 0.35544455 0.415227 0.09958341 -0.008151529 1.0078846 0.73244816 0.5143795 0.6626528 0.39464903 -0.23852605 -0.5345003 -0.6039337 0.122062795 0.28694388 -0.20599145 0.72571576
146 0.09400771 -0.46791828 -0.22721098 0.12969297 -0.082436435 -0.24241553 0.8665599 0.21832037 -0.69242644 -0.23310712 0.06090113 0.048971966 -0.5476724 0.09082135 0.06937084 -0.16548617 -0.08114159 0.29210687 -0.020615105 0.65294856 0.23741671 0.7817029 0.3870312 -0.04059714 0.126635 -0.018597623 -0.2569489 0.5080879 0.09928171 -0.5570447 0.24735852 -0.2360386
147 -0.40803862 -0.75552744 0.99996156 -0.31237522 -0.049090136 0.30707413 0.76255924 -0.19251397 0.12530509 0.2977855 0.4295604 -1.2703576 0.558677 0.082118444 0.70585626 0.3354724 -0.24750024 0.012635824 -0.022412615 -0.24444495 0.42751855 0.45368886 0.8946471 0.9963254 0.02036358 0.08330531 -0.8339658 -0.55003315 0.064473026 0.46504858 -0.6436496 0.9682715
148 0.141445 -0.46294457 -0.18005766 0.055630364 -0.2655379 -0.41059262 1.0619586 0.26322764 -0.6157618 -0.07297831 0.21966438 -0.0125635825 -0.3540633 0.013776058 0.35405165 -0.035986215 0.0074201426 0.36030006 -0.14536503 0.57709146 0.11239362 0.80955595 0.15723051 -0.12938905 0.15018637 -0.12895145 -0.33147585 0.6102595 0.03432144 -0.45384285 0.14625195 -0.33402854
149 0.13460901 -0.58870023 1.0055064 0.050891604 0.4709709 -0.8658677 -0.26337108 -0.748387 0.3551936 -0.595019 0.23147473 -0.523259 0.72623897 -0.91742224 -0.13855095 0.23629156 0.5187548 -0.07378213 -0.23219089 -0.060642444 0.6071866 0.6623611 0.62792176 -0.4802291 -0.16880952 0.481166 -0.49590543 0.22169349 0.18725616 -0.12151575 0.10430842 0.6047116
150 0.030281533 -0.47325444 -0.24351923 0.001788208 -0.100113355 -0.30144373 0.92063016 0.2969295 -0.5538365 -0.08103329 0.08191059 -0.02902601 -0.45774508 0.10545447 0.32608336 -0.104501784 0.059954308 0.32574943 -0.12777877 0.5095724 0.26173246 0.7461558 0.22432 -0.16314603 -0.0025792306 -0.13007212 -0.3603368 0.5898749 0.18058196 -0.496294 0.18258487 -0.23482138
151 0.07716872 -0.49420676 -0.15659073 0.080921635 -0.3045766 -0.17575853 0.97843784 0.2055268 -0.6460765 -0.19318734 0.114115834 0.005902861 -0.53903306 0.09895127 0.26853293 -0.093280844 0.08326996 0.4045613 -0.13157348 0.64256287 0.072102934 0.75604975 0.34140712 -0.2719615 -0.054178726 -0.19944035 -0.50106776 0.5809212 0.23098388 -0.51193714 0.21474063 -0.32099858
152 0.14510237 -0.46689713 -0.21761623 0.025971198 -0.16218713 -0.34758097 0.99798244 0.30061764 -0.5670787 -0.087575495 0.15721233 -0.04348259 -0.41007113 0.06087225 0.29819724 -0.007749448 0.078286305 0.388933 -0.08119292 0.6058578 0.18773887 0.7530794 0.17611568 -0.21874103 0.0058874683 -0.098467514 -0.33165374 0.54076695 0.17791145 -0.40281105 0.20497347 -0.26409644
153 0.027112862 -0.57834905 1.0130235 -0.08008518 0.31049907 -0.9063791 -0.29114878 -0.69464666 0.34807646 -0.4805346 0.24339427 -0.47485855 0.7036733 -0.984852 -0.07889171 0.291996 0.49961275 -0.14152761 -0.22692144 -0.10898298 0.5585056 0.6831096 0.62100935 -0.30765215 -0.13640743 0.4851519 -0.44458118 0.15043102 0.19356674 -0.22929749 0.07157075 0.7024206
154 0.09334813 -0.5153288 -0.3036289 0.12797332 -0.24289331 -0.45947102 0.9045414 0.2472942 -0.5661736 -0.08120209 0.17866363 -0.04706799 -0.5040953 0.010145225 0.21079697 0.082207315 0.04350156 0.25198781 -0.17387927 0.50612557 0.10912348 0.87746066 0.18202966 -0.12618946 0.010249481 -0.11031344 -0.33832002 0.5080051 0.034750264 -0.46954542 0.15453418 -0.35587585
155 -0.34597075 -0.6738258 0.9984106 -0.22638719 -0.0017959401 0.5027183 0.8761751 -0.18536127 0.09073422 0.061978485 0.2796665 -1.3211931 0.4271034 0.11680216 0.91309875 0.09204603 -0.15588392 0.071241155 -0.22640476 0.037711103 0.50411695 0.24415119 0.8917627 0.9820214 -0.06729544 -0.037291933 -1.0137528 -0.42507765 0.40291417 0.35997397 -0.7919331 1.1715521
156 -0.294666 -0.59199834 0.8239376 0.11774211 0.7689333 -0.26921177 0.01004189 -0.20766142 -0.1413098 0.32006955 0.2545452 -0.25053862 0.9408814 -0.48282748 -0.5520801 0.2275639 0.3992866 0.41695017 0.21789244 -0.013245405 1.1071903 0.6533245 0.6130552 0.5556249 0.3649557 -0.16724543 -0.5109666 -0.5419766 0.17475964 0.18842386 -0.06516126 0.71681
157 0.1242424 -0.5953304 0.9903837 0.027337754 0.41492307 -0.896787 -0.23131303 -0.64207804 0.41244045 -0.64217085 0.2011936 -0.45947966 0.7152713 -0.931879 -0.10657024 0.3284736 0.4726176 -0.15016448 -0.25329047 -0.021707548 0.548805 0.6332501 0.5906214 -0.40627265 -0.10150983 0.44181833 -0.42620113 0.2014154 0.2136805 -0.1640057 0.11901905 0.7739111
158 -0.3802181 -0.81169885 0.9142239 -0.26290482 -0.03592815 0.4064119 0.61202157 -0.17208998 0.16939576 0.38325945 0.47117308 -1.255413 0.43056616 0.29086632 0.49368435 0.23007166 -0.28485528 0.008387287 -0.022851909 -0.07975766 0.5703381 0.56214565 0.85003227 0.8680573 -0.20531853 0.23943721 -1.0160168 -0.5514017 -0.06900077 0.5273717 -0.6108161 0.9666054
159 -0.41682532 -0.6243733 0.9862416 0.2478429 0.98958594 -0.6171288 -0.03830934 -0.27655575 -0.008114912 0.2004875 0.39308196 -0.22097819 0.9848625 -0.563705 -0.5218582 0.22708255 0.3698548 0.4616164 0.17190874 0.10641902 1.1577477 0.558541 0.500394 0.2917511 0.4174896 -0.41279423 -0.24022587 -0.48571023 0.32032844 0.19648722 -0.2803785 0.5054704
160 -0.46312368 -0.67138684 1.0050337 0.23430292 0.7961539 -0.45493618 0.010618514 -0.40618777 -0.070091255 0.41347143 0.36556005 -0.2664772 0.8618435 -0.43072194 -0.51308936 0.29377684 0.36614302 0.42940554 0.24024227 0.08145499 1.1333238 0.4971097 0.6243348 0.36302197 0.50406516 -0.4198398 -0.37089518 -0.63878196 0.2664389 0.18122971 -0.28744504 0.51533234
