1 0.57902616 -0.35911924 0.8792141 -0.44770372 0.05663979 0.5567258 0.39288718 0.41697633 0.07936287 0.7218478 -0.20305909 -1.09558 0.25596464 0.27406663 0.42513037 0.15601894 0.43607184 -0.15113641 -0.5812664 0.23280907 0.151111 0.7109406 0.70113826 0.7247671 0.077797584 0.21141522 -0.15351845 -0.3372411 -0.10149033 -1.1385928 -0.15448254 -0.5856723
2 0.15887558 -0.41634473 1.3658956 -0.8964209 0.37724137 0.37163252 0.3687865 0.45146364 -0.34618434 0.4967571 -0.3325233 -1.3449289 0.4533325 0.54967886 0.7366907 0.44099417 0.27843395 -0.23037454 0.08545439 0.2852318 0.22214602 0.6211375 0.45335063 0.48751098 -0.041187614 0.011451387 -0.14903846 -0.17431355 -0.60712117 -1.3514389 0.29701757 -0.44932228
3 0.2482303 -0.12349892 0.540458 0.101167604 -0.08402596 -0.7382041 0.31083572 -0.014961771 -0.09966584 -0.46054736 0.024725832 -0.06943956 -0.74003416 -0.5320824 0.08325446 0.12075187 1.0013798 0.16072723 -0.6326712 0.89974874 1.1630378 0.93780047 1.2191633 -1.0187769 -0.11868986 -0.5739655 -0.37094262 1.4249417 -0.6782986 -0.23418005 0.5652214 -0.13763672
4 0.5009069 -0.3226566 0.0069472487 -1.2396367 -0.18986073 0.36194754 1.092059 0.58767027 -0.9913873 -0.028239153 -0.22073944 -0.6317904 0.16441482 0.3445477 1.1606405 1.1961795 0.57420856 0.5837641 0.6215686 -0.040070277 0.14133662 0.16726442 0.01469899 0.7404304 0.2603655 -0.045693994 -0.2861011 0.07256844 -0.06797502 -0.997209 0.79603124 0.122622006
5 -0.36032555 -0.16220985 0.90009034 -1.1202471 -0.35320523 -1.32672 1.3838881 -0.42207238 -0.83067465 -0.60841304 1.4344532 -0.6890421 -0.48822886 0.8347278 0.16359164 0.26744765 0.5891686 0.031593353 -1.2256082 0.31887168 0.5294636 -0.1190007 0.10463155 0.9610425 0.05805182 -0.06764128 -0.30705488 0.4404562 0.66356826 -0.06717549 -0.079909556 0.95421946
6 0.56141824 -0.20785692 1.2529074 -0.7757252 0.47529793 0.46326616 0.16106042 -0.016780682 0.17242336 0.38504943 -0.5443083 -1.3157066 0.14094263 0.3461526 0.519729 -0.09056652 0.31796166 0.15569404 -0.8166565 0.3858933 -0.35861307 1.2332848 0.5975448 0.9623528 0.040560134 0.6239191 0.03343394 -0.21021968 -0.30927292 -1.1112963 0.15413988 -0.5414989
7 0.43228 -0.4360882 -0.37038895 -1.0954156 -0.23389408 -0.075891234 1.0672545 0.50660676 -0.98721755 -0.3216091 -0.17300309 -0.48889622 0.053323075 0.3350103 1.0386815 1.4262397 0.35364196 0.78663826 0.3105088 0.0036698305 0.2699991 0.26830918 0.21340398 1.0721904 0.14957717 -0.2547665 -0.24587178 -0.06645805 -0.16949227 -0.8181927 0.68361 0.6215885
8 0.22675027 -0.58280164 0.075251706 -1.1923332 0.5568876 -0.9331126 0.5425145 0.25433937 1.2920569 -0.6275039 -0.8709107 -0.74706686 0.22519594 0.17514366 0.5993144 -0.31373897 -0.3284987 0.06903126 0.88502485 -0.2546851 0.26799387 0.10495756 1.0424758 -0.44128758 0.13426498 1.2323748 -0.87396294 0.2878872 1.3454453 0.22615936 -0.13548441 -0.4869686
9 -0.21966217 -0.81877995 0.8104666 -0.90052927 0.54503846 0.34194067 0.50066686 0.6707715 -0.41726482 1.1038563 -0.12153889 -0.5459767 0.076197624 0.29508248 0.8540976 0.51560163 0.17047453 -0.2346657 0.22588822 -0.15821859 0.18723293 0.7040532 0.46332803 0.3628124 0.113243416 -0.12937808 -0.019899007 0.083461344 -0.13079295 -1.4338552 0.058510154 0.23982657
10 0.67184454 -0.6102556 0.67812586 -0.5554947 -0.06282362 0.6206293 0.6393192 0.058870487 0.18321347 0.86618906 -0.5347974 -1.1225978 0.103997156 0.6001564 0.48753124 0.17465857 0.5315921 -0.12580073 -1.047557 0.21228468 0.37297323 0.83081436 1.1180497 1.2360611 0.010568062 0.6413733 -0.15188074 -0.5264246 0.074935526 -0.987002 -0.48150188 -0.5988021
11 0.66997117 -0.33369237 0.84604216 -0.22259979 0.030722054 0.69002724 -0.005437005 -0.12988237 -0.014906303 1.1607785 -0.3929769 -1.5753318 -0.28892577 0.22972055 0.95211244 -0.63963145 0.18332167 0.3687133 -0.88291895 0.71525407 -0.5207755 1.4302737 1.3698817 1.5359443 0.05130252 0.9067224 0.38079828 0.0831423 0.52813965 -0.6869958 0.043461874 -0.5573002
12 0.7126117 -0.19345403 0.7428228 -0.410099 0.040045276 0.7964347 0.25323784 0.11696268 0.030509433 0.91422385 -0.2828609 -1.2717941 -0.085094124 0.002080563 0.51459104 -0.4770225 0.49379832 0.18765607 -0.82759494 0.6004161 -0.20937257 1.2198639 1.0071372 1.3290486 -0.011144621 0.70254654 0.22469962 -0.102195814 -0.027592046 -0.7546188 0.204177 -0.6825039
13 0.14549676 -0.67344916 0.063814536 -1.4055753 0.39091352 -0.99117243 0.36227262 0.38557 1.484493 -0.8598975 -0.67016315 -0.4899625 0.4425117 -0.18461113 0.75523293 0.018531917 -0.12340795 -0.014378212 0.8946213 -0.3135139 0.29479012 0.081605956 0.89934677 -0.1909287 0.23022845 1.0943245 -0.70003045 0.44359067 1.2978848 0.17455006 0.1333829 -0.29204497
14 0.047412593 -0.6503107 1.419501 -0.8999874 0.2128153 0.39827174 0.49639037 0.5120101 -0.4345328 0.5262785 -0.42907685 -1.5219535 0.5850079 0.6163219 0.75421745 0.5265498 0.18600708 -0.2507998 0.09413182 0.1311114 0.079417676 0.74335754 0.3628897 0.24925025 -0.1279133 -0.011647591 -0.32638642 -0.12747584 -0.5564486 -1.354693 0.28984088 -0.432289
15 0.21234258 -0.37590024 1.5344702 -0.8017382 0.53796285 0.47032985 0.4043747 0.49287057 -0.10102276 0.8337758 -0.36546254 -1.4647444 0.5640526 0.4212537 0.46608838 0.32201007 0.31954342 -0.03790223 -0.35026267 -0.044044133 0.13578038 0.78850806 0.65833676 0.45820183 -0.029304238 0.052010484 -0.33621293 -0.16336606 -0.6664276 -0.9749628 0.403601 -0.37457064
16 0.2735295 -0.2249491 0.3556179 -1.3903205 0.25022918 -0.3660208 0.25431675 0.5120352 1.4196391 -0.761281 -0.3506842 -0.32765782 -0.2813562 -0.20381595 0.83423656 -0.34675804 -0.18279777 -0.13350886 0.2898656 -0.25495458 0.2845031 0.013452455 0.75738436 -0.35575897 0.39347816 0.70059454 -0.6890266 0.50813115 1.0338312 0.059166078 -0.27385837 -0.11058728
17 0.5542161 -0.4634223 0.15097366 -1.1268227 0.032836482 0.1014752 0.8153811 0.3874491 -0.8799758 0.12104064 -0.17415516 -0.7603193 0.26542145 0.44006637 1.335363 1.2490273 0.43131915 0.38976482 0.48759505 0.16057138 0.06244554 0.13343145 0.004775676 0.7581529 0.19409646 -0.39536858 -0.27215365 0.04190685 -0.014592799 -0.9890048 0.51301855 0.1749848
18 -0.30227774 -0.48712724 0.96559983 -1.0631609 -0.8434083 0.10716776 0.70154846 -0.63352394 0.094700925 -0.58401597 -0.40377325 -2.4441533 -1.9796829 -0.3464996 0.01854867 0.40733767 -0.68398666 -0.36720034 -0.23291105 -0.06661419 0.19794415 -0.82836246 0.61953837 0.59776956 0.9396756 0.19755228 -0.5919671 0.8930422 0.9480655 0.24723841 0.09524107 0.40826222
19 0.3281649 -0.402538 0.17599308 -1.5901544 0.23854217 -0.72170424 0.25603145 0.5401866 1.6874298 -0.84141535 -0.60433656 -0.5757864 0.16764802 -0.16209787 0.74126774 -0.20025225 0.11620665 0.02185668 0.7610884 -0.42838418 0.24747823 -0.21434262 1.0743464 -0.18536945 0.45232943 0.9528237 -0.64585304 0.67670953 0.96202433 0.21927713 0.02855203 -0.38787505
20 -0.45936754 -0.2584861 0.7613694 -1.0471221 -0.7477708 -1.3928819 1.1036735 -0.21958613 -0.8705844 -0.6871544 1.1839609 -0.9457063 -0.3532317 0.24355261 -0.13831495 0.08316406 0.90475094 0.65095085 -0.93997747 0.010852651 -0.23849747 0.4509665 -0.0072963876 0.7744437 0.30095512 0.009634552 -0.23010467 -0.1357041 0.7584585 -0.27967498 0.14040272 1.2534099
21 -0.23316482 -0.8345448 -0.104623154 -0.5342612 0.37315634 -0.88023883 0.6591833 0.29356012 0.8442234 -0.5915666 -0.6320374 -1.0622746 0.5899644 0.16216472 0.6405302 -0.4427856 -0.38181588 -0.036410514 0.74240816 -0.38128334 0.118775904 0.6772471 0.96372175 -0.3849885 0.1327623 1.2165072 -0.41289163 -0.20223208 1.3375765 0.48987564 0.15931892 -0.479211
22 0.1298185 -0.43756026 1.2961563 -0.9473842 0.5071446 0.4563028 0.4985553 0.432324 -0.37036824 0.59905785 -0.24505426 -1.5956589 0.54911745 0.7142577 0.6564183 0.42264593 0.37117898 -0.38416418 -0.10416537 0.2883652 0.1887675 0.5567823 0.7344745 0.3500102 -0.0077650608 0.11909589 -0.26547226 -0.1742959 -0.737491 -1.1500511 0.17904681 -0.44144228
23 0.61941767 -0.3497947 0.8205501 -0.5272225 -0.029519789 0.7765281 0.03437997 -0.24636121 -0.08737472 1.2324662 -0.35236272 -1.1989298 -0.41041335 0.12041166 0.8028331 -0.53348285 0.37138554 0.29571804 -1.0041325 0.6989121 -0.10599794 1.4969028 1.3199357 1.4978329 0.048963677 1.0596397 0.27592924 -0.007855099 0.44609615 -0.7891308 -0.11201494 -0.63569343
24 -0.68553984 0.10808249 1.1833074 -1.6182077 -0.38784757 -1.1093881 1.3569981 -0.62983394 -1.0468893 -0.6693091 1.3012947 -1.0225047 -0.78863686 0.8921375 0.076120675 -0.015895639 0.4990679 0.008752305 -1.0000927 0.437133 0.5464354 -0.22120251 0.20030776 0.55843055 0.16835521 -0.07557881 -0.23987544 0.6103391 0.9842491 0.052073304 0.12517613 0.87848455
25 0.4946386 -0.4516589 1.4885392 -0.8041796 0.6562757 0.5436474 0.57021886 0.4018979 -0.14587574 0.68295324 -0.51478225 -1.6105957 0.39789546 0.6515632 0.43900853 0.29852498 0.20713487 -0.11305477 -0.41727743 0.22242114 0.17779589 0.88581014 0.63317466 0.67018896 -0.24533102 0.07781693 -0.3564763 -0.47329512 -0.713812 -0.99510586 0.47641608 -0.24110945
26 0.993807 -0.38406476 0.85722166 -0.49481404 -0.036085684 0.8496029 0.75751853 0.64196175 0.19457391 0.6907324 -0.24058005 -1.2403744 0.34316987 -0.0714271 -0.12934196 0.07893875 0.43281302 -0.32086074 -0.86765414 0.0071463333 0.021934658 0.75963765 0.9229644 1.0647769 0.5538121 0.19979137 0.09737418 -0.26187155 0.13554981 -1.7108349 -0.4262511 -0.75631696
27 0.66405696 -0.3321282 0.8760653 -0.51781404 0.021779144 0.64139295 0.25678343 0.07814117 0.08286737 0.6946979 -0.4629492 -1.2987623 -0.14425254 0.343437 0.31892416 -0.3649771 0.27899164 0.20265526 -0.9010124 0.38460803 -0.17589572 1.2479556 0.9689172 1.4037571 -0.03341552 0.8219714 0.22530869 -0.12117592 -0.026900457 -0.9017541 0.13175844 -0.5979707
28 -0.23044834 -0.39177844 0.99585956 -0.9340208 -0.6734125 -0.34328565 0.7210918 -0.73674834 -0.011804545 -0.7988754 0.13677679 -1.8252367 -1.2181787 -0.15037967 -0.039317835 0.3376441 -0.56740963 -0.42629138 -0.34831333 0.07276335 0.203514 -0.77227056 0.043345626 0.6955067 0.6667424 0.1441442 -0.41994932 0.7589106 0.54807526 0.4177082 0.076470695 0.48212254
29 0.5794436 -0.8341439 0.5866219 -0.61970717 -0.22954729 -0.7897624 0.6554498 0.6596193 -1.0486305 -0.06294686 1.0549202 -1.0482731 -0.9206498 -0.38723516 0.53579307 0.02364468 -0.51617384 0.4698039 -0.14819759 -0.81255263 -0.15094285 -0.073903404 -0.09401745 0.7977964 -0.3746462 0.49609783 -0.4415217 0.45181403 0.60139245 0.105096936 0.69182354 0.5147094
30 -0.53554535 -0.07672008 -0.057177823 0.6214843 -0.7405817 -0.568433 1.4044055 -0.27769864 -0.24214213 0.02374796 -0.08701891 -0.4967854 1.1891452 -1.1731118 0.5878785 -0.10080647 -0.056680176 0.9027566 0.6959526 1.0634006 0.7245954 0.48849896 0.19650836 -0.2888006 0.5906623 0.4790524 -0.9758607 0.1311376 0.44987753 -0.0076044817 -0.49550387 -0.51856357
31 0.3660151 -0.6243605 0.08320391 -1.4024225 0.45646995 -0.7968096 0.42787808 0.5293738 1.3434794 -0.7928569 -0.6022802 -0.7251058 0.08607171 -0.06827061 0.80658704 -0.37956464 -0.19557562 -0.22276942 0.79664963 -0.41563898 0.2490787 0.0042712404 0.9055285 -0.40797243 0.3087911 0.73624647 -0.73092806 0.3530258 1.194712 0.34303257 0.062439468 -0.27575585
32 0.4868537 -0.33423248 0.30572885 -1.5229908 0.32234776 -0.5684329 0.144683 0.52577996 1.6902353 -0.7899731 -0.4012102 -0.58896536 -0.0015060577 -0.2081143 0.9217763 -0.1341355 0.20888445 0.021070328 0.6434649 -0.123902135 0.35282335 -0.15126038 0.7977533 -0.332662 0.37979415 0.8164291 -0.63687795 0.5785706 1.191842 0.19962946 -0.15383524 -0.55481887
33 0.51855415 -0.26364598 0.1684536 -0.7010467 -0.36860803 -0.8638086 1.0447333 0.9283131 -0.91084903 -0.5019847 0.09732277 -0.8057059 -0.19198363 0.35304457 0.4615231 0.9602238 0.38552645 0.8435489 0.27495292 -0.30874294 0.029016202 0.055790137 -0.4390443 0.930989 0.007301867 0.31777146 -0.6136594 0.10289447 -0.15743253 -0.58152074 0.7543584 0.44089258
34 -0.3145016 -0.42778313 1.0921435 -1.1957257 -0.8206071 -0.13201603 0.585626 -0.5087722 -0.09412854 -0.66813004 -0.50452113 -2.2484293 -1.8820789 -0.40365753 0.08798752 0.259764 -0.91097784 -0.52170885 -0.17829481 0.1771031 0.3918797 -0.8367 0.22805426 0.83656466 0.7575363 0.28024805 -0.5756465 0.786697 0.7620686 0.26577246 0.19954705 0.41245666
35 0.6780952 -0.30485618 1.1409006 -1.0092221 0.23295207 0.82948226 0.23801218 0.20210722 -0.08874271 0.6701749 -0.46083352 -1.5060964 0.38482532 0.04818578 0.28770888 -0.29079252 0.6193583 -0.08012523 -0.3940986 0.47427663 -0.08110876 0.8519712 0.4777592 0.7533578 -0.19850719 0.38341397 -0.014842088 -0.094473734 -0.41333866 -0.8656282 0.5766608 -0.7270908
36 0.32817742 -0.15640804 0.09795474 -1.3922588 0.4514079 -0.81476384 0.38355836 0.68753386 1.3795995 -0.7859204 -0.68014985 -0.7888889 0.34997758 -0.1084634 0.84591025 -0.28304237 0.10186967 0.07582023 0.825365 -0.1355322 0.117467225 -0.11520267 0.8544379 -0.33433574 0.37129164 1.0147904 -0.7723799 0.4534401 1.2369866 0.20065078 -0.12601636 -0.512368
37 -0.42093775 -0.21566099 0.8985686 -1.0939314 -0.49136308 -1.4034417 1.2683105 -0.47200435 -0.7677386 -0.76471645 1.0515364 -0.84005076 -0.49575174 0.637885 -0.1495178 0.2672074 0.6086766 0.46705124 -0.9614205 0.08927321 0.029946348 0.43100524 0.20001432 0.80624354 0.19799794 0.2762499 -0.25152588 -0.15209155 0.71831936 -0.010586447 0.13882174 1.5214069
38 -0.07282856 -0.89874977 0.12697087 0.7282781 -0.28513953 -0.7668523 0.8116769 -0.08100393 0.43706366 0.319686 0.32249805 -0.040908262 -0.18275256 -0.9093525 0.06378717 -0.409668 0.8250574 -0.4832203 0.53892106 0.8620915 1.2291391 0.40683183 0.62395084 0.6200907 0.42173365 -0.27597928 0.0621055 0.4638635 0.013834162 0.066290274 0.1484169 0.5369316
39 0.10439554 0.083475314 0.7064605 -0.4069466 -0.3382172 -1.071996 0.7861337 0.5002072 -0.5265428 -0.53564805 0.8796876 -1.1235813 -0.17669332 0.34087425 0.21822214 0.83195466 0.89213437 1.0596683 -0.3498121 -0.35330462 -0.3271292 0.41220123 0.09823102 1.3193927 -0.2706975 0.28798196 -0.98190594 -0.14232098 -0.045018386 -0.36725143 0.43886992 1.5119383
40 -0.44445312 -0.5126483 0.4668062 -0.73297393 0.08880196 0.6413808 1.0145907 0.45067352 -0.6826581 0.5276401 -0.18645781 -0.52806133 -0.3721051 0.28218973 1.1501901 0.4091698 0.63715273 0.26962262 0.32208908 -0.17888899 -0.19698669 0.72507894 0.09072973 0.38657936 0.3842991 -0.26942247 -0.40651938 -0.06918542 -0.10418147 -1.2811224 -0.024812387 0.31033164
41 0.07911486 -0.5655531 0.72679085 -0.9891778 0.22848594 0.28575826 0.66573787 0.34733063 -0.86220324 0.22344537 -0.14077643 -0.9638774 0.32148573 0.8868938 1.1759633 1.1765409 0.21160604 0.051965635 0.46060812 0.092763394 0.4012202 0.67571175 0.654181 0.39991117 0.2514388 -0.10709185 -0.11251796 0.0064084763 -0.47671944 -1.2466669 0.3860702 -0.05157785
54 0.17914407 -0.5126808 0.99179703 -0.93536395 0.21624872 0.43195367 0.5188272 0.50764924 -0.71661085 0.65542144 -0.069861054 -0.9842526 0.09538076 0.68998975 1.1187135 0.7557778 0.35929066 0.012538809 0.23836741 0.18902694 0.42269212 0.6083117 0.50467646 0.13101612 0.12580948 -0.13043524 -0.28792247 -0.2049472 -0.43081447 -1.1902589 0.18911533 -0.26217675
55 0.41514203 -0.59691507 0.57644325 -0.64005506 -0.07507244 0.5763213 0.73286587 0.16159715 -0.10943683 0.7278209 -0.5866724 -1.0393313 -0.0868765 0.7544886 0.39908764 0.27626845 0.6783596 -0.3825267 -0.7247668 0.11346164 0.3212292 0.6373175 0.9137701 1.01992 -0.16608392 0.61058563 -0.3577371 -0.43265113 -0.034749053 -1.2570186 -0.58932614 -0.5789289
58 0.91563064 -0.5873624 0.57502407 -0.58839726 0.02627945 0.5102286 0.47255155 -0.048907835 -0.06342014 0.81384116 -0.5961274 -1.2087067 0.043433804 0.60963285 0.47103712 0.2053746 0.6275907 -0.3237085 -0.9508559 0.53609955 0.23676446 0.67535436 0.8416086 1.4658446 -0.3151671 0.6256868 -0.4857243 -0.50736845 0.12223213 -1.1979542 -0.7404624 -0.6149805
59 -0.11393849 -0.8934862 0.6283689 -0.81168604 0.107215516 0.42413816 0.4739055 0.5066028 -0.14229928 0.9638154 -0.11291518 -0.8200788 0.321057 0.558837 0.66632193 0.4555327 0.3740559 -0.5798939 -0.26853344 -0.08697393 0.41284382 0.5207082 0.59379846 0.44191334 0.002708086 -0.12021461 -0.36408013 -0.30631492 -0.1522965 -1.2609645 -0.4339762 -0.08019251
60 0.53606224 -0.5711336 -0.052390847 -0.998163 -0.42430642 -0.7331309 0.68812704 1.1487513 -1.0809411 -0.5154599 0.79990906 -0.8322124 -0.1773915 -0.004901207 0.4023492 0.5290996 -0.020766458 0.74730635 -0.11813363 -0.26565006 0.13398904 -0.09375136 0.037629325 0.80148137 0.09855914 0.1041783 -0.16419883 0.16931756 -0.18328202 -0.27079606 0.55498546 0.32299042
61 0.11993223 -0.82839596 1.099647 -0.8319764 0.33382004 0.3536584 0.39932403 0.5847921 -0.5039779 0.72099376 -0.31758103 -1.3937583 0.30487704 0.65161955 1.0175457 0.5643968 0.028881572 -0.22826758 0.22020571 0.16120596 0.10546392 0.72239673 0.42497888 0.22422919 -0.06955116 -0.34473628 -0.32355303 -0.3100629 -0.33939803 -1.2128102 0.3554921 -0.18142642
83 0.48854786 -0.41734952 0.19545637 -0.92844975 0.035158657 -1.2638314 0.83581734 1.5023566 -1.4275134 -0.21625808 1.0626708 -0.77923983 -0.13677472 -0.009665308 0.0049531483 -0.14220688 -0.09602552 0.7643338 0.02965857 -0.16546395 -0.20523188 -0.3253546 0.41364273 0.7628272 0.09044866 0.2722032 -0.14627667 0.5448982 -0.09985774 -0.6256412 0.24468075 0.4561423
84 1.0802108 -0.11378387 0.7091027 -0.3718346 -0.037763644 0.89516073 0.69983745 0.51668495 0.1797992 0.69728005 -0.17724033 -1.5168234 0.058685325 -0.15106373 -0.33155137 0.25047794 0.5265651 -0.12848432 -0.8142296 0.054479655 -0.13682726 1.1519667 1.2233399 1.2766539 0.3414543 0.3072346 0.049958084 -0.53887093 0.48752198 -1.777719 -0.33673567 -0.7870528
86 0.56151956 -0.49550983 0.50521076 -0.90197784 -0.36988392 -1.0294261 0.6070845 0.99296916 -1.2609031 0.058774564 1.1330009 -0.7714857 -0.5892401 -0.34846008 0.34581095 0.14812864 0.05316216 0.7579348 -0.02836471 -0.4423159 -0.019953433 -0.25377348 0.08733754 0.93468523 -0.10550326 0.40058345 -0.32080102 0.4495617 0.33155927 -0.34838736 0.33555675 0.55316246
94 -0.17430483 -0.5994968 0.5386133 -1.0471568 0.5138816 0.33724853 0.691578 0.52796704 -1.0804361 0.8345875 0.006675739 -0.035793077 -0.16488586 0.0616071 1.1100099 0.8431836 0.20132354 0.21062513 0.49064538 -0.057090983 -0.117401205 0.57380074 0.4432161 0.70745105 0.23377182 0.07547079 0.015733235 0.24346532 0.16920197 -1.5736347 0.15271658 0.37652484
95 0.010577559 -0.5063171 0.027430106 -1.0246105 -0.030826058 -0.9222627 0.81598276 1.7900211 -1.2773758 0.09640291 0.8848331 -0.6247789 -0.2418892 -0.14592637 0.17532948 0.16129611 -0.32852992 0.5770769 -0.058733862 -0.272172 -0.055146586 -0.013461835 0.38047478 0.5594556 0.2080735 0.26963717 -0.28435194 0.38585803 -0.26321208 -0.6025286 0.50966215 0.5433162
105 0.50186944 -0.5220051 1.0842469 -0.6835091 -0.44392994 -0.70451045 0.5139324 0.22782576 -0.7933872 -0.03926972 1.1095399 -0.9446796 -1.1476945 -0.33619484 0.8510703 -0.067413226 -0.4126551 0.5247111 0.11780761 -0.56080383 0.10005423 -0.23954563 0.016699595 1.01143 -0.24139704 0.49132907 -0.19000193 0.7264161 0.7550431 0.35141304 0.6012991 0.411145
128 0.25061256 -0.46588013 0.096059404 -0.8596763 -0.20475301 -1.036951 0.6506426 1.6515383 -1.1607922 -0.013918293 0.9391674 -0.66540295 -0.20419702 -0.0386583 0.068100706 0.0112152565 -0.35490158 0.6028916 -0.18924478 -0.24893415 -0.070973635 -0.098459564 0.39685252 0.8737643 0.26678798 0.20019083 -0.19536465 0.54536486 -0.075405926 -0.5201283 0.3199367 0.57035565
135 -0.57869494 -0.48082846 -0.26617002 0.8288199 -0.7497551 -0.73736304 1.2219908 0.5050385 0.1354584 -0.1504562 0.28892705 -0.2981935 0.28389373 -1.2920147 0.74923885 -0.20764673 0.18974537 0.09165028 0.56820625 1.2756876 1.1105437 0.8407325 0.11206331 0.04675272 0.46892098 0.13499506 -0.4315644 0.26922184 -0.004770749 0.1990886 0.101495355 -0.1774158
136 0.26979536 -0.48322818 0.7074458 -1.0056745 -0.26598406 -0.4705535 0.49270207 0.07359259 -0.56114 -0.06461088 0.6276017 -0.9738336 -1.0736192 -0.35340345 0.6753129 -0.2366169 -0.61076796 0.23361623 -0.024175296 -0.57858694 0.050794296 -0.18435574 -0.35480744 0.524613 0.03498739 0.25389513 -0.7454439 0.6461816 0.6763518 0.5701844 0.30830058 0.32350725
137 0.21825098 -1.1935533 0.018359706 -0.015589066 -0.62699133 -1.0172802 -0.30060184 -0.5345093 0.50910366 -0.23726806 0.01592258 -0.61524016 -0.6154167 -1.5187162 -0.25835797 -0.19661538 1.1119331 -0.57258606 1.2672212 0.86939883 1.9027393 0.6340854 0.5996836 0.51748866 -0.27475625 -0.077701814 -0.8833551 0.44400233 -0.44085118 -0.37691745 -0.2497716 0.3898251
50 0.4302159 -0.13710637 0.47509256 -0.07589489 -0.3618973 -0.9098609 0.767969 0.62977695 -0.29713574 -0.80195713 1.1638554 -1.4496728 -0.32082158 0.081113085 0.4090762 0.9138365 0.91843826 0.84505486 -0.0100692725 -0.5539502 -0.3562459 0.108905196 -0.062235624 1.1049806 -0.3776374 -0.013683226 -0.73117334 0.08089771 0.23811828 -0.43524113 0.5508514 1.1056834
51 -0.10148686 -0.58792865 1.0799463 -0.827316 0.38400462 0.43540382 0.67147696 0.31566516 -0.6396163 0.9806137 -0.27896017 -0.7970711 0.1643596 0.42406404 0.7555191 0.6239641 0.11316807 -0.18789509 0.07908606 0.09931672 0.31972322 0.3910385 0.5155787 0.48614964 0.027925514 0.004186096 -0.1207659 -0.15081641 -0.042140678 -1.4106551 0.004629705 0.010505702
56 0.6672287 -0.2210522 0.70700425 -0.2560078 0.04376065 0.8033758 0.38817605 0.35692063 0.28497875 0.945941 -0.48111418 -1.2474926 -0.019965937 0.08860281 0.75539696 -0.32949314 0.33254346 -0.06710309 -0.978874 0.4460799 -0.20501655 1.1681615 1.0080073 1.2216417 -0.14230101 0.91279745 0.18888703 0.016614547 -0.04860895 -0.8305874 0.10888118 -0.5812345
63 0.27210554 -0.098448224 0.20560828 -1.7001938 0.37801385 -0.10571692 0.38385314 0.03205796 1.0011553 -0.9912219 0.6291139 -0.30975437 -0.8001441 -0.5293128 0.89093494 -0.6203506 -0.17294112 -0.35364413 -0.11584702 -0.487785 -0.05828161 0.5095051 0.1583465 0.039315984 0.27873436 0.96116084 -0.93997455 0.7639406 0.5269434 0.083234556 -0.74690956 0.17921318
64 0.41863817 -0.6665108 0.64979446 -0.8097692 -0.23823287 -1.0848719 0.71272236 0.8694554 -1.2427267 -0.18339692 1.2840326 -0.9926555 -0.83933324 -0.23594144 0.42104015 0.11166349 -0.22956172 0.72533244 0.20855772 -0.56961906 -0.08149669 -0.25639403 0.093202375 0.8681422 -0.29487792 0.49573252 -0.16934556 0.47377273 0.40112597 -0.28542244 0.39962786 0.47877383
73 0.41596115 -0.55120784 0.46428892 -0.8745355 -0.024533877 -0.8168398 0.70918703 0.9290425 -1.1715246 0.13415778 1.1038574 -0.58280927 -0.70369864 -0.3840969 0.21055229 0.20923834 -0.16572182 0.4767708 -0.07482421 -0.5662055 0.124491476 -0.09306885 0.050535 0.96194315 -0.28059146 0.6469639 -0.2538117 0.3556745 0.16220671 -0.32349712 0.482885 0.57019764
74 0.2200281 -0.27935594 -0.69313544 -1.1890098 -0.2121714 0.06468525 1.1449018 1.4102751 -1.39553 0.56493706 0.119388126 -0.6966663 0.023912458 -0.21827383 0.21213132 0.523145 0.4304974 0.31520247 0.31125915 -0.20029734 -0.17433654 0.08051715 0.46951202 1.0969696 -0.07446095 0.039305326 -0.90149754 0.14336076 -0.09780753 -0.71026134 0.43862215 0.8817316
77 0.55887014 -0.15042731 0.7255451 -0.3222065 0.043378312 0.84095496 0.42003396 0.24860243 0.17246523 0.9124303 -0.44535688 -1.3353282 0.047375437 -0.1218258 0.6202361 -0.2669821 0.5708498 -0.12493669 -0.92109495 0.50209796 -0.36060786 1.2182329 0.60787016 1.0081993 0.1333494 0.5986574 -0.08194664 -0.17494284 0.121640705 -1.2558755 -0.30501452 -0.5911719
81 0.6449358 -0.8038788 0.5776727 -0.6294624 -0.3559427 -0.6178177 0.247063 0.56571585 -1.1259323 -0.010326599 1.1467429 -1.146597 -0.8003714 -0.3616107 0.56118083 -0.043716908 -0.6144038 0.60616845 0.21503119 -0.6393748 -0.1823281 -0.18311654 0.14805815 0.759786 -0.54333866 0.37620103 -0.42441958 0.6400777 0.8180148 0.004700543 0.41466355 0.4279292
89 -0.1356803 -0.607697 0.4993966 -1.0970507 0.88270694 0.41036943 0.7354514 0.5910282 -1.1029925 1.0824248 0.21723844 -0.33021224 -0.10971982 -0.13607001 0.67390805 0.6521998 0.17886971 0.18076022 0.7087783 -0.046903282 -0.06960731 0.37005436 0.7298718 0.72721624 0.043527603 -0.13528156 -0.016028484 0.124186285 0.42517954 -1.8026099 -0.1538667 0.51993746
97 0.16710067 -0.36537915 0.56396747 -0.24096356 0.0442252 1.0378495 1.2249278 0.7332866 0.20012727 0.63313556 -0.35388523 -1.4997332 0.22394922 0.04649282 0.67615986 0.08329122 0.8378975 -0.65077037 -0.7605989 -0.28567803 -0.21180141 0.7576998 0.58236 0.48519576 0.15101081 0.2905099 -0.18466173 -0.1782423 -0.34050408 -1.4332583 -0.41239294 -0.30505863
99 0.3252347 -0.09998089 0.61049074 -0.23723093 -0.01545149 0.9788637 1.3005866 0.5643542 0.41644576 0.8735046 -0.47084653 -1.4084761 0.15050009 -0.22128151 0.50963813 0.15262099 0.87469083 -0.5572906 -0.9709897 0.093053736 -0.29886147 0.7906114 0.56565195 0.95549244 0.3577978 0.5113235 -0.26610303 -0.03649792 -0.43059298 -1.4166503 -0.20343028 -0.6710377
103 -0.23863204 -0.0939528 0.41688114 0.6789234 -0.3139232 -1.2262983 1.1774598 -0.2838805 -0.45320255 0.7147046 0.21006225 -0.45221764 0.5258673 -1.476488 0.8844379 -0.4382442 0.658236 -0.23619813 1.0457448 1.5995833 0.89790857 0.02529019 0.06444982 0.37376475 0.7208837 -0.10599659 -0.18000016 0.8787926 0.74459213 0.11329602 0.15249863 -0.37143376
104 -0.704954 -0.22564344 0.21379583 0.16376187 -0.10456572 -1.0045049 0.47147435 0.30120847 0.19804834 0.047885165 0.04854299 -0.23639506 1.0520282 -0.6651446 0.7261745 -0.21404876 -0.64366615 0.45981744 0.6634795 0.71475434 0.8487036 1.1812607 0.6497466 -0.51851445 -0.031347126 1.2787577 -0.6989381 -0.14488824 0.7583867 0.092561446 -0.34577045 -0.32916817
133 0.04114562 -0.3414526 0.02632614 -1.1328585 0.5522748 -0.0493515 0.861023 0.8484861 -1.3536048 0.8955309 0.14095744 0.0534101 -0.34956175 -0.12500861 0.5943641 0.5689508 0.22122715 0.22237225 0.62185675 0.06445176 -0.16589849 0.2783078 0.39190307 1.1724973 0.119953886 0.44192278 -0.20663457 0.50811523 0.013453035 -1.5312124 -0.051140662 0.6421453
142 0.44973123 -0.52315795 0.5131949 -1.6027395 0.029438479 0.06066196 0.2915811 -0.40467474 0.6537784 -0.8212964 0.6621792 -0.6513525 -0.9704345 -0.54987013 0.9513398 -0.6475997 -0.5401183 -0.1200739 -0.07774003 -0.95801127 -0.02021937 0.42029676 0.05223124 0.4720195 0.53702945 0.5884856 -0.86050725 0.8801001 0.32119277 0.4344439 -0.6908632 0.22514313
143 0.3087774 -0.36509246 0.13527164 -2.000421 -0.0058403946 0.10701666 0.19372755 0.013878981 0.6908942 -1.0047203 0.7031645 -0.730066 -0.84319794 -0.44932178 0.81748104 -0.59802264 -0.54241383 -0.17584576 -0.2040648 -0.63861066 -0.05014033 0.69513243 0.07905604 0.29185542 0.2517487 0.5212167 -1.4628519 0.5934961 0.3766214 0.26966068 -0.924615 0.6129173
147 0.11777633 -0.92649204 0.31016907 0.24931253 -0.44460756 -0.9064316 -0.12714024 -0.3353909 0.12771782 -0.09431854 -0.13972941 -0.75309837 -0.92087907 -1.7886804 -0.41359633 -0.16575918 0.8581626 -0.813985 1.3323706 1.6303271 1.8073804 0.46682286 0.34455296 0.26254907 -0.4691737 0.07618685 -1.2122952 0.62588996 -0.46896392 -0.6857078 -0.46591002 0.11924719
57 0.29730886 0.15809245 0.25017986 -1.4209362 0.45723766 -0.27163753 0.6648266 0.26962465 1.0627953 -1.3168912 0.4101809 -0.38740835 -0.7312902 -0.26602262 0.8229977 -0.46508998 -0.110979654 -0.38620102 0.05490228 -0.31577295 0.14427696 0.100787535 0.33612624 -0.22575936 0.28081185 0.89617455 -0.7894104 0.6087475 0.51033014 0.04805027 -0.6799465 -0.0060499837
72 0.40818635 -1.3168346 -0.1264144 0.01837568 -0.86545175 -0.846257 -0.362978 -0.42753726 0.30243367 -0.5350102 -0.07779751 -0.69914734 -1.0326549 -1.7485048 -0.23724543 -0.19559866 1.0794318 -0.57494855 1.0985183 0.928396 1.8644036 0.85457504 0.6542659 0.24522737 -0.27266648 -0.2335647 -0.6633702 0.4623462 -0.45925963 -0.4525224 -0.03953978 0.25359887
127 -0.46921965 -0.21422839 0.33611792 -0.22778068 0.080172546 -0.55972636 0.44639304 0.13226064 0.63998824 -0.17833398 0.4469564 -0.3514564 1.1101876 -0.7264833 0.629378 -0.16094944 -0.84474653 0.56875545 0.46099105 0.46651998 0.8537583 0.99608773 1.0890778 -0.6003092 0.031065896 1.3474127 -0.7033195 0.090063095 0.98995966 0.4689775 -0.35694838 -0.11090158
43 -0.17991751 -0.60135317 -0.005826764 -0.22639209 0.43249682 -0.99005574 0.78603476 0.25478813 0.49277773 -0.6587371 -0.615203 -0.6354474 0.5894395 -0.106839344 0.46767855 -0.3825086 -0.4872337 -0.17647001 0.59619343 -0.041607525 0.21880864 0.8882323 0.29850107 -0.46537545 -0.31022912 1.3389038 -0.64206034 -0.33894017 1.3014934 0.11531953 -0.0084693 -0.55455726
44 0.24095286 0.05402484 0.6322867 -0.4052083 0.47727436 -0.53915155 0.20756191 0.42009452 1.2043269 -0.8220482 -0.060519118 0.026341273 0.20010607 -0.40124798 0.8123316 0.18445095 -0.40463844 0.00037952856 0.24759057 0.20915574 -0.10958272 0.5225668 0.5758717 -0.2576292 0.06547167 1.026996 -0.49892926 0.4636547 0.9356869 -0.13513504 -0.19129384 0.49610987
45 0.36115673 -0.79120964 -0.09757808 0.675721 0.2801608 -0.069947675 2.3851547 -0.47604188 -0.1504743 -1.056235 -0.5734868 0.067216635 0.67130715 -0.18659893 0.2654123 -0.8611462 -0.55535996 0.60455626 0.30761665 0.46862552 1.2051426 1.2785978 0.21867286 0.21340078 0.23734257 0.96862537 -0.84179085 -0.01461764 0.09176795 0.14474356 -0.867678 -0.2659518
46 0.38621965 -0.016806282 0.8572433 -0.98818254 0.19973509 -0.038285952 0.31757584 -0.02990319 0.8064903 -0.86223245 -0.046007484 -0.46202466 -0.73018396 -0.4879191 0.56035984 -0.16734181 -0.5628224 -0.3062501 0.12526868 -0.08283713 0.06332119 -0.15486978 0.4459764 -0.37297353 0.18134178 0.40818685 -0.61248356 0.69815236 1.1184605 -0.09913935 -0.22565995 0.33270696
100 0.47160116 -0.79364556 -0.027474007 0.94200164 0.32781345 -0.39501742 2.0844455 0.46165603 -0.08078231 0.09997123 0.45034483 -0.3011388 0.54814255 -0.75924885 -0.24511708 -1.1580374 0.5235269 -0.25898093 0.85404176 0.9794505 1.1833014 0.28682908 1.1108581 0.23468512 0.103061184 -0.8191778 -0.17968607 0.33972585 0.20240043 0.039059285 0.13744727 0.80130994
101 0.49514842 -0.6983282 -0.27807823 0.84091294 -0.09154861 0.015076004 2.3192656 -0.017249886 -0.32304317 -0.641891 -0.57240695 0.027863074 0.8263883 -0.5544102 -0.21936376 -1.0590175 -0.14758927 0.7039421 0.67948294 0.454102 1.1041912 0.74606603 0.6993728 0.102953844 0.27259788 0.28488553 -0.6448551 0.09498348 0.32771933 -0.16052471 -0.41060558 0.032659337
102 0.2091284 -0.85234964 -0.0022599043 0.43875286 0.2502261 0.02478364 2.1523736 -0.5807553 -0.1392531 -1.0923353 -0.7457298 0.24070065 0.5434373 -0.0011690586 0.4629249 -0.76098794 -0.7396533 0.65479124 0.57803273 0.32308078 1.1697717 1.4605837 0.36432016 0.12646006 0.25072518 1.1659347 -0.6380764 0.006904367 0.1344185 0.114089705 -0.730571 -0.17854667
125 0.42616385 -0.9838653 -0.055699218 0.8656102 0.032096982 0.19388816 2.3431292 0.29403567 -0.14306387 -0.3846005 -0.5118432 -0.19603124 0.6234112 -0.53295547 -0.17717834 -1.1532304 -0.15609531 0.014071538 0.837548 0.8931868 1.2627034 0.52470887 0.7853185 0.0676428 -0.28931454 -0.42865998 -0.76902246 0.047858212 0.22407576 0.14478795 0.07058055 0.65270233
126 0.6562552 -0.7130976 0.26450965 0.5550278 -0.5325441 -0.9467238 0.2558728 -0.22275272 -0.048624873 0.06427811 -0.43342224 -0.46675864 -0.42739713 -0.9519176 -0.7099077 -0.0008335213 1.0224311 0.1305135 -0.22631894 0.48740765 0.64466685 0.44684288 0.71295273 -0.17419288 0.8732329 -0.4725731 -0.62291974 1.5756689 -0.13508242 -0.47008702 -0.03425525 0.22087443
131 0.9328605 -1.1513977 0.3719137 1.0281028 -0.056653272 -1.6195973 0.31842834 -0.20159797 -0.12949143 -0.07791537 -0.834568 -1.2179143 -0.5387754 -0.7714658 -0.50491834 0.15099569 1.0141186 0.2238203 -0.32382843 0.42680603 0.40060842 0.55432856 0.9617444 -0.5452203 1.1251903 -0.78069854 -0.7002367 1.9587073 0.043440998 -0.6276493 -0.08381543 -0.13969763
138 0.92234105 -1.1562114 0.4744041 0.908521 0.041588556 -1.5643495 0.32529548 -0.29379535 -0.2170553 -0.114840075 -0.63261783 -1.1382183 -0.58219206 -0.9347444 -0.5767745 0.3493536 1.0708928 0.53555644 -0.349669 0.48547813 0.41027164 0.5405942 1.0739205 -0.43202737 1.0967093 -0.77814 -0.6189582 2.0437999 -0.21124429 -0.5960712 -0.0031202082 -0.16888475
139 0.63883936 -0.7541477 -0.28067496 0.6828335 0.22729203 -0.28610212 1.8133838 -0.013186894 -0.15306212 -0.026532706 0.23373382 -0.41333288 0.60791 -0.8782992 -0.28958735 -1.1284064 0.4439056 -0.033892352 0.8687235 0.97351044 0.9815053 0.23579375 1.0528562 0.18974803 0.070024006 -0.7996822 -0.41275954 0.1438838 0.56733084 0.11564443 0.128847 0.6625295
140 -0.06983282 -0.47110698 -0.10318328 0.5433847 -0.2811296 -0.11347043 1.747583 -0.28853664 -0.41454872 -0.7884863 -0.079037815 -0.110541314 0.43885678 -0.6919211 0.42111963 -0.8947385 -0.15377244 0.3084315 0.70040613 0.836744 1.1386751 0.75169754 0.22846422 -0.26891872 0.26617053 0.09795955 -0.3312947 0.15237755 0.31331652 0.18346019 -0.1358709 -0.3555814
144 0.415313 -0.74975145 -0.045853514 0.6701975 0.39417812 -0.6134926 1.8141651 0.30151486 -0.13163267 0.49954113 0.38298994 -0.15518981 0.41397792 -0.702187 -0.21552813 -1.2010564 0.7219336 -0.38260895 0.85181653 1.1517081 1.2927734 0.26092777 1.2826855 0.37195274 0.07874036 -0.89724725 -0.3088532 0.4996391 0.33904874 0.29539862 0.19119248 0.89110106
145 0.45876926 -0.6985783 -0.09662334 0.94971406 0.17938496 -0.1903451 1.9944079 0.3108971 0.12131622 0.23973598 0.35667545 -0.3789697 0.625731 -0.91019493 -0.4541006 -1.1150249 0.5804812 -0.37027413 0.78782177 0.69784254 1.1431347 0.4596777 1.3834654 0.46034583 -0.083699375 -0.77083874 -0.37410775 0.5202771 0.4908687 0.3355148 0.28448477 1.0752968
150 1.0375632 -0.7516413 0.44557023 0.30961996 0.4916789 -0.78832036 -0.030372322 -0.2393974 -0.19727929 -0.4881952 -0.32562625 -1.0462165 -0.16243489 -0.91352636 -0.21336612 0.09178912 0.7910166 0.5421657 -0.3512198 0.6108849 0.16574953 0.9133028 1.0848147 -0.9673844 0.2825477 -1.0061582 -0.6096228 1.821643 -0.75436854 -0.44903448 0.5078668 -0.2393796
71 -0.32846314 -0.037124917 0.4150664 0.80782515 -0.24504474 -1.2886969 0.77562344 -0.32262895 -0.28531143 0.77215946 0.061792415 -0.59881836 0.33892086 -1.6498197 1.0149086 -0.3142671 0.5076182 0.0053950557 1.2644783 1.7772068 0.82283455 0.15915163 0.2417984 0.4173198 0.84726787 -0.15754105 -0.33191228 0.86869264 0.7885562 0.10068954 -0.15148298 -0.29868007
76 -0.010249648 -0.4365642 -0.02700664 -0.9909245 0.0068165176 -0.49300352 0.77953696 0.9436509 -1.2351692 0.41806376 0.68503803 -0.5219374 0.0956456 -0.33644542 0.02258811 0.6737099 -0.03383431 0.6893326 0.37110427 -0.6503655 -0.19688222 0.16240244 0.54207516 0.90862375 -0.116715476 0.35517487 -0.3472512 0.41272128 0.16883153 -0.9305456 0.124952905 0.8029259
79 0.15085717 -0.5085761 0.05998639 -1.5084361 0.19124502 -0.17864521 0.24387355 0.0713589 0.12410859 -0.6647158 0.8142482 -1.2829344 -1.1357366 -0.62093 0.698439 -0.66946214 -1.0530672 -0.28020582 -0.27886805 -0.113321766 -0.0899886 0.2226795 -0.24437416 0.68481797 0.11893214 0.5261165 -1.4612968 0.70264536 0.340708 0.29900268 -1.0476685 0.2789613
82 -0.6466494 -0.21669579 -0.12769867 -0.9017598 0.050437164 1.1479229 1.5161672 0.44091645 -0.38385785 0.27900293 -0.10402993 -0.90420294 -0.73166114 0.22521228 1.2979774 0.0010387371 1.3213291 0.29362026 0.28773847 -0.07382136 -0.659691 1.2447078 0.6140579 0.39845636 0.6311249 -0.5152105 -0.59032166 -0.3089271 0.06751728 -1.2300502 -0.095178075 0.5701037
90 0.0775696 -0.1960849 0.07522645 -1.0425084 0.049985915 -0.5539919 0.4072409 0.4290463 -0.45790613 -0.3904631 1.0188276 -1.4608784 -1.2635982 -0.18550785 0.59163433 -0.3963288 -0.89292634 0.14487118 -0.42536718 0.14669402 -0.16486287 -0.0954733 -0.3959057 0.9255925 -0.25755814 0.42605233 -1.3683001 0.65124 0.32242525 0.3416672 -0.63144755 0.23662479
92 -0.42190284 -0.16777685 0.07183229 -0.47264034 0.36258236 1.0118902 1.456836 0.52974015 -0.122832954 0.35808614 -0.0353825 -1.0901154 -0.52295476 0.3158552 1.3194606 -0.087970786 1.423884 0.0087949345 0.2756472 0.08243669 -0.74717844 0.8949635 0.41818082 0.52004695 0.47514257 -0.4611774 -0.5306286 -0.15698008 0.024769744 -1.3545548 -0.2718777 0.34475935
93 -0.4916975 -0.12052882 -0.35044205 -0.5794302 -0.13379686 1.123473 1.5509394 0.79413664 -0.54896706 0.07679042 -0.014385481 -0.98923165 -0.8638729 0.22496451 1.0821441 0.1430327 1.3361964 0.14744401 0.36174533 0.029730953 -0.6555499 0.74097615 0.6951499 0.41723385 0.28786296 -0.46806133 -0.5341242 -0.09797234 0.1723671 -1.231641 0.016237214 0.6048177
98 0.2405756 -0.4192189 0.36534435 -0.84662473 -0.15967995 -1.0629193 0.4830367 0.7205405 -1.3992853 0.04542258 0.82328916 -0.9004578 -0.40814462 -0.32972583 -0.05175243 0.3422514 0.21696322 0.4655444 0.08704587 -0.14172384 -0.3658061 -0.0486743 0.0043577594 0.95549494 -0.3055601 0.48278788 -0.524547 0.15743919 0.34023482 -0.6347254 0.22977173 0.9638939
132 0.5561834 -0.63700086 0.43312275 -0.8309236 -0.34448472 -0.77000153 0.43210918 0.71760213 -0.981588 0.09361703 1.170744 -0.9348703 -0.63076603 -0.32165825 0.42019448 0.29716364 -0.066887036 0.79443204 0.038243312 -0.7967165 -0.056371156 0.06297809 0.15277052 0.9020343 -0.32691056 0.31624976 -0.3667023 0.40544805 0.5362453 -0.1513504 0.3400422 0.69058996
146 0.39062357 -1.000441 0.6691068 0.07080712 -0.45422274 -0.8525054 -0.2692195 -0.4117566 0.09173777 -0.3684503 -0.18532042 -0.63368094 -0.9847179 -1.6345475 -0.48782516 -0.27018955 0.8317838 -0.7954404 1.2579024 1.2764599 1.7032496 0.66228634 0.30820912 -0.016432123 -0.70436805 -0.1296437 -1.3291992 0.8445644 -0.596361 -0.613936 -0.25550058 0.25605428
48 0.03010326 0.03082443 0.34200093 -0.38434625 -0.28905606 -0.5453272 0.8884508 0.6827921 -0.78199935 -0.35451603 0.56324965 -1.0085292 -0.15291072 0.114594 0.29195866 0.74941605 0.6086896 0.7027464 0.11905244 -0.2999829 -0.28242573 0.0923152 0.0012902265 0.8860838 -0.19098166 -0.050415166 -0.6801023 0.096912906 -0.011538195 -0.6576283 0.4035637 0.9996388
134 -0.67480624 -0.2548947 0.073945574 0.99424833 -0.3946794 -1.3771229 1.1777463 -0.34163582 -0.35150474 0.47281832 -0.051600333 -0.83089155 0.70190597 -1.5143118 0.92365444 -0.33849666 0.32195723 0.06308574 1.1138276 1.4546971 0.5290616 0.2756013 0.17612934 0.18040147 0.9660232 0.12650934 -0.51876074 0.83360076 0.7390439 0.1548999 0.08722582 -0.47328496
80 -0.39917535 -0.3967318 -0.007606699 -0.5123867 -0.37446624 -0.7101346 0.61383736 0.46823096 0.5084012 0.33633217 0.6499037 -0.28423095 1.8954839 -1.050106 0.60483265 -0.33629397 -0.8365505 0.9385891 0.8313169 0.58476263 1.3188425 0.9794982 1.090431 -0.2493165 0.39134946 1.2295791 -1.1979377 -0.096134946 0.8009572 0.41207543 -0.76163286 -0.08558558
85 -0.59279686 -0.36535546 -0.069771074 -0.5410218 -0.16432075 -0.8025463 0.70268446 0.6328836 0.5764749 0.21091372 0.68009484 -0.45282412 1.7875973 -0.8958612 0.6996607 -0.30326563 -0.9845116 0.9300452 0.6720533 0.51822233 1.3079178 1.0502774 1.1919609 -0.26027554 0.42421916 1.4231575 -1.1760064 -0.23053695 0.7578109 0.45424667 -0.6945057 -0.115001716
87 -0.23629923 -0.51669896 0.12327486 -1.5948458 -0.037789967 -0.36637315 0.20370492 0.30433476 0.01184963 -0.50829417 1.039445 -1.4020134 -1.1383957 -0.44714677 0.7621822 -0.48112336 -1.076278 0.1977958 -0.58579457 0.10120857 -0.08916332 0.33083037 -0.42434013 1.0025892 0.16511662 0.26249307 -1.557071 0.63313544 0.14901096 0.5037949 -0.77489054 0.52879846
88 -0.048107803 0.24115814 -0.38804826 -1.1723746 -0.569025 -0.16683093 1.1855935 1.1228935 -1.2030454 0.5301964 0.22035754 -0.8965684 0.19003238 -0.5335011 -0.05550787 0.56580436 0.695957 0.46461722 0.3397054 -0.15678595 -0.5227413 -0.12010674 0.25542462 0.9650141 0.2567159 0.26533064 -0.9965786 0.48244315 -0.13017471 -0.5860113 0.45822906 0.8706048
91 -0.4508935 -0.50700134 -0.20223553 0.36817452 -0.58461756 -1.1462297 1.0793486 -0.008612089 -0.37052053 -0.09271193 -0.33580843 -0.38966435 1.3939285 -0.88342834 0.17514673 -0.4614414 -0.5030382 0.5314357 0.5795542 0.84836453 1.0455543 0.82493013 -0.06257884 -0.24869989 0.24931233 0.7320089 -1.2432656 -0.23863152 0.60084707 -0.10844905 -0.5094918 -0.30623248
141 -0.63127834 -0.52580947 -0.4134097 1.1176034 -0.7035629 -0.729722 1.1434366 0.44766513 0.6876855 -0.2298818 0.7712853 -0.2799309 -0.33728942 -1.8098357 0.93415475 -0.1337312 0.6964153 0.24551085 0.7495191 1.0625709 1.0614254 1.2860583 0.6213918 0.29734573 0.5542275 0.14352006 -0.34559187 0.5424549 -0.058189888 0.4151414 -0.043699615 0.23865542
78 -0.49953288 -0.6816733 0.07920016 0.88420105 -0.6860126 -0.5478511 0.22579896 -0.01343973 0.6928527 -0.28179336 0.45286798 -0.5853669 -1.0536152 -1.7306244 0.15650903 -0.16978091 1.0807207 -0.18371135 0.7282988 0.5926138 1.0218906 0.8990653 0.9092201 0.14598855 0.46604112 -0.2572534 -0.067516826 0.49388313 -0.23555784 -0.45010436 0.13979907 0.28829208
96 -0.8196815 -0.6772855 -0.3609209 0.8977205 -0.7879381 -0.84482986 1.0344923 0.37349963 0.61313105 -0.11946691 0.827084 -0.22755496 -0.25023264 -1.7370287 0.94779193 -0.32375878 0.57839775 0.14891133 0.51850724 0.99908274 1.1196263 1.0841522 0.5517676 0.29442054 0.97201294 -0.05009581 -0.23548539 0.43436888 0.05324359 0.21428208 0.0035740419 0.2581188
42 1.062754 -0.9910382 0.31084698 0.7675207 -0.005135052 -1.43316 0.3186251 -0.10632334 -0.16497935 -0.13782267 -0.7827079 -0.959526 -0.42162606 -0.8692999 -0.5266796 0.31836313 1.0418181 0.4410479 -0.35393006 0.37265295 0.4895766 0.43363744 0.97203624 -0.3575337 1.0438251 -0.6435006 -0.562977 1.9992812 -0.33894813 -0.69144964 0.05964979 -0.31601185
75 -0.6439902 -0.82769066 -0.049222417 0.71449834 -0.62342805 -0.57676876 0.62746525 -0.120768085 0.7501668 -0.21747786 0.58839834 -0.045191694 -0.8940153 -1.7583839 0.4788484 -0.22205961 0.7312498 -0.013402587 0.6714356 0.6954135 1.2125547 1.0760348 0.752036 0.46663412 0.6404187 0.3742655 0.011995132 0.6844675 -0.33568293 -0.051902216 0.093318954 0.2191043
148 -0.017120527 -0.41702226 0.31297216 0.38328874 -0.3367065 -0.9003605 -0.116739586 0.09255021 0.28422487 -0.122394264 0.16296062 -0.29544258 -0.91382587 -1.2973765 -0.3146338 -0.05102466 1.0484309 -0.13699985 -0.110774174 0.6823902 0.9000754 1.0012226 0.70734656 -0.37768158 0.2232507 -0.12736711 -0.5442741 1.0739344 -0.5902202 -0.48187628 -0.12174232 0.051849943
49 -0.009911824 -0.61557025 0.037648372 1.0136507 -0.0018591364 -0.96260095 1.0230715 -0.52197474 -0.07907654 -0.039919976 0.040423565 -0.5722287 0.36092517 -0.71869975 0.78199744 -0.47245777 0.22143823 0.2326867 0.8421147 1.1862595 0.88029194 0.38766518 0.4518338 0.750491 0.75768 -0.334622 0.09493291 0.12774575 0.27010366 0.31330308 -0.03696755 -0.018476974
62 0.45221585 -0.4696743 0.19757256 -0.13950428 -0.32494864 -0.8931808 0.013513703 -0.45990562 -0.21088035 0.6128336 -0.43195623 0.70095944 -1.040192 -1.1084553 -0.49060088 -0.98907036 1.1421831 0.04339314 -0.20598158 0.7378195 0.91094285 1.6498641 0.5885328 0.16284221 -0.10449357 0.29591188 -0.81391007 1.5640525 0.3920589 -0.34003878 0.03481435 0.47604713
106 0.74484503 -0.47712395 0.1981495 -0.5250176 -0.17773144 -0.96936 -0.16986646 -0.15938784 -0.36648524 0.4344801 -0.42287293 -0.032853432 -0.5943522 -0.58661747 -0.6384797 -0.5255136 0.62803286 0.35034662 -0.9774138 0.8440137 1.2288678 1.6837035 1.2824072 -0.5973683 -0.43060586 0.04022154 -1.0146351 1.858672 -0.046154946 0.20408201 0.79341584 0.2340862
53 0.6017682 -0.48075056 0.14327836 -0.4739034 -0.4401793 -1.0021741 -0.2569796 -0.35355648 -0.4669047 0.5239453 -0.46608174 -0.065291435 -0.82484347 -0.83961093 -0.42554227 -0.86470073 1.0614296 0.34064075 -0.79971945 0.92626536 0.8133394 1.759864 0.7803589 -0.3661859 -0.28963625 -0.10167698 -1.0660083 1.7255719 0.20422216 -0.044506032 0.46661258 0.19328313
65 0.8449081 -0.46294564 -0.1020006 -0.2765999 0.22073354 -0.83230656 0.004407177 -0.22230798 -0.025518298 -0.5692605 -0.2778197 -0.39360213 -0.39829987 -0.59903514 -0.050282717 0.10170057 0.9052459 0.70474124 -0.9109624 0.85210645 0.80087584 1.4889526 1.2563686 -0.7257081 -0.07545743 -0.66807944 -0.75592154 1.4558507 -0.7623127 0.0513763 0.6133623 -0.033012226
130 0.8718392 -0.51583517 0.2517659 -0.47151843 -0.12484143 -1.213156 -0.29332328 -0.30342844 -0.7892141 0.48053536 -0.51606816 -0.02668042 -0.8583655 -0.7078944 -0.57280105 -0.44171685 0.6108359 0.37910488 -0.74070257 0.92920196 1.178763 1.720855 0.97358954 -0.61855847 -0.6305334 0.25927553 -1.0132688 1.9193531 0.06596051 -0.12523066 0.6712872 -0.13438542
47 1.0697458 -0.32563046 -0.040052332 -0.7787194 0.32551393 -1.0742309 -0.20461446 -0.3456786 -0.23335028 -0.28760192 -0.050913755 -0.3275484 -0.20594114 -0.38752434 -0.033530265 0.23076698 1.0232375 0.48146588 -0.91541874 1.0922532 1.2308761 1.5776048 1.4842471 -0.66753477 -0.4343304 -0.54822797 -0.6721786 1.605644 -0.5902027 0.15465961 0.85648334 -0.016117806
152 1.1593449 -0.08092588 0.28795117 -0.65473413 0.88678813 -1.3413749 -0.051064614 -0.57711124 -0.0346879 -0.577653 -0.009206318 -0.21715567 -0.06638136 -0.11268744 0.21123593 0.21056406 1.110985 0.67072415 -1.0041722 1.3530849 1.0387218 1.549048 1.5433307 -0.5151743 -0.36130613 -0.69532204 -0.70901567 1.5311582 -0.75661206 0.07757332 0.72154295 0.31390715
52 0.22447136 -0.5240694 1.1195594 -0.93799424 -0.33566242 0.111969605 0.52085906 -0.26857242 0.18635675 -0.49516067 -0.071261905 -1.2405292 -1.1269035 -0.42791215 0.36947095 -0.24684629 -0.9498761 -0.08920001 -0.09798439 -0.22465676 0.3804545 -0.7364675 0.09608198 0.25885034 0.57715994 -0.05009152 -0.57558775 0.61001 0.9714543 0.3260777 -0.21800843 0.018793756
66 1.0314784 -1.3069162 0.6852638 0.25223407 0.21724322 -0.9278676 0.35780367 -0.22671826 -0.564557 -0.43290102 -0.57542163 -0.68029743 -0.59839445 -0.82378334 -0.3486964 0.1426833 0.53145975 -0.10141035 -0.5270577 0.51448375 0.45993784 0.8081286 0.55851114 -0.9797363 0.4333801 -1.097796 -1.1579928 1.8249693 -0.8385608 -0.7918343 -0.08191002 -0.15389004
67 0.6334879 -0.06601885 1.3166075 -1.1924349 -0.42288795 0.3117371 0.6462581 0.13211556 0.631182 -0.69205993 -0.1037579 -0.5052555 -0.40050903 -0.9372017 0.53177226 -0.3160963 -0.6427113 0.23413393 -0.2755462 -0.23860009 0.3061845 -0.8640768 0.13968475 0.03568349 0.75060266 0.013086774 -0.7468007 0.94099015 1.2259657 -0.158681 -0.3034925 -0.0134088425
68 0.16853614 0.23189346 0.41773912 -0.013364985 0.7087753 -0.6723902 0.7945589 0.08853306 0.7033312 -0.8420703 0.43657964 -0.4479856 0.9078814 -0.4354495 0.7843805 0.13387269 -0.2874054 -0.13548948 0.21455745 0.6288995 0.064841665 0.8819976 0.60481757 -0.511374 -0.34094083 1.2531548 -0.33935803 0.2548384 0.914042 0.31748083 0.1181108 -0.19739747
69 0.45744336 -0.33986333 1.4900918 -0.9501482 -0.12531391 0.27377573 0.70423615 0.16903701 0.9196807 -0.99180853 -0.12916882 -0.220412 -0.35796762 -0.7909041 0.53457886 -0.056788664 -0.9462822 -0.11935573 -0.24489035 0.059573933 0.28877538 -0.3908676 0.19818945 -0.15912044 0.22967522 0.15295061 -0.8236741 0.7280615 1.4671917 -0.33105564 -0.27144954 0.41843188
70 0.7467825 0.14523342 0.7207894 -0.7775696 0.31827947 -0.19196586 0.6305345 0.18008946 0.95548004 -1.2747526 -0.25502127 -0.21368891 -0.19155155 -0.42653894 0.59488153 0.34494495 -0.764135 -0.19991009 -0.33957368 0.33875114 0.18791519 0.0017541668 0.54719126 -0.2773748 0.18222 0.62661964 -0.54680926 0.57343143 0.97837347 -0.07411274 -0.1809139 0.4055728
107 -0.01968901 -0.12630886 0.045304973 -0.15878382 0.61463493 0.012858737 1.2214329 -0.09509124 0.6963492 -0.9905061 0.5221537 -0.63245994 1.1334692 -1.006446 0.5409335 0.07738097 -0.44589353 -0.36281377 0.022948727 0.6818171 -0.04531258 1.224329 0.81590915 -0.5571544 -0.22602579 1.3833969 -0.015894445 0.11297752 1.1479856 4.3133885e-05 0.47835705 -0.14099926
108 0.08684375 0.19164358 0.15290312 -0.24769308 0.5005476 -0.16105393 1.1596862 0.260206 1.0431739 -0.98543173 0.22949788 -0.5700133 1.0866596 -0.89862996 0.71931845 0.21651278 -0.6384377 -0.60575724 -0.2772224 0.9585116 -0.06194023 0.94361246 0.5264555 -0.32612103 -0.044737782 1.3502219 -0.24457875 0.3484033 0.80571055 0.16541414 0.41557905 0.08031149
109 0.3783664 -0.4299813 1.4525928 -1.0963846 -0.34869558 0.26531795 0.7962682 0.064033955 0.87494546 -0.98030275 -0.40934345 -0.30882594 -0.36875525 -0.8367452 0.32999068 -0.2845465 -0.94668967 0.09051205 -0.25319457 -0.23310426 0.35632452 -0.7128125 0.20220198 0.15836233 0.53926736 0.16226055 -0.7473011 0.96500283 1.0713495 -0.21778905 -0.1501774 0.2076526
110 0.25733432 -0.6382956 -0.47672185 -0.08100616 -0.5742628 -0.51196647 1.3906658 -0.7853349 -0.23829077 -0.71871793 0.31261393 -0.40432233 0.9637516 -1.163843 0.73588955 -0.98294467 0.44518024 0.7288001 0.029531829 1.7613653 1.0005414 0.9757491 0.08095452 0.3720508 0.33782336 -0.5649631 -0.51197594 -0.7675666 0.77492696 0.21788515 0.11625721 0.19580407
111 0.09999445 0.09598466 0.06331653 0.057106044 0.5898823 0.08842582 1.2145616 -0.009320131 0.5615106 -0.7530814 0.26804292 -0.60168755 1.1126072 -0.73868 0.45195094 -0.010932801 -0.41715223 -0.26048195 0.3852349 0.675056 -0.07069436 1.092687 0.64067924 -0.50775385 -0.19928311 1.2622213 -0.3935127 0.22487476 0.86856365 0.06973568 0.07096566 -0.15366064
112 0.4257608 0.33764932 0.44081455 -0.38078007 0.7058176 -0.23639569 0.57377255 0.15327375 0.87333727 -1.2721515 0.0039292495 -0.427852 0.42080685 -0.7154496 0.5615858 0.36441684 -0.79130644 -0.38657865 -0.15657479 0.7738314 -0.16312821 0.51855665 0.7659408 -0.25687018 -0.19223292 0.82168764 -0.44556814 0.13579538 1.2328284 -0.34696776 0.027533507 0.6807459
113 0.32023615 0.042954564 0.37159717 -0.35825923 0.2671977 -0.15245491 0.5450378 0.6474088 1.1291519 -1.082788 0.0763985 -0.5594374 0.26464236 -0.6201584 0.62410986 0.3894573 -0.845931 -0.40390325 -0.19520786 0.84183043 -0.22114149 0.5797768 0.54977894 -0.61708134 -0.32060248 0.65430534 -0.51030856 0.15949044 1.3521631 -0.20065793 0.27428523 0.599246
114 0.035924718 -0.0691925 0.0374939 -0.27880087 0.6025091 -0.009728827 1.333948 -0.20536597 0.5912096 -0.8974343 0.4793018 -0.38665906 1.3332441 -0.9440305 0.7312897 -0.0065965066 -0.35530216 -0.4125901 0.04285402 0.94294965 -0.078154854 1.0904605 0.4248738 -0.55365974 -0.09338587 1.127333 -0.1979028 0.17900616 1.0663366 -0.1882655 0.30350932 -0.23365134
115 -0.07027452 -0.2876459 -0.07518288 -0.29244885 0.2400699 -0.061534382 1.2986889 -0.31687334 0.081891686 -0.8674444 0.4568471 -0.38888952 1.397896 -0.99998224 0.47916013 -0.3164104 -0.26701236 -0.3890574 0.05072323 0.86339027 0.3236654 0.96676415 0.31561318 -0.76194584 -0.11542309 0.7874567 0.012342922 -0.019224074 0.8568021 -0.20735097 0.4238108 -0.34893367
116 0.6389168 0.085409485 1.2309368 -0.7596699 -0.069778875 0.018127104 0.51717436 0.38489816 0.85036105 -1.1769414 -0.0608182 -0.44326 -0.3613711 -0.81996596 0.5685139 0.032874003 -0.88017714 -0.30788946 -0.38330412 0.24962726 0.2900424 -0.2747068 0.36033654 -0.5363216 0.37157026 0.39765272 -0.74511003 0.6545031 1.3651868 -0.48407507 -0.44133112 0.3867519
117 0.5087256 0.21159488 0.89151025 -0.6934893 0.27969283 -0.05809816 0.4801115 0.39777043 1.1493901 -1.3832312 -0.14653367 -0.32614994 -0.16172619 -0.5583651 0.55708516 0.39393193 -0.9923607 -0.27093294 -0.4176392 0.59629464 0.30795762 0.017568804 0.8865109 -0.31803954 0.3299296 0.5028098 -0.5739278 0.34544608 1.1605654 -0.3589824 -0.25692457 0.8538783
118 0.07337238 -0.5886664 -0.56604075 0.06807697 -0.2945079 -0.18742275 1.4429442 -0.5680259 -0.14883552 -0.7132755 0.05759484 -0.27879494 1.4567711 -0.84012246 0.39875004 -0.25933796 -0.13154112 0.39362887 -0.19982885 1.0613484 0.63151145 1.1407186 0.054876104 -0.16788343 0.20494847 0.30099753 -0.42725915 -0.3947227 0.46258998 -0.14730537 0.16098689 -0.2386772
119 0.5694445 0.23715545 0.8139936 -1.1078879 0.3621756 -0.18753763 0.36789513 0.59470505 1.0403348 -1.5911714 -0.26118755 -0.50961345 -0.16811463 -0.73306346 0.44169056 0.23332389 -0.9817804 -0.6513261 -0.3052934 0.8326294 0.32379028 -0.07930275 0.82374436 -0.56314874 0.17533521 0.5280602 -0.6305067 0.32509562 1.3499786 -0.5905524 -0.1272532 0.7771265
120 0.52025276 -0.67872566 -0.5584242 -0.17149295 -0.6691515 -0.23863849 1.2326218 -0.41061503 -0.28085572 -0.8982149 0.4018838 -0.47217205 1.1649674 -1.179169 0.9161766 -0.8512243 0.13027832 0.77189505 0.07158153 1.7625667 1.2625047 1.0028466 0.059554752 0.15233159 0.20838487 -0.5401502 -0.52910197 -0.6842542 0.56599647 0.33327365 0.24326614 -0.11439724
121 -0.011318943 0.13709845 0.20365979 -0.2909442 0.4225715 0.0053130044 0.962488 -0.007650323 0.89762753 -1.0271382 0.23226362 -0.4144342 1.1671083 -0.88838714 0.68677783 0.33574638 -0.52975696 -0.48501015 -0.15541555 0.8418787 -0.007793793 1.0088015 0.6302932 -0.30252537 -0.0836108 1.1298891 -0.15849094 0.3451041 0.875568 0.10147783 0.4994988 0.3922729
122 0.06406076 -0.14377268 -0.16558556 -0.31953624 0.37058556 0.12070292 1.3513541 -0.25506246 0.48892295 -1.0108892 0.31942484 -0.52959067 1.3878995 -1.124196 0.6315632 -0.12985419 -0.490189 -0.30109298 -0.003699412 0.96824837 -0.014883086 1.3476821 0.36215365 -0.4092078 -0.015261545 0.982723 -0.23249568 0.09582072 1.0640143 0.06831519 0.37973106 -0.1333258
123 0.4937867 0.4175432 0.952087 -0.8791508 0.27172524 -0.32781374 0.3155247 0.7651305 0.986622 -1.3975757 -0.24931127 -0.3681512 -0.29519993 -0.7484492 0.70140743 0.038050234 -0.96787155 -0.48565388 -0.22820714 0.87928677 0.27136207 0.03616296 0.7455773 -0.50307095 0.17904541 0.6494781 -0.6211059 0.16964714 1.1943525 -0.6030159 -0.24548934 0.8093258
124 0.35717684 0.46283537 1.1007657 -0.93308735 0.13879319 -0.24163939 0.35996756 0.53582585 0.8597947 -1.2465587 -0.26633638 -0.21068536 -0.3823171 -0.7141649 0.8255605 -0.0505583 -0.8717285 -0.48826224 -0.2289194 0.52243394 0.44556442 -0.05300367 0.7223697 -0.6657232 0.20685542 0.56557083 -0.6190151 0.4042183 1.2854797 -0.618255 -0.23150443 0.71073127
151 1.3510324 -1.3162118 0.64751256 0.2957705 0.41247365 -1.0829955 0.26381907 -0.61732334 -0.5158394 -0.5405632 -0.6563377 -0.72353214 -0.27205086 -0.6130077 -0.3816182 0.033473264 0.82009894 -0.05085379 -0.36152574 0.54103863 0.62128407 0.9363634 0.89086366 -0.89124155 0.0021642358 -0.78499234 -0.98302656 1.7618358 -0.73852074 -0.73187935 -0.082524315 -0.19285321
129 0.60069567 -0.7667661 -0.24789675 0.5367717 -0.027142476 -1.0368116 0.6370376 0.11606974 0.17090258 0.21801232 -0.22635515 -0.40449315 -0.30920684 -1.0758805 -0.51660025 -0.8722393 1.08972 -0.4111452 0.461472 0.7590684 0.57254946 0.26447308 0.42933607 -0.014188923 0.29002613 -0.63201934 -0.6055171 0.5658375 0.6101808 -0.13262981 -0.13445385 0.45788005
149 0.9875315 -0.7304216 0.08053279 -0.10958842 0.13823488 -0.8110444 0.045799598 -0.40136358 -0.07626086 -0.5946901 -0.21490234 -0.68405473 -0.0008167886 -0.3367186 -0.046095695 0.35852903 0.8941973 0.5283153 -0.9252432 0.6577176 0.6882182 1.1791917 1.1375719 -0.5969146 0.15548012 -0.9226062 -0.67980266 1.4507129 -0.83304906 -0.051660832 0.48376116 -0.06470974
