1 -0.19101775 -1.2346131 -0.53760403 0.3615061 0.71569365 -0.05053986 0.3465383 0.36007026 -0.46385172 0.010633337 0.26661816 -1.331997 0.23915498 -0.14594877 0.10814583 0.6847516 -0.17272979 0.5229076 -0.5729793 0.5231012 1.0046531 0.002052467 -0.41909954 0.76115304 0.16227661 0.02872491 -0.683165 -0.040078655 -0.2310831 -0.16641773 0.018558502 0.011639138
2 -0.82817304 -1.719981 -0.24370149 0.18285313 0.5377393 -0.78940463 0.77046096 0.46024856 -0.12645657 0.024025485 -0.29479483 -1.0790427 0.09598094 -0.053475153 -0.48601294 0.54639107 0.15474154 0.2800863 -0.4041367 0.24819954 0.7706961 0.27712542 -0.15146121 0.97833675 0.39939436 0.04981085 -0.43837133 0.12632169 -0.32749766 -0.18414967 0.61371547 0.4660384
3 -0.0013013344 0.07938379 -0.104622446 -0.6525315 -0.16398202 -0.5434998 0.8748936 -0.2876298 0.50026554 1.1222534 0.050693307 -0.31817386 0.13678546 -0.50062966 1.2694337 0.32221404 0.6254852 -0.14721999 0.5636622 -0.26637053 0.24881524 0.685906 1.5170863 0.86928844 0.52870464 -1.6765736 -0.85056067 -0.33584008 0.34439296 -1.0579342 -0.18894126 0.032175954
4 0.07441554 -0.082430124 -0.86107624 0.12682481 -0.17802083 -0.48561597 -0.64579016 0.9312911 0.24656408 -0.097876176 -0.9091777 -0.78106016 0.041255247 -0.16874129 -0.23062845 0.7632411 -0.113106474 0.37264216 -1.5272926 0.8097383 0.9381476 0.24621135 1.7130178 0.5422504 0.1692486 0.43800882 -0.25268307 -0.7297112 -0.31003064 -0.11001757 -0.7622087 0.07384161
5 0.3569906 -0.3946158 -0.144486 -0.28930864 -0.5917933 -0.71919334 0.5455778 0.577472 -0.09560877 -0.7790072 0.2501223 -0.2949765 -0.62960505 -0.731473 0.80484116 -0.46136642 0.68569344 0.6516436 -0.2722436 1.2193027 -0.36321884 1.1700987 0.50931716 -0.16883114 -0.22393835 0.23290715 -0.43628713 0.58931136 1.1475503 0.14648443 0.07942039 0.46540084
6 -0.98155385 -1.3586196 -0.24051821 0.37920207 0.6623797 -1.5073174 0.8479093 0.32218307 0.119836085 -0.30576915 -0.2292798 -0.8941415 0.37809917 0.049701065 -0.18431301 0.68434024 0.3359816 0.12696859 -0.40470076 0.20616704 0.73186 0.11082432 -0.09425832 0.9299918 0.32379067 0.19365607 -0.44711632 0.2843973 -0.39769533 -0.30364266 0.9193892 0.42832002
7 0.21949773 -0.7872612 -0.75536567 0.269507 -0.14183208 -0.29731622 -0.21609496 0.72390723 -0.22286892 0.21408448 -0.30119157 -1.1668868 0.26278514 -0.095817395 0.2624182 0.553596 -0.99094474 0.6830433 -1.1665184 0.8027591 0.6681439 0.404193 0.4104306 0.4977135 0.40598872 -0.031021966 -0.52924144 -0.8600445 -0.19706987 -0.17089647 -0.9081363 0.20693369
8 0.67823553 0.41372406 0.3356426 -0.19548932 0.39699173 0.057729825 1.1763842 -0.639674 -0.9912854 0.054528818 0.21042979 0.22730407 0.7607681 1.0700035 0.08230227 -0.0041278936 -0.31080574 0.3003828 -0.8475703 0.49846104 0.16672684 1.4475915 0.8428374 -0.18901098 0.5767672 -0.65780795 -0.8613879 -0.2011152 -0.57820904 -1.0545201 0.8010667 0.07227461
9 -0.8482985 -1.4174523 -0.14473441 0.3613491 0.6095697 -1.0437117 0.8308472 0.47590342 -0.1263383 -0.15938187 -0.20631303 -1.1307538 0.23972286 0.14509049 -0.22041048 0.70130914 0.270311 0.26185182 -0.3193336 0.3495249 0.82236236 0.09676541 -0.18277226 1.2325684 0.61489064 0.14795932 -0.06915571 0.34893948 -0.25350025 -0.26547033 0.87811214 0.44329602
10 -0.7188421 -1.7436002 -0.29073337 0.24286121 0.29477045 -0.9124214 0.71656626 0.540421 -0.15455413 -0.087811425 -0.15493801 -1.1202639 0.26476347 0.18338744 -0.27535367 0.85083544 0.16155091 0.10812663 -0.113211356 0.1147302 0.97592324 0.32948226 -0.14329553 1.2114602 0.4760797 0.010705679 -0.42951858 0.2648022 -0.4381774 -0.1512982 0.6300037 0.62966543
11 -0.80256915 -1.5448315 -0.0154927615 0.255529 0.5366447 -1.37492 0.7166194 0.5287976 -0.0596799 -0.2984397 -0.10207329 -1.001794 0.4164837 0.30350283 -0.17731993 0.7197292 0.19356291 0.17468907 -0.35376066 0.2751478 0.8698442 0.008360364 -0.19451955 0.91739947 0.33896303 0.027042042 -0.29980227 0.18753168 -0.21656872 -0.2739548 1.1500043 0.81826544
12 -0.6704447 -0.7502525 0.09941968 -0.066544406 1.0233233 -1.1135377 0.5728586 0.37955207 -0.29077995 -0.32562283 -0.11582361 -1.1934701 0.34284046 -0.23642494 -0.40998855 0.57466984 0.11991241 0.7165629 -0.5596732 0.21552867 0.7369935 -0.07294048 -0.30252418 1.0533476 0.41104242 0.011718627 -0.61640054 0.6415047 -0.25664672 -0.2353584 1.0557253 0.27915826
13 -0.10571989 -0.6797209 -0.035860274 -0.3709274 -0.40154684 -0.47522107 0.60766804 0.3235237 -0.06689379 -0.34806052 0.020399055 0.03185125 -0.57124424 -0.6143312 1.0507191 -0.58215004 0.43578783 0.81885535 -0.04417268 0.93285716 0.080771215 1.7818408 0.4689619 -0.44762325 0.16377182 0.5936398 -0.28427497 0.9226206 1.435467 -0.4610193 0.32520026 0.3222214
14 -0.0010780141 -1.1341021 -0.86367834 -0.012265115 0.26195183 -0.06749226 -0.2251458 0.36904287 -0.35507128 0.416846 -0.0037955404 -1.4106569 0.018004693 -0.4366947 0.13250694 0.25688037 -0.50617 0.68778056 -0.83397084 0.7508275 0.75419134 0.21797556 -0.18770187 0.44351888 0.57700473 0.0003345014 -0.5839625 -0.50035304 -0.15106933 -0.42070648 -0.7689794 0.16999269
15 -0.71502274 -1.592976 -0.39893636 0.2690395 0.39120495 -0.84868324 0.6910937 0.45665136 -0.27274707 -0.11275954 -0.09455693 -1.0810573 0.019437328 0.13964105 -0.22585785 0.7374982 0.16109286 0.15706806 -0.25201678 0.45411268 1.0366076 0.23777765 -0.22555035 1.0891821 0.48515546 -0.14997251 -0.23419982 0.1924113 -0.4670328 -0.08570087 0.6636314 0.50000435
16 -0.15564264 -0.5463678 0.38894993 0.026433622 -0.40053725 -1.0411218 0.29446593 -0.1272578 0.069391854 -1.0838156 0.021774128 -0.2688632 -0.5144927 -0.3552595 1.0100071 -0.110660054 0.55605626 0.61832 -0.3442367 1.2426281 0.102875076 1.603324 0.39332208 -0.5207002 -0.20326363 0.12203603 -0.6096108 1.1381551 1.2790996 -0.1749433 0.6034666 0.32658982
17 0.26079983 -0.2751377 -0.78193045 -0.049518004 -0.17652191 -0.3494489 -0.4987855 1.0379107 0.2370507 -0.26558793 -0.98339427 -0.6636543 0.080477156 -0.28991544 -0.4039424 0.59705514 -0.2189137 0.69490063 -1.4871893 0.8289763 0.49097386 0.19963422 2.0160775 0.4378303 0.0954767 0.51665384 -0.16290021 -0.67848766 -0.013389639 -0.056803416 -0.6584719 0.28605035
18 0.7823698 0.24738769 0.117707364 -0.08922685 -0.2636888 -0.15191208 0.8038408 -0.3125713 -0.51413006 0.24610184 -0.20396551 -0.1821339 -0.004152988 0.4457453 0.63660425 -0.82377046 -0.28779355 -0.023245825 -0.74428177 0.46450514 0.08113888 1.6122358 0.6753034 -0.53993016 0.28420267 0.19786109 -0.61720765 0.38568735 -0.036534674 -0.8503221 1.3920305 0.14997713
19 -0.14700161 -0.5717939 0.03443054 0.0010620904 -0.6099154 -0.037201747 0.9127044 0.36449844 -0.19307935 -0.26748562 -0.01718502 -0.04992093 -0.6835765 -0.51910836 0.8416646 -0.55544627 0.2999929 0.68347085 0.19700009 0.78262097 0.120866835 1.8673141 0.5533022 -0.49734652 0.2936676 0.52239513 -0.57230204 0.764243 1.353636 -0.7735815 0.81619644 0.26961315
20 0.06463307 -0.5938088 0.15607093 -0.12131359 -0.5003787 -0.71756417 0.18834424 0.049601253 0.27514154 -0.88186055 0.28633353 -0.5445062 -0.49948418 -0.47315884 0.72858024 -0.109048046 0.69376993 0.5103151 -0.28553474 1.1723245 -0.29674655 1.5582813 0.4654074 -0.3822068 0.10210477 0.14178473 -0.09019506 1.1664528 1.3049233 -0.11176627 0.39622837 0.17478198
21 0.6884628 -0.34932187 -0.84301037 0.015557429 -0.18203168 -0.23761506 -0.11500311 1.2057467 0.22030605 -0.13814792 -0.4905478 -0.96916354 0.061921358 -0.37142223 -0.17536269 0.25731477 -0.1763261 0.36280686 -1.2220101 0.43382302 0.65929073 -0.03182326 1.2260697 0.3218664 0.0674333 0.15444206 0.0027582517 -0.69947606 -0.03796847 -0.31284386 -0.6004248 0.1922438
22 -0.98821235 -1.4750968 -0.41094598 0.41037503 0.6621044 -1.3894063 0.8158169 0.46892637 -0.0014843026 -0.20825641 -0.16112812 -0.99681675 0.41096327 -0.05475567 -0.21990603 0.5285618 0.23768005 0.13463561 -0.36704186 0.064016946 0.6390623 0.20874082 -0.09290668 0.9844473 0.32122785 0.14887682 -0.32913667 0.14357652 -0.30247134 -0.2524148 0.83881855 0.6355541
23 -0.84990484 -1.605514 -0.0738947 0.31853822 0.4107407 -1.2881287 0.71102095 0.53277034 -0.1973229 -0.07763846 -0.09897751 -0.9523538 0.2909469 0.052789573 -0.17243001 0.68146795 0.29315645 0.29986158 -0.46441567 0.3329775 0.75039697 -0.028540708 -0.11224501 1.0640632 0.38137954 -0.0008405339 -0.062840454 0.19676971 -0.45510545 -0.2641598 1.0817915 0.5260994
24 -0.11563161 -0.93271995 -0.014975001 0.15419477 -0.58699 -0.42757177 0.9717618 0.28554153 -0.1532088 -0.33841968 0.27758652 -0.076052494 -0.536112 -0.5559226 0.91203284 -0.5425769 0.21050218 0.8244438 0.18362175 0.8469642 0.17960562 1.7189039 0.48689085 -0.72403806 0.15641053 0.46030194 -0.4424367 0.8052158 1.4298197 -0.6275578 0.593828 0.3871252
25 -0.9278166 -1.4718894 -0.30275005 0.31170288 0.7340843 -1.115837 0.9277159 0.3982414 0.010162293 -0.15682298 -0.31044722 -1.0616946 0.48041603 -0.077507235 -0.27707765 0.53369147 0.25518122 -0.017568363 -0.4246143 0.311946 0.9569541 0.3911034 -0.29011238 1.2267939 0.3913304 0.0038054173 -0.5000486 0.21734282 -0.37486 -0.2117421 0.66375154 0.5629275
26 -0.3686154 -0.4119337 -0.4472305 -0.3918839 1.042059 -0.714545 0.2695467 0.3690646 -0.27483624 -0.0567584 0.024197666 -1.6021876 0.026645469 -0.4893412 -0.3812874 0.660335 0.24458982 0.7148257 -0.29850718 0.34722948 0.9059371 -0.06463033 -0.2675608 1.0491221 0.42755324 -0.057563204 -1.1521833 0.98974127 -0.32430238 -0.09168527 0.7551388 0.086811475
27 -0.7257172 -1.4335877 -0.3400287 0.27840403 0.37942642 -0.68432987 0.6978734 0.5014713 -0.27209237 0.13204922 -0.3135071 -1.1759497 0.09659004 0.03264536 -0.27188453 0.7969739 0.37396258 0.25068113 -0.14577611 0.28673002 0.9635964 0.11000577 -0.16432485 1.048594 0.47381744 0.018731143 -0.44541928 0.2733338 -0.5351473 -0.16208819 0.6456806 0.47411197
28 0.30263957 0.051416628 0.60738635 0.13478263 -0.44794038 -0.58025104 0.18166511 -0.27479333 -0.29421487 0.021670502 0.039995342 -0.11445749 -0.09690586 0.17584316 0.74451816 -0.9200157 -0.17313392 0.32553488 -0.74476 0.3533497 0.0177522 1.5478163 0.6386147 -0.46735144 0.36147898 0.4836167 -0.49982625 0.47720414 0.50533617 -0.92700315 1.3206176 0.016279124
29 0.26785925 -0.5483225 0.14373843 0.048323236 -0.7944213 -0.26601923 0.9217515 0.21990792 -0.25766876 0.1662193 0.23540674 -0.04261525 0.32338223 -0.8728311 0.7146938 0.8322329 0.9720988 0.19451487 -0.8844697 1.1610297 0.23723505 0.98479134 0.5391443 -0.99634457 0.015343456 0.17505082 0.51091814 0.7826394 1.2158872 -0.12826629 -0.10896434 0.14183979
30 0.05497093 0.5374917 -0.052129176 -0.38649547 -0.9235786 -1.2042902 0.6654436 -1.795417 -0.8877252 0.6594113 1.1433948 -1.195995 -0.7466899 0.43885776 1.0264893 0.903706 -0.06654239 -0.18936685 0.3523809 0.086894736 -0.45690897 0.7224741 1.1884594 1.7592399 0.16739924 -0.131932 -1.0629605 0.39517722 0.120208435 -0.78609896 -1.192281 0.46396887
31 0.8236577 0.19217409 0.3909464 -0.040933635 0.33116063 -0.056294385 1.0580807 -0.6604313 -1.0391508 -0.052645136 1.78314e-05 0.019499622 0.71294564 1.1716263 0.38378286 -0.16426969 -0.3987001 0.27052936 -0.6814014 0.6372861 -0.019164393 1.3501221 0.6134696 -0.23769605 0.39525178 -0.4110722 -0.85377854 -0.22334412 -0.6322789 -1.039607 0.60811585 -0.070974275
32 0.66363555 0.05658046 0.48468482 -0.17619951 0.20208766 -0.19827077 0.5919555 -0.42802036 -0.92225564 -0.20514825 0.13339068 0.2088901 0.26000476 1.0966781 0.3163607 -0.45718232 -0.27707562 0.075750716 -0.7540451 0.6864313 0.364706 1.4175209 0.60294604 -0.5112071 0.64445597 -0.17832592 -0.8194207 -0.31026503 -0.23967884 -1.0102538 1.1954856 0.075262606
33 0.26259962 -0.47865283 -0.06426917 -0.04405926 -0.7073291 -0.33396575 1.2095397 0.3261395 -0.17475516 0.03980188 -0.041199587 0.0041182926 0.15698199 -0.8785337 0.50978816 0.22980268 1.0201497 0.23713759 -0.623936 1.014809 -0.0055326996 1.1607561 0.45379555 -0.6872103 -0.039718945 0.17093155 0.13203178 0.80726486 1.0444373 0.059950817 -0.021802165 0.23141918
34 -0.083286405 -0.36784226 0.12683924 0.032201152 -0.6905095 -0.37116387 1.0009168 0.43667147 -0.23645736 -0.25691268 0.15697685 -0.075864404 -0.5157508 -0.5115346 0.77150875 -0.95765984 0.054654278 0.7192775 -0.03517067 0.33398065 0.17763689 1.7676268 0.5284795 -0.43326947 0.3290823 0.8556252 -0.5397572 0.6638848 1.2644752 -0.7890055 0.819554 0.2821253
35 -0.7472845 -1.4654928 -0.13017175 0.37163204 0.49724796 -1.285759 0.49225768 0.41905892 -0.080875814 -0.309035 -0.13469316 -1.0179119 0.4755703 0.223377 -0.24814565 0.67722523 0.20499651 0.15669884 -0.37339604 0.17595169 0.92398334 0.07431007 -0.036977824 0.99259835 0.21501638 -0.15754314 -0.20381069 0.44507393 -0.46771085 -0.25930238 0.9619901 0.66353273
36 1.0511994 0.1636759 0.34618664 -0.22451669 0.4758262 -0.15255314 0.94418275 -0.71327937 -0.9400745 -0.1901431 0.16812147 0.20343138 0.53326064 1.1926768 0.27457651 -0.21324989 -0.51269144 0.015938263 -0.6444617 0.46356297 0.4704499 1.506653 0.7360831 -0.23186901 0.3856005 -0.5282579 -1.0767642 -0.13675305 -0.5294682 -1.0281793 0.6673189 0.25553548
37 -0.09808095 -0.571747 0.05985161 0.059412464 -0.4934167 -1.1953532 0.102957465 -0.08742123 -0.019048171 -1.1901587 0.5040672 -0.27932075 -0.6709016 -0.31817833 0.90344834 0.22300641 0.72666734 0.4839342 -0.15176581 1.3291163 -0.30928123 1.5255823 0.5823299 -0.608773 -0.007288452 0.09233361 -0.5335826 0.8156085 1.2064495 0.07134665 0.4835394 0.4903013
38 -0.07808178 0.6866353 -0.006775693 -0.27962238 -0.016393797 -0.13056852 0.51265883 -0.8127465 -0.19847327 0.7245255 -0.006555583 -0.12971321 0.54087067 -0.17884687 0.32930967 0.2515114 0.17547172 0.34991208 0.07186718 -0.37353283 0.16713372 0.60700846 1.5793319 1.0171463 -0.22033477 -0.85405535 0.22964285 0.6109445 -0.17726149 -1.1684188 0.04595917 0.13831018
39 0.29769054 -0.31391543 0.0666674 0.058114316 -0.7151802 -0.9480069 0.9141821 -0.28271636 -1.0544225 -0.18049584 -0.4408996 -0.36702132 -0.68488467 -0.18992925 0.6268496 0.4633266 1.2208831 0.65039265 -0.6491163 1.7001873 -0.1883415 1.0875064 0.2409412 -0.10549813 -0.19298528 0.24199975 -0.10493629 1.1077888 0.81212574 0.43498647 -0.84876794 0.3271206
40 0.7228725 -1.2468214 -0.8708005 -0.09846714 0.00015612128 -0.42925838 -0.31833982 0.512697 -0.10398279 0.11530464 -0.04609222 -1.1898972 0.21040738 -0.45831466 0.36739585 0.56318915 -0.99554545 0.65497077 -1.1171312 0.57105476 1.0007626 0.26036564 0.022218553 0.2763234 0.5956404 0.13520671 -0.33165884 -0.49118468 -0.071628325 -0.6109251 -0.9604066 -0.13994399
41 -0.1292844 -1.2489978 -0.75269336 0.040109165 0.21258497 0.00215371 -0.072900996 0.25270355 -0.440477 0.32264233 0.03343372 -1.6158626 -0.08999289 -0.22792523 0.03585666 0.7854198 -0.22381048 0.554122 -0.8234757 0.5493958 1.0970377 0.08179091 -0.18638705 0.47871682 0.17607632 -0.39299205 -0.7369296 -0.5094114 0.06914963 -0.13315724 -0.6821042 0.4741775
49 0.7429645 -0.47887263 -1.0979631 -0.26889396 -0.028049337 -0.10494394 -0.09349837 1.0540947 -0.10449295 -0.050211497 -0.5009768 -0.76203847 -0.2644062 -0.39837343 0.43364912 0.13238686 -0.9007987 0.77143 -1.0789669 1.2062669 1.017279 0.08344007 0.36914867 0.43469435 0.5415658 -0.00083773583 -0.07721781 -0.8431409 -0.0153941475 -0.73814243 -0.4696702 0.12606163
54 -0.08202973 -1.407216 -0.83857465 0.0434977 -0.033975717 -0.105241165 -0.49837896 0.532547 -0.1154259 0.5245288 -0.04393279 -1.348001 0.2014544 -0.19643296 0.36735535 0.3374757 -0.74538755 0.65253407 -1.2360817 0.73641634 0.79932827 0.45793334 0.005630013 0.46686372 0.4834163 -0.0898061 -0.23145089 -0.82709557 0.09793025 -0.43101665 -0.92899436 0.012917246
55 -0.84898007 -1.3277842 -0.23334447 0.15625241 0.4722511 -0.7663841 0.6183218 0.45708224 -0.07430428 -0.07890218 -0.43001628 -1.2631186 0.1549815 -0.16802815 -0.5266737 0.78583586 0.21003877 0.223177 -0.38562313 0.28421155 0.9359667 0.16869849 -0.17731851 0.9700412 0.4831132 0.017489972 -0.7418749 0.45456207 -0.38823923 -0.14489612 0.53956175 0.33709824
56 -0.7939079 -1.5717261 0.025387695 0.37048307 0.5247315 -1.3340287 0.73313534 0.56821805 0.013568781 -0.21272065 -0.051619697 -1.0172335 0.60882336 0.0845989 -0.19165955 0.57944554 0.18915856 0.09099217 -0.47042742 0.2163504 0.75699145 0.082219385 -0.13817406 1.2368993 0.24998836 -0.026567122 -0.02817568 0.3602075 -0.3797848 -0.3357273 1.028611 0.67670417
58 -0.81121004 -1.6352389 -0.118571684 0.43521845 0.518973 -1.2414222 0.8833369 0.41591406 -0.019800384 -0.41463864 -0.22728842 -1.0036849 0.41824245 0.024269026 -0.24287342 0.60747993 0.04607026 0.043744285 -0.18111576 0.24860984 0.9388926 0.20226249 -0.28597912 1.1063828 0.48700136 0.034112737 -0.53445655 0.32558173 -0.284882 -0.52110803 0.5944242 0.40454936
59 -0.112674475 -1.3144841 0.010201201 -0.3386811 -0.026373176 0.22081807 0.23260424 0.9599013 -0.5454256 0.24490789 0.08670363 -1.43186 -0.26852834 -0.018774316 -0.0960789 1.0390649 -0.41388652 0.4350081 -0.64181906 0.15624341 1.202731 0.3510473 -0.04903708 0.6310787 0.008850843 -0.5011976 -0.7475352 -0.29539153 0.2223711 0.44612798 0.014017232 0.8981454
60 -0.36039183 -1.073525 -0.13702662 -0.027931537 0.014743003 0.22999275 0.09416102 0.73466337 -0.68765694 0.34858704 0.15164669 -1.5572746 -0.4384156 0.03959398 -0.020779544 0.9781345 -0.23829107 0.5000533 -0.7411111 0.56598735 1.261839 0.29871127 -0.10718929 0.709604 0.07490614 -0.34781456 -0.6533321 -0.44518656 0.1883715 0.34790075 -0.07343299 0.8577622
61 -0.20688914 -1.3058518 -0.28689745 -0.29444242 0.08295814 0.066299364 -0.014162583 0.7208214 -0.53578067 0.33651415 0.07170972 -1.421252 -0.31684265 -0.07353624 0.12519358 0.8396856 -0.3051231 0.37821284 -0.72980195 0.49082214 1.4183391 0.4661518 -0.29545733 0.6359898 0.06903047 -0.2553373 -0.7291693 -0.38809785 0.22204846 0.37777388 -0.1519268 0.79210037
64 0.012016737 -0.09444743 -0.9240411 0.041720614 -0.21307579 -0.42736048 -0.4463392 1.0190568 0.3469785 -0.32760164 -0.8862545 -0.9351965 0.077190064 -0.048924893 -0.19423258 0.63595116 -0.10598117 0.38932732 -1.4059342 0.74751157 0.7513646 0.24765085 1.5350946 0.3843862 0.15860353 0.45087972 -0.37983674 -0.69831383 -0.10879133 -0.15349984 -0.8744394 0.2133686
74 -0.10930157 -1.4211828 -0.11181311 -0.28104326 0.007931682 0.1337961 0.029612457 0.8164855 -0.45704105 0.18832125 0.1150731 -1.4781008 -0.2798802 0.0788731 0.07150902 0.97350675 -0.26549146 0.259882 -0.6639974 0.30424324 1.2106553 0.4424469 -0.053150184 0.8008632 -0.036323484 -0.3271318 -0.84683764 -0.5007118 0.28682995 0.46106488 -0.26505047 0.98470706
83 0.29557654 0.19717862 0.03862973 0.09074953 -1.0510614 -0.25585774 0.9865802 0.7429651 -0.79718405 0.21307611 -0.2559453 0.054462213 -0.040229738 -0.7158801 0.40762347 0.82209504 1.1450902 0.5165579 -1.0750604 1.7973481 0.019363688 0.5103027 0.9460278 -0.62415487 0.2512638 0.17867169 0.5054457 0.40842316 0.8526815 0.18770538 0.1069702 0.29718927
84 -0.59057945 -0.47738385 -0.102361664 -0.27003402 1.054666 -0.5987403 0.032253075 0.43898088 -0.057747405 -0.344967 0.13456266 -1.8262885 0.08167844 -0.4420996 -0.4608742 0.50423163 0.13710111 0.89135545 -0.58957183 0.40673995 0.91024053 0.06749455 -0.36019513 0.83728564 0.47935572 -0.20127067 -1.3300989 0.8416151 -0.3485107 -0.35391846 0.5427528 -0.4175563
86 -0.45618054 -1.4375868 -0.1377549 0.044134114 0.4204877 0.047863837 0.4273957 0.6126169 -0.5488449 0.01909255 -0.1094116 -1.2763559 -0.18054894 0.042530276 -0.18007617 0.8152543 -0.24228327 0.4706733 -0.42918235 0.38037702 1.1322261 0.2584778 -0.23981868 0.9778692 0.28573933 -0.21116848 -0.50189817 0.020328077 -0.01172967 0.07995866 0.41787577 0.40724367
87 0.21282463 -0.78987294 -0.9281323 0.33528972 0.06936865 -0.62874466 -0.41179803 0.34168 -0.22007744 0.3656555 0.052934095 -1.2809577 -0.1880134 -0.3804611 -0.045460515 0.4172229 0.2239942 -0.052128654 -1.5467387 0.6545935 1.3190669 0.1864376 0.365734 -0.077131145 -0.255153 -0.2952748 -0.77282256 -0.97229415 -0.18443799 0.32329375 -0.5947394 0.68524027
89 -0.06190087 -1.1154412 -0.8096264 0.1718215 0.42512423 -0.47892052 -0.25083393 0.13779882 -0.39084467 0.45642385 0.031046089 -1.5542567 0.08739609 -0.39201394 -0.19648647 0.018178461 0.14223762 0.23274244 -1.5316575 0.7075511 1.0642536 0.110024385 -0.15935373 0.10595147 -0.0634303 -0.5292049 -1.0553087 -0.93638694 -0.009914609 0.19004068 -0.6729598 0.82119787
94 -0.021279568 -0.9886557 -1.0871378 0.22744763 0.2303687 -0.30991814 -0.2434377 0.24535209 -0.16800489 0.3333055 0.047025666 -1.4775909 -0.0261551 -0.47295603 -0.033594396 0.3521232 0.38182932 0.026062489 -1.6154712 0.45186794 1.2692848 0.48210394 0.2410459 0.06964827 -0.13951567 -0.6796518 -1.08721 -1.1479982 -0.052064944 0.45163003 -0.8544717 0.7579125
95 1.1627065 -0.2592931 -0.20353957 0.42412654 -0.36339462 -0.5082138 0.14452422 1.3684514 -0.14390433 -0.92360383 -0.7810633 -1.226449 -0.42682323 -0.0117035955 -0.16736352 -0.011246623 0.09838322 0.90155613 -0.7929982 0.7111182 0.45942727 -0.4678943 2.0145478 -0.3287403 -0.5232262 -0.11337752 -0.039224036 -0.32145917 0.5524929 -0.6306416 -0.696969 0.63053364
105 0.58834255 -0.58413625 0.21230112 -0.045944445 -0.7124653 -0.71283287 0.6544271 -0.0048546907 0.2793316 0.25948176 -0.07904098 -0.16657898 0.257661 -0.6251451 0.4515431 0.56003547 0.39910296 -0.04525389 -0.8340742 0.32903975 0.33317867 0.8399397 0.6008081 -1.3295938 0.28608027 1.0140954 -0.1299296 1.2622144 0.7520359 -0.4848701 0.39979303 -0.2883346
128 0.26025587 0.28794032 0.19682784 0.16003484 -1.043516 -0.51656723 1.32054 0.3844464 -0.59105784 0.11409087 0.027963348 0.025809532 0.13648093 -0.6859014 0.6258721 0.75778073 1.3628291 0.18503514 -1.0550246 1.6215047 0.43888184 0.91908306 0.8226746 -0.7582357 0.35133588 0.33373964 0.45944065 0.6825396 1.0489548 0.32450327 -0.11298809 0.4235128
133 -0.16760188 -1.2100213 -0.25243816 -0.32731718 -0.21811038 0.37268287 -0.088931814 0.71623045 -0.39399028 0.32293648 0.005027586 -1.4039694 -0.24713524 -0.0694354 -0.11222952 0.9325583 -0.4778274 0.38189828 -1.025145 0.47202536 1.3155903 0.5494195 0.073510945 0.68358076 0.11158899 -0.39395496 -0.52567834 -0.5648566 0.3943452 0.39026725 -0.34240484 0.86655027
135 0.50159377 0.2540766 -0.29296672 -0.8216241 0.61283654 -0.006350835 1.4355453 -0.8478355 -0.23592816 -0.3085001 0.43301314 0.45153555 0.9161575 -0.11059476 -1.4079134 -0.046059903 0.65595037 -0.7336075 -1.6273749 -0.41255832 0.23317187 1.8866085 1.4941374 -0.12631863 0.16811094 -0.07672602 -1.5412431 -0.65642023 0.11318217 -0.34684843 -0.102491 0.83353525
136 1.1334558 -0.23874171 -0.5101903 0.36405373 -0.3075463 -0.7299496 -0.046365965 1.3323816 -0.3856669 -0.5404687 -0.6690878 -1.1106718 -0.53443193 -0.11264031 -0.06722101 -0.2254369 0.4767513 0.8944554 -0.7154446 0.78296 0.640976 -0.49007398 2.1080344 -0.5305233 -0.546546 0.014697131 0.14326076 -0.29783612 0.3755651 -0.5958304 -0.6211705 0.71126187
137 -0.1372753 -0.0985071 -0.002029035 -0.5068906 -0.48867807 -0.41830546 0.7579351 -0.5267983 -0.18263905 1.1089771 -0.11873027 0.16362984 -0.35877636 -0.25175738 0.99064183 0.602972 0.57642865 0.01487937 0.66296124 0.042839136 0.35036948 0.47581175 1.3494043 0.7955054 0.29293707 -1.2686625 -1.0438575 -0.30271652 -0.11632991 -1.2299527 -0.18490195 -0.31193236
48 0.6178444 -0.57870334 -0.9578746 0.07572448 -0.13228366 -0.6388388 0.021483492 0.8770544 0.1683608 -0.37878266 -0.37683752 -0.8082384 -0.0907099 -0.3486125 0.266173 0.20918165 -0.9428338 0.5663296 -1.1665047 0.7206269 0.9882633 -0.07014987 0.44815376 0.11759602 0.5622134 0.31826857 -0.005188774 -1.0245765 0.10060112 -0.8795012 -0.6933161 0.10400904
50 0.063625015 -0.250594 -0.04744908 -0.08753231 -0.693057 -1.1371118 0.71921414 0.019879995 -0.87833947 -0.14451967 -0.18226966 -0.39445812 -0.75340396 -0.12118815 0.72217363 0.45682338 1.4225227 0.8616054 -0.8143242 1.8355348 -0.23181148 0.8068856 0.5984706 -0.12969106 -0.49458525 0.37241572 0.044886332 0.9305898 0.60082316 0.74222654 -0.6437431 0.4704983
51 0.36015397 0.0048469887 -0.768852 0.057352886 0.09639584 -0.14842747 -0.04956672 0.884116 0.12109563 -0.5366384 -0.8262715 -1.0209223 -0.5106067 -0.13389395 -0.18504779 0.44265103 -0.38418502 0.445265 -1.1754332 0.58873165 1.0853713 0.100115515 1.5579324 0.2545218 -0.23841853 -0.0372222 -0.15719186 -0.6741741 -0.024712725 -0.07694748 -0.4858572 0.39564693
63 1.2792407 0.4971634 0.004812446 -0.54008865 0.9724476 0.45708752 1.0107447 0.10926329 -0.9204054 0.33530882 0.06835184 -0.2336988 0.4670937 1.1144302 0.13780451 0.04572627 -0.29368213 0.25466755 -0.41160023 0.87311834 -0.09646513 0.7485396 0.81210655 -0.3669255 0.7075475 0.5506276 -1.2165331 -0.103622526 -0.45337382 -1.1377652 0.90131617 0.38445505
73 1.3096222 -0.30079785 -0.38916728 0.063159525 -0.26489815 -0.61320335 0.13065167 1.2681682 0.18552561 -0.81943625 -0.5916086 -1.1462346 -0.7064261 -0.14729273 -0.06378198 -0.00019156066 -0.11425847 0.54676247 -0.879621 0.55332106 1.1083496 -0.38632435 2.0675576 -0.2619274 -0.54348767 -0.18898788 0.17505237 -0.31607962 0.26252508 -0.46823347 -0.49282324 0.61653465
77 -0.7692492 -1.3799106 -0.3426212 0.22913514 0.46216482 -0.76303077 0.57326263 0.4392463 -0.3354897 -0.11879325 -0.20149253 -1.115734 0.029611742 0.14329219 -0.28895122 0.6999511 0.054031055 0.29431438 -0.1779694 0.37527847 0.95226043 0.33764532 -0.15201142 1.2350377 0.42700863 -0.22051424 -0.34947023 0.18414478 -0.3724425 -0.04630845 0.5291854 0.5024952
79 0.7552572 -0.39172283 -0.9927237 0.14545555 -0.32784188 -0.25100806 0.6945531 1.0714556 0.73471403 -0.53554785 -0.25442857 -1.217396 -0.5823548 -0.2972907 -0.42524728 -0.12032037 0.32719398 -0.10187106 -1.0577135 1.1417048 0.7752688 0.27376148 1.6021491 0.12708619 0.22544001 -0.2842877 0.81373405 -0.3355254 -0.22432517 0.004218217 -0.48136377 -0.25671014
80 1.048522 -0.53447044 -0.2810862 0.64695555 -0.62869376 -0.54242 0.7386574 1.1776813 -0.568131 -0.5420407 0.39857423 -0.59364206 0.34336945 -0.4943577 0.12153077 0.5108646 1.2782615 0.47431245 -0.669862 0.9642875 -0.35611102 0.67854124 1.2917691 -0.7180932 -0.012736226 -0.014916007 0.37736666 0.12750204 0.14522782 0.33114076 -0.80643135 0.032775257
81 0.47000003 -0.7949149 -0.058125276 -0.21051477 -0.5732019 -0.45122695 0.3647396 0.02016016 0.14237894 0.4777625 0.19406022 -0.1554934 0.31634837 -0.72644234 0.39003545 0.23250115 0.5967506 0.28222227 -0.5732872 0.57422394 0.41366518 1.279623 0.97057414 -1.4987831 0.57331854 0.7162917 0.29538897 1.3858742 0.59598315 -0.34000346 0.1486933 -0.5120318
82 -0.7409471 -0.68246543 -0.33091906 -0.1354559 1.1348262 -0.16923016 -0.31081787 0.6982593 -0.11010347 -0.2556886 0.31132486 -2.0729208 0.12180225 -0.44922712 -0.35981175 0.34698334 0.557296 0.9792223 -0.391829 0.6665395 0.72711146 0.18286602 -0.21526055 0.7232667 0.06682132 -0.41493517 -1.5732577 0.7145496 -0.33642608 -0.42591733 -0.36271927 -0.37241328
85 0.9806772 -0.3657234 -0.0019981219 -0.035678454 -0.6689924 -1.1487426 0.79951286 0.64490986 -0.1836459 -0.17665231 0.2837117 0.017173674 0.39004964 -0.9929818 0.27022034 0.43326837 1.0430409 0.817455 -1.0607104 0.960629 0.09182852 0.6369927 1.0975283 -1.4252602 0.35595143 0.5138665 -0.0777487 0.7137592 0.7396507 0.05502519 -0.47046342 -0.1299766
91 0.84226567 -0.673805 -0.3533744 0.22569588 -0.49690914 -0.660094 0.33654174 1.0353016 -0.24501365 -0.5092242 0.28141034 -0.6373322 -0.34931925 -0.13127248 0.3132005 0.19314054 1.2256997 0.6037733 -0.6983092 1.3428843 -0.35378957 0.3986922 1.4258722 -0.2795342 -0.22880082 -0.37956625 0.7105456 0.2649848 -0.21633677 0.4369881 -0.71189094 -0.05195642
92 -0.7202883 -0.86071795 -0.5692136 -0.1416612 1.0801121 -0.14742734 -0.29567567 0.42376882 -0.18683189 0.06361347 0.36507064 -2.1300633 0.03313326 -0.54244393 -0.5770774 0.0061194855 0.45793554 0.9199278 -0.51473564 0.6660804 0.7275403 0.35287547 -0.21650457 0.6013123 0.44128054 -0.465119 -1.1001277 0.66567266 -0.29020247 -0.39838132 -0.64853424 -0.532036
97 -1.0884569 -0.9027572 -0.29164568 -0.26019382 0.7065796 -0.1279744 -0.0700928 0.600793 -0.18668893 0.04121573 -0.052615527 -1.6347024 0.024318833 -0.35330126 -0.62535214 0.5070085 0.37149617 0.7406595 -0.47082078 0.7180905 0.9826362 0.32609206 -0.24860512 0.80200356 0.40772748 -0.31959885 -0.9627922 0.6784021 -0.41615868 -0.2719992 -0.050840978 -0.0054095476
99 -0.5622688 -0.62886405 -0.70406175 0.21639608 0.62405753 -0.3055901 -0.465812 0.4296875 -0.08583675 0.044666886 0.5246031 -1.4600842 -0.12376057 -0.5676468 -0.111242756 0.10764566 -0.10941672 0.6860177 -1.0643224 0.67285365 0.7940231 0.327557 0.1430817 0.13933262 0.19485404 -0.26014823 -0.9558156 -0.40441594 -0.43298128 0.051078644 -0.531194 0.047749434
103 0.44099864 0.31945366 0.035546947 -0.31508493 -0.7820886 -1.0332332 0.88454485 -1.5241462 -0.6733146 0.5700254 0.91846216 -1.3682704 -0.32532704 0.484261 0.8023523 0.61239976 -0.07444685 -0.226376 0.4969183 -0.1038523 -0.5552542 0.7651717 1.0649581 1.5282762 0.6903275 -0.35472122 -0.9167105 0.4176293 0.1550324 -0.8898155 -1.3897688 0.023757413
104 0.8355078 -0.2795923 0.90181315 0.5087721 -0.8512321 -0.39885515 0.3453466 0.103405245 -1.149394 0.7766403 -0.4882287 -1.57754 0.04889286 0.46984422 -0.1850728 -1.4477931 -0.56473964 1.0170705 -1.4243752 0.5899116 -0.7061603 1.2470173 0.7771789 0.1686907 -0.2190719 0.57348835 -0.5387355 1.6216024 0.018056491 -1.4721562 0.48086965 -0.71519643
142 0.98191404 -0.18761873 -0.08066565 0.5161899 -0.7386788 -0.6640842 0.81107116 0.935613 -0.50649697 -0.38711065 0.50892216 -0.32096374 0.31794307 -0.7687245 0.43146455 0.59505785 1.474952 0.43978631 -0.72784 1.1200773 -0.008154836 0.5419862 0.86010003 -0.99362075 -0.062237587 0.077902555 0.060233362 0.47021934 0.38662547 0.15309484 -0.49168015 -0.16429687
143 0.95624864 -0.49959174 -0.06288367 -0.36830917 -0.4418945 -0.7010023 0.7836115 0.33267182 -0.10042846 0.05071812 -0.033021756 -0.054462556 0.32980677 -1.0800487 0.31904685 0.8400948 0.9910059 0.5807739 -0.8906728 0.90384394 0.06404783 0.8140394 0.9235739 -1.3094096 0.21110392 0.4795174 -0.012178444 1.2370389 0.9092061 -0.1104999 -0.30413705 -0.21159199
147 -0.481116 0.036574863 0.035067815 -0.29450366 0.06682251 -0.8874018 1.271093 -0.16910322 0.7266056 1.1623088 -0.08343282 -0.26466554 0.65000236 -0.27959743 1.2714504 0.039068352 0.74223024 -0.1354724 0.27185684 -0.08498636 0.1233473 0.6995452 1.2886345 0.7715989 1.2125037 -1.7709169 -0.17480703 -0.62359947 0.72639763 -1.2366039 0.041394625 -0.32511342
76 0.720999 -0.63750374 -1.0077475 0.094367996 -0.18817706 -0.15922123 0.50748336 1.012681 0.563982 -0.48157632 -0.0399185 -0.9522673 -0.6117473 -0.18092062 -0.41094002 -0.11045298 0.36599943 0.19439027 -1.0258291 1.3546748 0.58213615 0.32732105 1.6901304 0.08923783 0.3700643 -0.2815108 1.1734287 -0.31107232 -0.06960128 -0.1383223 -0.62266743 -0.17439076
90 0.7141486 -0.7495945 -0.74361247 0.6250679 -0.31646252 -0.19115059 0.7472238 1.1012201 -0.14565858 -0.7150578 0.30288458 -0.9513965 -0.18194284 -0.3562778 -0.1322711 0.16722287 1.2769951 0.6198631 -0.51646 1.1800652 0.03557696 0.41483086 1.5344173 -0.26321712 -0.16394454 -0.26169693 0.763499 0.14447837 -0.010460067 0.04109687 -0.962931 -0.31766182
93 0.9420218 -0.21654972 -1.2151719 0.21333629 -0.19817296 -0.2730466 -0.00783342 1.1773388 0.2449838 -0.28801158 -0.3246344 -0.9797958 -0.006299611 -0.2270598 -0.12246536 0.15166248 -0.09225465 0.21637504 -0.97666454 0.7158333 0.9154611 -0.057125088 0.79780304 0.23090492 0.27616677 0.3010461 -0.019271426 -0.5735394 -0.062681235 -0.46701133 -0.6150416 0.20435669
98 0.86445946 -0.5340936 -0.61064124 0.31820735 -0.50123113 -0.44052252 0.5719081 1.2325046 0.1741626 -0.5968064 0.2501829 -0.9290864 -0.47075287 -0.32623616 0.018389335 0.0077012856 0.9934974 0.21439363 -0.6466562 1.0873435 -0.22114326 0.2623504 1.5491518 -0.17377084 -0.038834702 -0.39477512 0.56827325 -0.082062066 -0.22872335 0.16960165 -0.565458 -0.030204691
57 0.91395396 0.2012581 0.106042065 -0.5029438 0.6386437 0.38124806 0.9062342 -0.24784082 -1.0887312 0.6182205 0.044797212 -0.15057336 0.38639218 1.1806345 0.3031617 -0.20821653 -0.26644516 0.41435906 -0.5594323 1.1898983 -0.22091958 0.68443537 0.68300617 -0.35149792 0.80726564 0.39551234 -0.97311884 -0.68967175 -0.4083352 -1.3474878 0.91095835 0.3782634
72 0.47673935 0.3388437 -0.25868857 -0.6824606 0.62715244 -0.05734818 1.4554797 -0.8311528 -0.24926579 -0.18325946 0.15100887 0.31799614 0.79586434 -0.26683956 -1.382554 -0.1010228 0.6003007 -0.837344 -1.6504794 -0.606077 0.4442951 1.7762332 1.4989965 0.044139158 0.02951646 -0.11121467 -1.5526729 -0.6639747 0.19759914 -0.24754882 -0.07915529 0.9631449
127 0.8331881 -0.024816059 0.9100477 0.23575711 -0.6004784 -0.32751468 0.37019086 0.09129894 -0.9785535 0.60640913 -0.21332929 -1.2481445 -0.04914946 0.5325321 -0.2642575 -1.3406377 -0.30824932 0.5784282 -1.3184701 0.34410733 -0.62416375 1.1584605 0.686809 0.062022943 -0.2563539 0.5086121 -0.8476818 1.2005532 0.050001897 -1.1023124 0.7502471 -0.17390454
42 -0.031188572 0.1483389 0.7036429 -0.40102467 -0.4116697 -0.36250064 0.821008 -0.84019303 -0.685851 0.55978 0.7028187 0.32839262 0.35128054 -0.1409308 -0.36883548 0.45443487 0.37782902 0.32842907 -0.771039 0.35377473 0.5519496 0.34556442 0.91572654 0.6791295 -0.66376376 -0.7297684 -0.59137315 -0.1633692 -0.26997516 -1.586322 -0.6474234 -0.025703538
43 0.2545102 0.13847929 0.38671908 -0.13289376 0.09011117 -0.36560234 0.35295707 -1.1836711 -0.5373237 0.18446283 0.3676315 0.41905218 0.5731094 0.2819331 -0.12663421 0.37949044 0.013683663 0.19811624 -0.743757 -0.14242059 0.27705696 1.1306306 1.8311325 0.82098526 -0.10177555 -0.8385454 0.09843583 0.2476277 -0.7518949 -1.1225502 0.41580743 -0.25553724
44 0.62542343 -0.05003382 0.51657015 -0.5263601 0.346359 0.16045514 0.58530253 -0.35443857 -0.852145 -0.19886048 0.3994376 0.2863994 0.43109494 1.0637581 -0.0119800605 -0.1696263 -0.032359336 -0.038275108 -0.62066156 0.2946025 0.40361476 1.2159927 0.80860275 -0.24638222 0.32166168 -0.2368226 -0.8028322 -0.4767875 -0.38005438 -1.0186895 0.582107 0.239681
45 -0.15331525 -0.057093255 0.3002459 0.7193645 -0.2559034 0.045973923 0.25310832 0.17563085 -0.45549002 0.3472759 0.09859036 -0.7184802 -0.100735575 0.55645174 0.9443358 -0.5352281 0.20532732 0.17134972 -0.43083975 0.2393945 -0.11342611 1.5454682 1.2412078 -0.32256407 -0.22919233 1.2904694 0.090511076 0.5757045 0.43151832 -0.8892678 1.181732 0.28996828
46 -0.12819858 -0.43491033 0.25389388 0.50236326 -0.23280877 -0.8017672 0.4152476 0.09379029 -0.13378355 -0.35600668 -0.5689018 -0.23704989 -0.49908325 -0.14795457 1.1144617 -0.09261527 0.38893875 0.41240588 -0.0670734 0.29113916 0.52629393 1.6044666 0.53892565 -0.5028864 -0.17170557 1.4120015 -0.35111168 0.9154902 1.3975674 -0.89895725 0.58801484 0.51442695
52 0.36372808 -0.39602208 -0.68377435 0.18035865 -0.3915844 -0.3096213 0.14220424 1.0227438 -0.18949549 -0.44262284 -0.4948033 -0.5299599 -0.31263152 -0.18824323 -0.1637702 0.46203372 0.22487935 0.7747696 -0.7461848 1.0619113 0.4728757 -0.23030974 1.3298538 -0.01598421 0.14653121 -0.16610405 0.54964536 -0.64897144 0.12732847 -0.27243716 -0.5665318 0.36074206
69 -0.017704923 -0.41021153 -0.25025374 0.16546305 -0.41128254 -0.5169399 -0.037586242 0.47982615 -0.15841989 -0.65047073 0.083490826 -0.2476359 -0.2713838 -0.48275372 0.7046609 -0.25855938 0.7725358 0.9432812 -0.37729257 1.5501407 -0.6347778 1.1312075 0.9263044 -0.093654536 -0.0029521626 -0.12636536 0.4266681 0.44509354 0.76803994 -0.03404664 -0.14096151 -0.032295965
100 -0.18534392 0.20195393 0.8223353 -0.32749003 0.111518726 -0.27738935 0.9876213 -0.76646155 -1.0098616 0.5604424 0.6859022 0.4993967 0.6341748 0.16419451 -0.60587823 0.28722152 0.30187434 0.34823632 -0.9687235 0.51572365 0.58746165 0.3978715 0.73527116 0.45347798 -0.5595783 -0.59788847 -0.4688777 -0.19816695 -0.27217376 -1.47965 -0.2966763 0.23777872
101 -0.16489978 -0.10194563 0.3752163 0.7533646 -0.31906056 0.0130556645 0.19647165 0.0072962604 -0.53529894 0.4441943 0.011425654 -0.7445391 -0.16980617 0.7016928 0.9082295 -0.63559574 0.2859997 0.19091763 -0.50579953 0.35164124 -0.10034583 1.7599721 1.1876801 -0.3033606 -0.115685806 1.3450208 -0.020623662 0.63608134 0.5196074 -0.91259533 1.2097912 0.3735016
102 -0.23852962 -0.21660937 0.1498702 0.6401012 -0.35773495 -0.08511174 -0.078438774 -0.04079603 -0.38884738 0.45093244 -0.10775282 -0.5101171 -0.2604771 0.41686407 0.87199944 -0.48458064 0.1783913 0.39939064 -0.3898011 0.40574256 0.10212884 1.8415165 1.157217 -0.15784495 -0.0444973 1.2357564 0.32730204 0.7900612 0.48663387 -0.88519794 1.2099386 0.25368086
108 -0.42789832 -0.25833243 0.088080406 0.45073035 -0.27452102 -0.78976405 0.15095642 0.009199661 -0.3303027 -0.48111424 -0.42295605 0.06690682 -0.36938617 0.07803352 0.9110385 0.14913602 0.67488116 0.50251096 0.08924598 0.8575145 0.9414622 1.7548282 0.5737985 -0.81470716 -0.031149387 0.9501089 -0.35886475 1.0960749 0.988901 -0.56358546 0.5486067 0.49090233
125 0.322074 0.017372822 1.1804388 -0.11014773 -0.39752406 -0.5453652 0.99893445 -0.91594553 -0.912027 0.7289678 0.9042558 0.1761858 0.6692027 -0.20245406 -0.11923983 0.48571256 0.41851583 0.28552973 -0.9603171 0.282071 0.8152931 0.18466438 0.86811435 0.6643572 -1.0458165 -0.985726 -0.8040132 -0.09840887 -0.25350836 -1.6958866 -0.7759539 0.1107166
126 0.063487336 0.049204834 0.33232257 0.13005139 0.78768015 0.18726926 0.73128057 -0.26391658 -0.5071022 -0.14185151 0.38602298 -0.34037247 0.24839917 1.3060068 0.6658902 -0.19465311 -0.034219682 0.3109622 -0.5824049 0.5198797 -0.56785035 0.95779145 1.0025508 -0.28939638 -0.527621 0.72959083 -0.49985212 -0.16385107 -0.09006738 -0.9556868 1.0202311 0.32615453
131 -0.28382233 0.6399764 0.5584889 -1.2963344 0.5378312 -0.87256336 -0.53486496 0.5945986 1.2684166 0.19054043 0.40903452 -1.2962468 1.3662217 0.31063235 0.9952317 0.8677972 1.3796675 -0.04465534 -0.116184264 0.4404286 -0.058749747 -0.054957625 1.4405124 0.54002345 0.8708341 -0.7609208 -0.03728239 -0.060124796 0.19992346 -1.1697894 -0.16552037 -0.09734552
138 -0.22769369 0.28410742 0.57257426 -1.357454 0.65213597 -0.6887973 -0.53798157 0.6746622 1.2647191 0.40384275 0.5319176 -1.2718312 1.2951498 0.28938416 1.159291 0.68375486 1.2601796 -0.04191209 -0.06501271 0.3474817 0.13247482 0.10120588 1.3738463 0.7675507 1.0741231 -0.63160884 0.35450342 -0.050523207 0.28975108 -1.2756498 -0.16786371 -0.29238915
139 0.2544332 0.41080165 0.39263937 -0.26923564 -0.18993309 -0.53563946 0.6284128 -1.1279488 -0.020941745 0.24018762 0.3019857 0.21859182 0.714946 -0.26483384 -0.05527835 0.41432953 -0.18781276 0.13840641 -0.8185798 -0.55168474 0.2025101 1.0259749 1.8649282 1.0727705 -0.31368914 -1.0849669 -0.15426345 0.50023353 -0.6454704 -0.9829123 0.4192359 -0.2971194
140 0.17057198 -0.14824644 0.37463567 0.23560801 0.43152282 -0.10230541 0.3813826 -0.118604876 -0.54495263 0.30372456 0.39625144 -0.47563025 0.3019651 1.0842853 0.9569692 -0.37883052 -0.034235805 0.42812675 -0.80698615 0.58243966 -0.5578587 1.1537215 1.1398628 -0.28008512 -0.62134063 1.1631883 -0.09551531 0.23746733 0.08610836 -1.0646144 1.3419828 0.63291967
144 0.20525993 -0.17451088 0.5247537 0.5969625 0.5977362 0.09647954 0.632107 -0.08083494 -0.556317 0.098671794 0.5658584 -0.7617141 0.28425407 0.9805251 0.7833394 -0.59502816 -0.21323588 0.42838916 -0.6825968 0.18990563 -0.6126426 1.130446 1.2057176 -0.3948282 -0.5348469 1.0385995 -0.101040475 0.074859 0.23827289 -1.2087855 1.2246184 0.37788725
145 0.0507725 -0.08159499 0.9781059 -0.5435868 -0.5176403 -0.40853295 0.89872867 -0.7578259 -0.9451416 0.9347631 0.958714 0.36139008 0.43856117 -0.38663745 -0.12082374 0.79099524 0.16951504 0.5041429 -0.82091 0.19270214 0.3550228 0.12060373 0.9211538 0.859732 -0.73610985 -0.77239174 -0.5659317 -0.07745498 0.020442942 -1.7264186 -0.47554505 0.1598964
150 -0.18797295 0.38881382 0.47449 -1.5019007 0.50785804 -0.7019411 0.05425609 0.5506818 0.94299173 0.3903188 0.50426114 -1.3490832 0.7842076 0.04934918 1.0904877 0.7966151 0.49582306 0.03529597 -0.018439852 0.4641484 -0.35015297 -0.34198654 1.0206784 0.8717338 1.1944288 -0.52044123 0.070188925 -0.36717284 0.46539968 -0.85080177 0.06891195 0.37666395
71 0.06487249 0.17068927 -0.04114377 -0.456523 -0.38104025 -0.6368721 0.9400127 -0.78084844 -0.010279379 0.99861544 0.223275 -0.25713754 -0.21961017 -0.10127791 1.056043 0.5265573 0.3757355 -0.21245536 0.620356 -0.14222452 0.053545702 0.60006416 1.2497795 1.0013552 0.41126913 -1.1629529 -0.9136373 -0.017478611 0.084007934 -1.0004878 -0.42010087 -0.11237797
78 0.26001632 -0.74219143 -0.05956467 0.02748071 -0.55885524 -0.6011181 0.9550751 0.12353846 0.06939668 0.040874228 0.05357182 -0.1227116 0.53201145 -0.84832746 0.34614447 0.69001037 0.86190647 0.42953002 -0.62397015 0.6967318 0.1331751 1.0390286 0.68394476 -1.3356957 0.3304032 0.6614994 0.11442572 1.2538586 0.9806847 -0.27470842 -0.006378068 -0.17138237
132 0.9812425 -0.22386797 -0.37749076 0.4004348 -0.04986328 -0.44760838 0.29608795 1.2346367 0.15594916 -0.9874991 -0.47326922 -1.3397343 -0.5612272 -0.05730932 -0.052029807 -0.06560757 -0.21653393 0.6137901 -0.81725794 0.4517364 0.86798847 -0.28688133 1.929286 -0.38856566 -0.45791993 0.053885203 0.10736675 -0.47489002 0.31411332 -0.6116424 -0.61602426 0.40507486
134 0.88193667 -0.22306027 1.0344652 0.4530878 -0.7491514 -0.27814496 0.5435722 0.29791245 -1.1251856 0.6295842 -0.40291056 -1.5586542 -0.055426918 0.49323893 -0.24576202 -1.5086899 -0.59319085 1.1451563 -1.4901879 0.57010835 -0.7745989 1.1378744 0.91365224 0.20132872 -0.27212045 0.44617677 -0.6630871 1.5752817 0.046495024 -1.6449829 0.74877036 -0.6532573
141 0.56714416 -0.30857936 -0.28516632 0.52790856 -0.5363901 -0.5247758 0.78049046 0.97622734 -0.28469598 -0.55013126 0.4645887 -0.31012776 0.18672198 -0.69897765 0.37846813 0.641655 1.6352059 0.42309785 -0.8014083 1.0686867 -0.20033759 0.753954 0.95957816 -1.0471712 -0.18277404 0.02307672 -0.21344812 0.18917501 0.34224138 0.2975971 -0.51920664 -0.044201452
146 -0.3430833 -0.03879762 0.22587739 -0.22819215 0.20461051 -0.8874952 1.5077264 -0.16141075 1.0591296 0.78819394 -0.103933536 -0.5347845 0.70539737 -0.38850418 1.1312857 -0.10194603 0.7468608 -0.50932556 0.16120498 -0.33623412 0.008226359 0.64438534 1.2217622 0.7303504 1.15399 -1.7516106 -0.35080478 -0.82334435 0.78296196 -1.1724463 0.047324136 -0.026853744
88 0.86014414 -0.20769693 -0.1195273 0.17960048 -0.41902596 -0.41909072 0.23496008 1.1028394 -0.14791714 -0.82799673 -0.26696113 -0.88092 -0.4197366 -0.21239185 0.07921822 0.0747965 0.69942325 0.4882615 -0.807522 0.99643105 0.12190898 -0.16712667 1.3663219 -0.16150805 -0.528744 -0.11888649 0.2805313 0.041309964 0.4556376 -0.009290018 -0.5845606 0.3387118
96 -0.1779027 0.07740069 -0.007165445 -0.27286488 0.16979824 -0.56899 0.7720103 -0.3814042 0.19529346 1.3985579 0.23780346 0.11294847 -0.19600098 -0.7168227 1.6507742 0.31322652 0.90157413 -0.18002638 0.59182715 -0.003448455 0.6899477 0.54576063 1.7653121 0.86119765 0.41630492 -1.6430583 -1.1477407 -0.5922272 0.022163639 -1.7651597 -0.31558487 -0.063274294
75 -0.25894934 0.19868162 -0.016198868 -0.05550535 0.05801965 -0.6476486 0.7004402 -0.25846398 0.5024385 0.99871093 0.16760921 -0.12989376 -0.021939583 -0.5059214 1.7012494 0.4617157 1.1565179 -0.12047573 0.6820184 0.08783661 0.5449274 0.28333023 1.7476269 0.5488987 0.13521966 -1.6688046 -1.1332297 -0.69368577 -0.077516414 -1.525549 -0.17176598 0.08124154
148 -0.30876356 0.009437372 0.32413927 -0.4958779 0.44984615 -0.9800894 0.9587918 0.11746083 0.74443483 0.64073867 0.2642855 -0.5382198 0.8704612 -0.1144502 1.2167382 0.21904717 0.9431156 -0.4819275 0.22943085 -0.16016503 -0.13025922 0.35347557 1.0997441 0.50328207 1.0984991 -1.0261319 0.40296334 -0.5671571 0.7994991 -0.640982 0.1007141 0.41089088
62 0.48430383 0.83453023 0.04235545 -0.5246542 0.2659697 -0.77321994 0.531958 -0.6225976 0.018700656 0.31180567 0.5594333 -1.0003237 0.7677932 0.11059414 1.166295 0.5693665 0.424727 -0.34152025 0.46534625 -0.3556068 0.3019402 0.51042193 0.8667982 1.0163184 0.8686969 -0.6031517 -0.20125975 0.5155618 0.69010687 -0.67759275 -0.8432107 0.41057462
106 0.17476942 1.0636812 0.23670417 -0.3256944 0.8521876 -1.0273341 0.41231716 -0.59542966 0.0940068 0.16145673 0.9585784 -1.2988404 1.5864824 0.12766707 1.2668964 0.5611323 0.5267417 -0.2368975 0.22008246 -0.29114392 0.726608 0.6276081 0.80060196 0.65049917 1.0051326 -0.22068183 0.6018865 0.835919 0.98377293 -0.9802708 -0.76983035 0.8706712
53 0.2709501 1.1325868 0.29285032 -0.40804645 1.1224365 -1.0976958 0.31784412 -0.16636932 0.4685645 -0.2860248 0.77029675 -1.5133135 1.6336296 0.09058299 1.3854429 0.5681568 0.67814887 -0.32826337 0.20780914 -0.2893497 0.8971674 0.4821054 0.77334255 0.51189303 1.0598365 -0.1692756 0.37097648 0.612865 1.370054 -0.8478733 -0.7024494 1.070172
65 -0.7674031 -0.032537017 0.99195975 -1.2228603 0.35914585 -1.6021713 0.36131516 0.08583911 0.4874712 0.38170895 1.1741983 -1.5127456 0.1484387 0.1450891 1.3600758 0.7840905 0.83560514 -0.29428 -0.023849064 0.6092829 -0.56157154 -0.5863438 0.883023 0.9773045 1.2933893 -0.40452296 0.4641397 -0.7302419 0.6546655 -0.56376207 0.42400613 1.0008804
130 0.52339053 0.9314103 0.39552274 -0.5057265 1.0692292 -1.1403102 0.47969666 -0.45230523 0.32610157 -0.09775101 0.9391702 -1.2842203 1.618728 -0.056527723 1.3346924 0.36437947 0.3536356 -0.2642949 0.021178028 -0.5014911 0.75607806 0.54542994 0.65327144 0.6505747 0.82867676 -0.29184505 0.28919107 0.81243116 1.4062988 -0.98376465 -0.78281045 0.8729024
149 0.17219114 0.64939433 0.18707275 -1.5672138 0.6323501 -0.3269401 0.46747643 0.6048895 1.1328825 0.5767977 0.19386356 -1.3430662 1.1896085 -0.3632636 0.89700574 0.47921333 0.29263347 0.15410875 0.03437845 0.29341578 -0.22295865 -0.12466973 1.1588432 0.57550216 1.4077717 -0.8272381 0.12176034 0.061483167 0.5439726 -1.1836851 0.19951946 0.45534113
47 -0.834842 -0.35284114 1.2551824 -1.3932881 0.43041033 -1.5348823 0.67398995 0.17946957 0.11660096 0.6495332 1.569533 -1.6623318 -0.0439767 0.17079605 1.2991134 0.72472143 1.1553081 -0.2352595 0.13002399 1.0031898 -0.5574377 -0.8612258 0.8336549 1.0315596 1.4734156 -0.82007134 0.5337762 -0.8706172 0.477053 -0.5861847 0.68166447 1.2689056
152 -0.9085577 -0.1446516 1.0015329 -1.469076 0.3312065 -1.6232964 0.26151326 0.09938585 0.30075118 0.41648147 1.3420792 -1.6599331 -0.27495596 0.3453827 1.2384917 0.6717073 1.1234316 -0.29919523 0.15892556 1.0525476 -0.68841803 -0.70016503 1.046991 1.122145 1.3282244 -0.5288842 0.32441893 -0.7988769 0.4608849 -0.41263598 0.6527176 1.4203142
66 0.11518541 0.7924449 0.23959328 -1.9128225 0.7177348 -0.3239404 0.5150652 0.7120375 1.1435211 0.7974806 0.093852185 -1.2396579 1.2113724 -0.45946097 0.969628 0.5884248 0.21595731 0.4393959 0.12198973 0.64097136 0.07189679 -0.41911688 1.2597601 0.56629705 1.5892649 -0.76103306 0.20978776 0.10522277 0.48217383 -1.6690215 0.4012491 0.63528526
67 1.0490556 0.048001368 0.51618046 -0.6511206 -0.2761859 -0.68833417 -0.36688352 0.16618669 -0.43857938 0.64081424 0.7608338 -0.71354854 -0.66658026 0.45700383 0.58941376 -1.0897225 0.33340397 -0.26182833 -0.7390325 0.37130308 -0.029621078 0.9036065 0.94292253 -0.235569 -0.195382 0.7805639 -0.84664476 0.42814845 -0.38368934 -0.3477606 1.5665628 0.5076682
68 0.12386875 0.1575073 0.48652437 -0.4694495 0.1102146 0.11676814 0.6384799 -0.6684589 -0.5636684 0.19717659 1.1258379 0.30005652 -0.08259856 0.46665317 -0.7180958 -0.0031630993 0.734487 -0.2657586 -0.26498714 0.3508303 1.1395644 0.64126915 0.8861151 0.45100978 -0.003246621 0.42614117 -0.4153956 -0.15980108 -0.20005573 -1.6003064 -0.16162919 0.3973695
70 0.7239401 -0.25428128 0.35464332 -0.6445775 0.8862163 -0.09474377 -0.10595557 -0.23653555 -0.6679481 0.42772752 0.75854075 -0.16032161 0.17814496 1.0525799 -0.043493956 -0.70944935 0.5643431 -0.019200435 -0.4504729 0.55010736 0.32206887 0.84303147 1.061036 -0.24407591 0.0034776228 0.50553656 -0.8481129 -0.042792723 -0.62417406 -0.96873635 0.8193186 0.41055444
107 0.30344343 0.01109894 0.7033904 -0.700381 -0.13238804 -0.0011084583 0.7365721 -0.76838267 -0.29264277 0.0784614 1.1048355 0.07852298 -0.21820356 0.18349469 -0.676641 0.07091401 0.65019685 -0.41586217 -0.42888865 -0.007820445 0.95484287 0.54251915 1.1733139 0.39032328 -0.1741638 0.16641785 -0.68405104 -0.19298343 -0.22409695 -1.6139319 -0.2660125 0.2846378
109 1.2932869 -0.02354423 0.6717635 -0.8093373 0.07195973 0.063158646 -0.076408654 0.6405147 -0.32261878 0.41306058 0.68415636 -0.81938195 -0.6154263 0.36940235 0.41839984 -1.0544529 0.29966474 -0.288117 -0.7983391 0.36240068 0.016272714 1.0540156 0.8690886 -0.045707196 -0.42302123 0.56352484 -0.9389047 0.39483184 -0.40956795 -0.4039771 1.6070304 0.42632973
110 0.78050613 0.056929037 0.73058814 -1.0931354 -0.50048596 -0.24697216 1.0336181 -0.8464392 -0.11975183 0.420243 0.664679 0.06619354 -0.35189313 -0.6017059 -0.13303807 0.20177844 -0.112218484 0.055823434 -0.15497482 -0.35276198 0.6206453 0.50836116 1.2655548 1.1250184 -0.39678612 -0.63678646 -0.70687795 0.3618624 0.08291047 -1.475134 -0.08765449 -0.0437067
111 -0.04631334 0.11609097 0.6363712 -0.40817413 0.024072923 0.013069911 0.70195043 -0.75847125 -0.37818807 0.30774453 1.0286591 0.2613296 -0.067279644 0.27082944 -0.80258316 -0.20741357 0.63708884 -0.25131214 -0.44664484 0.39913416 0.83259505 0.5659856 1.0249863 0.59207094 0.079520166 0.35768604 -0.60329944 -0.40119067 0.02309259 -1.7664816 -0.46450102 0.27560556
112 0.53487724 -0.30597687 0.2988546 -0.43488562 0.61704075 0.3199342 0.42288527 -0.2736728 -0.7471924 0.58971196 1.2339439 0.109869026 0.06390856 0.53572255 -0.59605217 -0.27931094 0.88291365 -0.16024838 -0.22848627 0.3274288 0.6537971 0.63022083 1.0050424 0.3546956 -0.018468877 0.81946903 -0.4981203 -0.1417552 -0.53450525 -1.3969272 0.18192945 0.3477852
113 0.41709933 -0.13660842 0.6204873 -0.513936 0.49142572 0.17718983 0.17888807 -0.033993024 -0.8766968 0.27105495 1.2597586 0.09020095 0.0390391 0.7782081 -0.39639357 -0.3610167 0.914382 -0.122623354 -0.29146424 0.3202448 0.39308512 0.76718 1.0142751 0.4504278 -0.0354646 0.76314616 -0.5152043 -0.4158729 -0.5074346 -1.1426249 0.18396515 0.5549887
114 0.10187013 0.14949681 0.80054003 -0.35146108 -0.15092903 0.0024549325 0.973528 -0.89201295 -0.2423919 0.08031715 1.0144637 0.15836447 -0.2529993 0.30569038 -0.7267885 0.08110068 0.7289999 -0.4596887 -0.34538364 0.327545 1.0528785 0.46081057 1.1166544 0.53007954 0.14107491 0.5899135 -0.622085 -0.35342437 0.014122697 -1.8188235 -0.33211467 0.36734432
115 0.22111817 0.11306785 0.82861775 -0.8262888 -0.35072964 0.24410723 0.9328917 -0.97204816 -0.037769083 0.19532964 1.0657794 -0.047316026 -0.49379045 -0.19585624 -0.58650553 -0.035486635 0.54861486 -0.42887515 -0.4957915 0.21791337 0.99084276 0.57360816 1.3189956 0.80348486 0.16596913 -0.055171087 -0.33838475 -0.24349597 0.11729141 -1.6030381 -0.41018072 0.009883053
116 0.7650124 -0.40816623 0.5953146 -1.0771205 0.39192918 -0.0074093365 -0.31169888 0.1580294 -0.45803422 0.5596144 0.81036067 -0.29908776 -0.15248682 1.1261635 0.22223593 -0.6281949 0.3673779 -0.13574271 -0.70055175 0.62917536 -0.06846602 1.0322838 1.0316136 0.071725965 -0.19936773 0.77792305 -0.6965477 0.2894213 -0.8039591 -0.8438017 0.9568709 0.3821518
117 0.7754185 -0.30047587 0.5195162 -0.62619764 0.764176 0.08092564 -0.14424835 0.14735323 -0.69661766 0.44087613 1.2005357 -0.083960466 0.1131297 0.80935913 -0.22746626 -0.6498014 0.83215 -0.0187289 -0.4408667 0.54058564 0.18111387 0.92925197 1.1810049 0.12679039 0.13036704 0.6957991 -0.6644096 -0.17130277 -0.59719956 -0.9047979 0.94525546 0.22983575
118 0.24129367 -0.24249923 0.7502283 -0.76630586 -0.41760325 -0.22303179 0.5670784 -0.9043271 0.029813206 0.406856 0.84980506 0.07347368 -0.26065832 -0.25829053 -0.25969744 0.2508083 0.15025766 -0.13882422 -0.12833035 -0.28155 0.63805634 0.28842637 1.2783225 0.76914805 0.16116877 -0.02745315 -0.44570193 -0.13049954 0.12648663 -1.4980217 -0.40709496 -0.043569434
119 0.4967779 -0.3826583 0.3336983 -0.62808865 0.90848565 0.29195634 -0.17893991 -0.24227864 -0.5674512 0.5125591 1.1372354 -0.19143414 0.14663602 1.0293055 -0.16326512 -0.5153034 0.6165334 -0.20953177 -0.5422138 0.6090653 0.2628754 1.0268005 1.1562328 0.18556423 -0.13524371 0.49970275 -0.6278008 -0.14932564 -0.7933011 -1.1293848 0.81820905 0.036416247
120 0.4382462 -0.064241216 0.8388826 -0.6376557 -0.41028225 -0.117631115 1.251808 -0.8772433 -0.112858415 0.20675312 0.63975775 -0.16684341 -0.4142306 -0.49951684 -0.33229545 -0.07184935 0.11885717 -0.002195175 -0.05283572 -0.34819928 0.6557777 0.36812 1.2441188 1.0157647 -0.25030103 -0.38623375 -0.5714158 0.04187386 0.11372664 -1.8140153 -0.3812052 -0.02083348
121 0.26156184 -0.14791887 0.4863713 -0.47428176 0.20690744 0.20231192 0.877905 -0.6151329 -0.42954963 0.043436516 1.2067692 0.07239023 -0.1538146 0.4465921 -0.8993582 -0.130555 0.7108488 -0.17481019 -0.19258069 0.1574202 0.7914513 0.44274068 1.1277044 0.23873208 0.3164001 0.43767965 -0.48816192 -0.21494752 -0.12483747 -1.6940365 -0.14692332 0.22935866
122 0.24358714 -0.15437622 0.5231734 -0.52812505 -0.2445196 -0.18784887 0.86643857 -0.7395598 0.07336105 0.19838499 1.239717 0.24867065 -0.25849596 -0.053581513 -0.6954029 -0.058297552 0.50661814 -0.5138376 -0.3467081 0.1304067 0.94643676 0.4894665 1.088825 0.654246 0.03399851 0.3714085 -0.4488033 -0.19275065 0.13119695 -1.8894123 -0.6227902 0.1611765
123 0.567215 -0.35806563 0.3837897 -0.6984268 0.8672327 0.32785234 -0.13052163 0.0060990076 -0.5744623 0.568554 1.0357765 -0.1523678 0.2143 0.96822864 -0.05875396 -0.63441867 0.8480324 0.0059444103 -0.42217195 0.67128676 0.3055348 1.063222 1.1169589 -0.03900491 -0.048674878 0.8510018 -0.56030416 -0.16975115 -0.6494409 -1.1758792 0.8109367 0.28618455
124 0.5742925 -0.5139911 0.5213609 -0.649552 0.78048694 0.21491304 -0.120854646 0.018337937 -0.624085 0.62104464 0.8955662 -0.036656484 0.23826186 0.9218769 -0.06028433 -0.43653718 0.8328263 0.0012277444 -0.37502217 0.5151659 0.22668299 0.8066315 1.176297 0.24302758 -0.16617021 0.9499536 -0.62748474 -0.006824148 -0.7523074 -1.2189142 0.7462954 0.21179798
151 0.35291913 0.70682514 0.23056822 -2.105729 0.78714556 -0.36740944 0.6717968 0.82065535 1.2375351 0.60922664 0.14192745 -1.3770374 1.1796219 -0.61878264 0.59654206 0.3708287 0.2832685 0.11130319 -0.114017814 0.35115835 -0.104867585 -0.32882375 1.0844414 0.6877129 1.6206188 -0.7479677 -0.007834927 0.17038341 0.56950307 -1.19613 0.38492116 0.7447589
129 -0.20926946 0.50687146 0.32676604 -0.8201604 0.11980394 -0.65286493 0.05793409 -0.100997046 0.7409011 0.46289238 0.080021836 -0.59947675 1.1379681 -0.006494755 0.96295613 0.59433085 0.38895434 0.009714509 -0.0069708778 -0.02469974 0.34683743 0.22884183 1.0718564 0.828577 0.81054056 -1.1167097 0.3201664 0.15790547 0.1581003 -1.2613221 -0.09559839 0.0033809622
