1 0.50782555 0.71356344 0.59132445 0.43207967 -0.33006498 -0.5596352 0.31099012 -0.0034896994 0.60157347 -0.20540686 -0.026325712 -0.8444043 -0.38059533 -0.69433016 0.45270833 0.24235417 0.22880633 0.018333048 -0.006887291 0.9894867 0.5724041 0.34937423 1.2701892 0.11278492 0.30405566 0.4477678 -0.65330917 0.18021175 0.20286441 0.041705452 0.34441024 -0.05410554
2 0.6395538 1.1914607 0.7353504 0.44447747 -0.44156948 -0.51515925 0.044020597 -0.52023464 0.32067925 -0.09510659 0.14284603 -0.70592064 -0.12640907 -0.75129545 0.5021875 0.5238629 0.28797084 0.017350806 0.1212369 1.064219 0.6301177 0.34340233 1.5419419 0.50758505 0.35281232 0.88493943 -0.6827939 0.6049636 0.29850876 -0.11765709 0.5654636 -0.15214397
3 -0.026191972 -0.24343024 0.47717232 -0.07148195 -1.0939925 0.44483504 0.023643 -0.42345604 -0.057622522 0.2407467 0.71852094 0.53064007 0.62023497 -0.97017086 0.39241967 -1.1705991 -1.0786525 0.8956642 0.024809407 0.56058717 0.6209881 0.06918339 0.5128334 -0.0065434803 -0.502594 0.29002622 -0.53594977 -0.77180064 -0.17789643 -0.59092635 0.54021347 -0.69913924
4 -0.080641165 -0.039969705 0.39067772 0.28016216 0.12105949 -0.20650592 1.5659883 -0.9485622 0.7713452 0.01598244 -0.14775285 -0.19312146 -0.08130512 -1.0614713 0.70306784 0.48729712 -0.26553878 0.0029078396 -0.5559792 -0.18419622 -0.20858903 1.0490772 0.61146796 1.0909082 -0.11455155 0.5039469 -0.14793488 1.2673936 0.47187805 0.36626652 0.6607976 -0.61852753
5 -0.58020955 -1.6645384 -0.052658163 0.21832053 -0.02029631 0.62019217 1.0093828 -0.108084135 0.5193393 0.5374503 0.44180462 0.10283771 0.70561045 -0.13311149 -1.051341 -0.3840384 1.2671857 0.16923578 -0.8774436 0.9106458 0.3530266 1.0931346 0.8971858 0.88997847 -1.0095826 1.1559814 -1.0154458 0.6581539 0.43173075 -0.30345243 -0.27295986 0.7766898
6 0.23429914 0.41023946 0.51342666 0.5050037 -0.5818452 -0.41059977 0.4545026 0.7937439 0.7167037 -0.40966913 0.83026236 -1.2913128 -0.6950904 -0.45367548 0.24494271 -0.035363205 -0.12838107 -0.32645705 -0.4409671 0.9338844 1.0195117 0.17032947 1.4801306 0.18727723 0.8142546 0.19686392 -0.5947458 0.18434224 0.08006761 -0.3822276 0.6952171 0.11770046
7 0.26416194 0.06646391 0.69410604 0.40464506 -0.3606694 -0.28488278 1.2742486 -0.8110318 0.9583045 0.099031836 -0.3730189 -0.22997601 -0.3022821 -1.1135359 0.59938484 0.64235836 -0.11861763 -0.120873556 -0.34572342 -0.19810191 -0.35498503 0.9379313 0.90553784 1.2136338 -0.05067373 0.62499505 -0.0742042 0.9592413 0.22872888 0.33043072 0.5183484 -0.67946327
8 -0.58366406 -1.035875 0.094107464 -0.15868717 0.32351774 -0.89874315 -0.27698055 -0.17348698 -1.0847595 0.7140214 0.56853354 -0.88546497 0.08506692 -0.38754117 0.10545823 -0.12182641 -0.05534315 0.5088297 0.40645292 -0.5555002 0.09541658 0.5375029 1.1817435 0.3473595 0.7604771 0.4950525 -0.74972445 0.050763283 -0.8874707 -0.698055 -0.6022487 0.15818013
9 0.56818557 0.8591372 0.7249728 0.22975232 -0.45638537 -0.6853268 0.315926 -0.035260398 0.7036794 -0.06931679 0.17580333 -0.9912672 -0.18043935 -0.504235 0.5537072 0.18987265 0.091743596 0.1782655 0.052278966 0.8154759 0.6066361 0.18312939 1.5654635 0.05045344 0.34341335 0.4054559 -0.4492932 0.35647056 0.28635287 -0.25497147 0.58913785 -0.11951602
10 0.13197805 0.037341427 0.40885425 0.06653218 -0.62210196 -0.65768105 0.35832748 0.6504251 0.6626848 -0.6997367 0.24473435 -0.86031306 -0.87496966 -0.5491367 0.4527403 -0.13242234 -0.20367336 -0.5214901 -0.5512233 1.3584851 0.70184433 0.29056135 1.6202431 -0.100592 0.7815262 0.29291382 -0.56443536 0.20258449 -0.01601453 -0.45914716 0.40014026 0.31467736
11 0.041024543 -0.26027828 0.36712503 0.17558211 -0.6371593 -0.63266045 0.33290341 1.0460256 0.5525319 -0.72573113 0.365956 -1.2253886 -0.729332 -0.6012194 0.69824666 -0.16774651 -0.5247044 -0.5652253 -0.7858835 1.4963659 0.64917475 0.023040777 1.4364587 0.053120382 0.92599523 0.3685764 -0.5140283 0.5189518 -0.10422066 -0.7181082 0.18204041 0.28967378
12 0.21199585 0.10892586 0.7182598 0.035422187 -0.7978433 -1.1416813 0.62579554 0.8475311 0.55673134 -0.78856444 0.21163955 -1.6527836 -0.4411318 -0.39770642 0.501455 -0.59248346 -0.5561069 -0.104782626 -0.77269 0.7953534 1.1097283 -0.037095733 1.5594394 -0.17965555 0.85639614 0.5255927 -0.39263523 0.073282264 0.30161777 -0.35210705 0.60007054 0.09257606
13 -0.5989111 -1.4622836 -0.113766275 -0.19059183 0.01670158 -0.50848633 -0.47805175 0.117543615 -0.90014726 0.3943743 0.30952096 -0.8164446 0.107393354 -0.50068635 0.2742602 -0.24772476 -0.03690979 0.5941139 0.378651 -0.9169417 0.023033742 1.044727 1.2467855 0.36557534 1.1211618 0.40176478 -1.028687 -0.116731845 -0.84689903 -0.471491 -0.5893214 0.14647362
14 0.56797415 1.1233959 0.6289388 0.6155137 -0.5922064 -0.2703527 0.24976568 -0.58874947 0.3425601 -0.06442139 -0.08255692 -0.667204 -0.29704487 -0.9019596 0.35053557 0.6367776 0.22281899 0.20864272 0.04215161 1.0276374 0.5781017 0.41609567 1.4675905 0.53782177 0.39148572 0.8659043 -0.5418492 0.7147361 0.32822055 -0.27587074 0.2783655 -0.32097718
15 0.51731086 1.1930312 0.77863085 0.50030655 -0.24110484 -0.36049607 0.43976605 -0.027005194 0.42136356 -0.07709317 0.40597263 -0.8909342 -0.33744016 -0.7184965 0.6226301 0.5422772 -0.07990942 -0.12522636 0.063986324 1.1451507 0.7625211 0.23277009 1.4172378 0.23206943 0.2595863 0.64047307 -0.62385476 0.5150716 0.13634567 -0.5184226 0.19506323 -0.0687534
16 -0.92512 -0.9608863 -0.044891793 -0.1103067 0.4780534 -0.36538327 -0.4380603 0.035542678 -0.50413877 0.9168809 0.24729265 -0.37421933 0.2639092 -0.2235248 0.55309516 0.14240606 0.199078 1.0560045 0.14994104 -0.5513918 0.13474588 0.5042089 1.0185131 0.06118317 0.23772793 0.18457428 -1.1907449 0.077601984 -0.668297 -0.62148476 -0.2869729 -0.06313734
17 0.1787636 -0.087184176 0.44959375 0.27213696 -0.26958117 -0.46371853 1.4129462 -0.7224179 0.9299197 0.010751891 -0.62696016 -0.035673987 -0.21357074 -1.2217687 0.4585531 0.52108544 -0.42199227 -0.11098242 -0.22240226 -0.35625818 -0.17167494 1.0688306 0.6626908 1.026428 -0.05329339 0.66906834 -0.059612133 0.9453403 0.20715754 0.30474132 0.5653422 -0.37371504
18 -0.53600955 -0.8212917 -0.0488916 -0.45134497 0.74641895 -0.8936685 -0.70619595 -0.003486838 -0.28676957 0.8420844 0.2931196 -0.7324982 0.525246 -0.6464 -0.11029548 0.1572636 0.5914942 0.70420843 -0.41659275 -0.44915476 0.6437195 0.80429727 0.65485424 0.13446102 0.48364833 0.4425524 -0.90279 0.22063269 -0.7898098 -0.2925912 -0.14381924 -0.20175163
19 -0.5618506 -1.260285 -0.15665784 -0.16368751 0.1966307 -0.63892055 -0.6401135 0.14750408 -0.94787955 0.7595824 -0.021596884 -0.78449047 0.10101156 -0.33863243 0.11309961 -0.008575344 0.45783687 0.88625866 0.028259235 -0.66718924 0.2796921 0.9569964 1.2330449 0.17433715 0.817614 0.44436705 -1.1403921 0.055502817 -0.89364254 -0.46063775 -0.37913868 -0.017881077
20 -0.7824423 -1.6558214 0.15589628 0.7218386 0.3850316 0.56835663 0.91061544 0.009136166 0.6153721 1.0405674 0.17728661 -0.105220206 0.80040926 0.26151028 -0.5433613 -0.3296176 1.489776 -0.1512525 -0.6557998 0.8797022 0.8617001 0.8404608 0.49992502 1.1185962 -0.8526785 1.0332137 -0.8913382 0.43229282 0.63949454 -0.75712943 0.7612472 0.561469
21 -0.6084964 -1.0462223 0.15390654 -0.3478287 -0.017308408 -0.6367491 -0.087150015 -0.066930614 -0.96539706 0.62086093 0.6676388 -0.6461838 -0.12408859 0.10768165 0.047298726 -0.20516616 -0.012381317 0.15516965 0.60593945 -0.80305636 0.1680144 0.5393655 1.2327989 0.53179854 0.9328322 0.6873931 -0.7944652 0.021248955 -0.7324989 -0.6460483 -0.60301185 0.40933198
22 0.65275615 1.1874546 0.79554015 0.43588516 -0.4279625 -0.42981747 0.37259173 -0.066195935 0.3981361 -0.01407012 0.5275389 -0.82329607 -0.32528725 -0.5159926 0.5930365 0.5126242 0.14366621 -0.2591872 0.1273617 1.1259322 0.77369416 0.3800868 1.5935763 0.21303594 0.29719624 0.597886 -0.50065297 0.4055773 0.2330581 -0.49841538 0.5650146 0.0636874
23 0.048933037 -0.2849135 0.39773995 0.1683802 -0.7774045 -0.4537953 0.26042953 1.0919315 0.5821977 -0.6017614 0.3649207 -1.2282751 -0.7606096 -0.4393572 0.63479984 -0.09727087 -0.36352554 -0.64514315 -0.8521847 1.363251 0.42036927 0.0918882 1.4669822 0.016784498 1.0124718 0.15588427 -0.70403284 0.39961177 0.032233197 -0.63283134 0.6380486 0.09179251
24 -0.58416617 -1.5969893 -0.3106657 0.49852693 0.080432996 0.6287539 0.8131196 0.042447075 0.3763291 0.69517684 0.35468745 0.060420632 0.72807866 -0.22999682 -0.7376754 -0.31980282 1.0025721 0.046019714 -0.91231275 1.2042593 0.6576192 0.96332043 0.57157737 0.9326902 -1.0993406 1.3382097 -0.75997764 0.8376068 0.5610214 -0.24686693 -0.3306106 0.49382493
25 0.12446213 1.0762682 0.6122946 0.6259021 -0.50018317 -0.27183685 0.38920408 0.48742557 0.38354674 -0.43114918 0.72459906 -0.95340884 -0.7709779 -0.5328485 0.050063375 0.23958974 0.0605371 0.16119967 -0.116590716 0.9616488 1.1931752 0.34721974 1.4534508 0.16421834 0.43089807 0.24607529 -0.61143 0.564977 0.3112027 -0.6641377 0.680963 0.28268027
26 0.14307955 0.38286686 0.44091773 0.22043769 -0.7545493 -1.1758616 0.6075507 0.3815417 0.5394608 -1.204026 0.14118513 -1.5469265 -0.44729275 -0.32757717 0.29308012 -0.6616451 -0.39378124 0.22341484 -0.678953 0.62730956 1.1114174 0.037980366 1.4979978 -0.16481087 0.9313459 0.73476857 -0.56187564 0.2009182 0.30142972 -0.2910645 0.61560065 0.12733877
27 -0.039238505 -0.017453812 0.3600526 0.29697704 -0.72595185 -0.61892194 0.23213945 0.97687954 0.6905003 -0.72287756 0.3765979 -1.1636347 -0.7425819 -0.5379754 0.57420343 -0.34237745 -0.2060456 -0.6776202 -0.68982947 1.490252 0.5094727 0.19231686 1.5597116 -0.08038143 0.833141 0.40747195 -0.5456351 0.37518036 -0.067473315 -0.41409108 0.23491603 -0.041157782
28 -0.36634427 -0.98576045 0.10294875 -0.31768805 0.5274744 -0.8022972 -0.58380055 0.5608284 -0.12728061 0.67543006 0.018634146 -0.7815731 0.44407496 9.754846e-05 -0.06524003 0.23544513 0.7238735 0.5406747 -0.7294067 -0.42456725 0.43538445 0.5464529 0.6395118 0.35662237 0.059887253 0.8570024 -0.83106786 -0.023825409 -0.6799529 -0.08831957 0.0095294295 -0.5717057
29 -0.5481789 -1.2289977 0.49407783 -0.34938067 0.2892667 -0.19218192 1.2181696 -0.038912345 0.07120218 -0.26057133 -0.02304547 -0.17332499 0.7595162 0.10158274 0.21365944 0.23146655 0.7683563 0.0004444394 -1.4013407 0.3914897 0.5598599 0.5192972 0.2329899 0.18738842 -1.1702286 1.3515942 -0.5318482 0.17518425 -0.45531827 -0.68798 -0.060820702 -0.7033742
30 0.27573386 0.3162969 -0.9677922 -0.53825355 -0.50640744 0.6902211 0.41984168 -0.722403 -1.084613 0.25714213 0.16244626 -0.8082808 -0.5554615 -0.6092165 0.09158784 -0.3965278 -0.2488979 -0.83422107 -0.21642905 -0.03903703 1.0248692 0.6513637 0.34873712 0.049169987 -0.65433836 -0.021191292 -1.0375262 0.051708657 -0.6499355 -0.7277415 -0.19945747 1.1476768
31 -0.69798744 -1.1955836 -0.018779112 -0.40328467 0.48870337 -0.8085971 -0.402789 0.026066743 -0.55512494 0.9138012 0.44246882 -0.43983847 0.013561792 -0.31705076 0.11873197 0.086339995 0.21866348 0.7501676 0.27266574 -0.4042699 0.32523215 0.5409644 1.3523402 -0.02852475 0.5567005 0.38074976 -1.0095649 0.22955161 -1.2790405 -0.6448126 -0.49853894 0.0583439
32 -0.76881504 -1.2012782 -0.081671804 -0.1733932 0.07586172 -0.50990665 -0.58131427 0.24162354 -0.6049034 0.95877844 0.2359717 -0.77308714 0.015752506 -0.4433056 0.46855 0.008478538 0.3203015 0.81347275 0.3273393 -0.7521842 0.08386172 0.83698934 1.009953 0.27109155 0.63107526 0.2829287 -0.8755126 -0.11524684 -0.9310648 -0.2362307 -0.29439998 -0.10744079
33 -0.8021643 -0.95771134 0.30177462 0.12746976 0.080107436 0.12939113 0.9406325 -0.25593656 0.37852496 0.040062156 0.12949923 -0.13433999 0.899135 0.09035724 0.06333521 -0.37931284 0.70309067 -0.065675505 -0.68530905 0.41979063 0.30090076 0.9078751 0.10741863 0.22133964 -0.8321732 0.85686904 -0.061686847 0.7825495 0.15199606 -0.49894574 0.81220806 0.12172159
34 -0.7050848 -0.92467153 0.10657243 -0.24462765 0.57978463 -1.0572965 -0.7123551 -0.24133964 -0.5894306 0.7557682 0.17049271 -1.0390091 0.56383294 -0.21993245 0.03971124 0.039539106 0.5948241 0.84766483 -0.4789378 -0.5600282 0.44609952 0.6165498 0.8284021 0.033698067 0.69215804 0.62813705 -1.0129691 0.003496123 -0.71950495 -0.49706498 -0.039593372 -0.03147785
35 -0.014615322 0.3461799 0.50322324 0.21566412 -0.6930147 -0.37015235 0.44798166 0.9334138 0.8864651 -0.54755574 0.56948185 -1.1886818 -0.67166084 -0.32672507 0.68007046 -0.23939891 -0.27253225 -0.42979088 -0.37876445 1.3618485 0.5336553 0.3184559 1.4735968 -0.04467696 0.83844614 0.31072798 -0.5113329 0.35698685 0.1892218 -0.6421982 0.14484584 0.15629102
36 -0.4897531 -1.4660311 -0.12705113 -0.24232714 -0.02207259 -0.4898266 -0.41632226 0.09110096 -0.93319046 0.7973177 0.18496573 -0.7011147 -0.06461314 -0.6148992 0.2993009 -0.065112144 0.17324682 0.51889473 0.36457956 -0.7372798 0.1912942 0.8887569 1.1342224 0.4655302 1.07183 0.3108153 -0.7099746 0.067519434 -0.62224835 -0.4638524 -0.49739468 0.09649902
37 -0.8027434 -1.4083508 0.24385688 0.6709024 0.23795253 0.69501346 0.92635113 -0.21101871 0.74413663 1.0949336 0.2064033 -0.17899798 1.1018327 0.13954255 -0.58984315 -0.345435 1.6003003 0.044372603 -0.40053856 0.9992794 0.6295947 1.02033 0.6913897 1.160493 -0.988841 1.16097 -0.9817918 0.46938396 0.7452246 -0.4204194 0.482 0.84508437
38 -0.0618388 0.029290088 -0.63310295 0.40441486 -0.6805019 0.8389977 0.33470285 -0.37168604 -1.242518 0.9182698 0.15336771 -0.5699372 -0.15642813 -1.0166138 -0.074529804 -0.78698856 -0.9389826 -0.825556 -0.3537037 0.9184852 0.98331696 -0.07095954 0.43671203 -0.2594588 -1.5538938 0.24796543 -0.84116626 -0.016074274 -0.99379754 -0.8017112 -0.38755828 1.1414274
39 -1.0277294 -1.0328364 0.17433847 -0.07460205 0.060027663 -0.596017 0.7935525 -0.22587772 0.49874347 0.11956427 -0.14334925 -0.21662018 1.0571266 -0.00982113 0.34491575 -0.9742144 0.49601704 0.10910207 -0.3833107 0.3267847 0.20410277 1.1372331 0.40764543 0.069964446 -0.925987 1.0794773 0.3646622 1.3123195 0.5442223 -0.56980747 0.6431343 0.37139046
40 0.5765248 0.46476576 0.65639913 0.21826026 -0.5180009 -0.69966424 0.4583588 -0.40406463 0.22327305 0.62317014 -0.8683912 -0.5068906 -0.47711694 -0.76768875 0.86100644 0.33847117 0.22891992 0.009574108 -0.031105861 0.4130673 0.43926176 0.8566751 1.1916734 0.35578442 0.56593597 0.80308366 -0.25828415 0.38247582 0.82080054 0.1850717 0.7742095 -0.57358134
41 0.6589979 1.0092704 0.56741977 0.5902576 -0.5180875 -0.5516634 0.27936736 -0.62161094 0.4046456 0.1520176 -0.30186468 -0.4452566 -0.16518822 -1.0351151 0.3271543 0.70141566 -0.18086536 0.0038600988 -0.056847535 0.847409 0.4683538 0.44535983 1.2129569 0.5863863 0.30596626 1.280683 -0.4135617 0.9924955 0.26080292 -0.23162337 0.17153955 -0.4260313
54 0.59161806 0.33663592 0.5929206 0.25788385 -0.35928938 -0.51275384 0.57015127 -0.6344843 0.388751 0.10363588 -0.7599196 -0.26436839 -0.6177841 -1.2615745 0.80165184 0.4374248 0.1673673 0.042122737 0.17196004 0.7600285 0.25617677 0.7086585 1.115885 0.17002776 0.29838076 0.5081924 -0.5232507 0.736909 0.5050574 -0.024210306 0.4009277 -0.515884
55 0.056173883 0.20594208 0.52762103 0.09308829 -0.48794752 -0.6105965 0.36959743 0.61431015 0.36750877 -0.4624791 -0.019207736 -0.9566557 -0.61789215 -0.4015679 0.69219136 -0.06760381 -0.029410321 -0.5465104 -0.33542514 1.5096893 0.43698213 0.5849991 1.1394333 -0.26937526 0.5897688 0.31986094 -0.39374325 0.28146267 0.1543337 -0.4240114 0.54671884 0.14598037
58 0.12296927 -0.13142008 0.472485 0.1855342 -0.6732981 -0.47411513 0.39629713 1.0449302 0.6897372 -0.7253207 0.21632223 -1.0852699 -0.87073916 -0.6104448 0.45228347 -0.034485914 -0.37102464 -0.3644348 -0.43625614 1.2607276 0.61622703 0.36157918 1.4643834 -0.09564332 0.7375961 0.27052173 -0.61512417 0.42019358 0.038286254 -0.40356505 0.4360416 0.24862783
59 0.20604923 0.27017522 0.38541913 0.11407952 -0.6709159 -0.57895255 0.2913444 0.89609694 0.29692715 -0.58966976 -0.008130496 -1.0876092 -0.72628605 -0.61398107 0.5653953 0.006771674 -0.18322983 -0.50789493 -0.3959259 1.3268595 0.54400235 0.48630562 1.20597 -0.21385539 0.5294793 0.35774443 -0.63611245 0.38498765 0.171345 -0.24390157 0.34315023 0.09814537
60 0.4781607 0.4042764 0.48491946 0.29725292 -0.50469226 -0.8607448 0.08621841 -0.56539065 0.2848245 0.43507302 -1.0328019 -0.12697646 -0.592382 -1.1091448 0.91285723 0.33859792 0.056329925 -0.26112878 0.053467542 0.39290747 0.046028066 0.47217375 1.1762689 0.5377414 0.3693707 0.74918926 -0.552686 0.8416806 0.6978317 -0.5970404 0.37584865 -0.30256566
61 0.9323082 0.94896793 0.81281316 0.32766074 -0.40356293 -0.44119516 0.12884004 -0.57495886 0.42076656 0.21758913 -0.27082753 -0.45979887 -0.14042898 -1.1332129 0.6227967 0.5928501 0.14376266 0.008620582 0.07112333 0.9170545 0.585225 0.30359215 1.3258038 0.47779962 0.19466051 0.9093242 -0.6253471 0.78703636 0.32134134 -0.37794414 0.40758508 -0.25141576
74 0.72206014 0.8758815 0.66535264 0.18489866 -0.74762386 -1.0747836 0.07337644 -0.34272859 1.1102183 0.6938409 -0.93344223 0.08273484 -0.37421596 -1.5926257 1.2894343 0.4212413 0.08007017 -0.36732978 -0.29186693 0.31080836 0.08219501 0.4240946 0.99924076 0.534629 -0.1316593 0.98046225 -0.6372592 1.0724536 0.1291648 -0.8649488 1.0162022 -0.58980787
83 -0.66148764 -0.92690957 -0.19760333 0.37919214 -0.23040278 -0.64250886 1.3619905 -0.70427316 0.16328697 -0.4179977 -0.1523849 -0.19777927 0.48415792 -0.043504898 0.40956938 0.10448579 0.44874936 -0.6482627 -0.9150799 0.44798285 0.42012292 0.6259048 0.030451607 0.52618825 -0.7034895 1.5364465 -0.16230252 0.5562397 -0.06376307 -0.1856109 0.9442035 -1.0193884
84 0.34935862 0.2883697 0.5334674 0.03821924 -0.84020054 -1.1419694 0.6561454 0.46428588 0.5519388 -0.89609736 0.25786427 -1.7060219 -0.4881623 -0.50005937 0.44918436 -0.73623234 -0.3491603 -0.04254238 -0.584594 0.7555146 1.0939319 -0.04525632 1.5352011 -0.16783169 0.7504994 0.5252207 -0.35323772 -0.0053300164 0.34271225 -0.12909494 0.42803687 -0.19177864
86 -0.4820334 -0.7326365 0.116780736 0.4723752 -0.05467564 -0.35621884 1.2670935 -0.69030523 0.3248398 -0.36586657 -0.45169783 -0.38350284 0.42736152 -0.59388816 0.4801634 0.07653381 0.18960552 -0.5591993 -0.49093473 0.19295332 0.18258564 0.9078504 0.011366822 0.38206857 -0.25591314 1.2028611 0.083778515 0.6934234 -0.064702846 0.32809523 0.98424464 -0.78802234
94 0.5831381 0.58554083 0.3910106 0.16722022 -0.84932834 -0.7473939 0.07746956 -0.21575367 0.8702952 0.6517277 -0.83526623 -0.068141244 -0.36016104 -1.4895972 0.78075653 0.63056827 -0.038558386 -0.454301 -0.39427242 0.4894682 -0.009793308 0.27256832 0.7611372 0.7534209 0.20423084 0.84076625 -0.850083 1.1627216 0.49015078 -0.78086877 0.99156487 -0.55197114
95 -0.7936203 -0.7966922 -0.15990824 0.35741964 -0.095846176 -0.43927482 1.2722235 -0.5219571 0.5079327 -0.49035922 -0.22404817 -0.10321926 0.4152214 -0.28377154 0.39022836 0.08807814 0.35987574 -0.6018613 -0.99220765 0.41847065 0.41514686 0.9324304 0.01610922 0.4330872 -0.7331762 1.5745287 -0.15684505 0.6547196 -0.20195498 0.097160585 1.0503128 -0.9416303
105 -0.43009138 -0.90817356 0.9276481 -0.6679641 0.7108642 -0.15000588 1.1464235 0.027415281 0.35807666 0.04038578 0.06682648 -0.1563809 0.9992984 0.008200572 0.23785493 0.40998995 0.7878331 0.25490358 -1.4608777 -0.13869116 0.4136114 0.67801005 0.4009706 0.0009171617 -1.2193104 1.228728 -0.9102261 0.018080018 -1.0156169 -0.76971626 -0.019772345 -0.42862877
128 -0.9592128 -0.6020362 -0.2740096 0.042802025 0.046058208 -0.44656616 1.0872265 -0.47362596 0.37545273 -0.45848656 -0.19415018 0.12324699 0.45305365 0.2029057 0.34672305 0.04891134 0.42749172 -0.28395605 -0.9724772 0.39110914 0.6639613 0.8365537 -0.01690643 0.1901368 -0.8537944 1.6368036 -0.34414428 0.56910074 -0.107215196 -0.30409744 0.61874574 -0.6529114
135 -0.34101894 -0.09929067 -1.1508865 -0.95463187 0.11245516 -0.114101835 0.8581463 -1.1425066 -1.1430275 -0.3936483 0.9467842 -1.4796906 -0.8894282 -0.10812466 0.34109586 -0.4418215 0.04265389 0.2949667 0.52884257 -0.57170576 1.1728861 1.09423 0.22065577 0.36667088 0.3931548 0.16245207 -1.2421964 -0.09640594 -0.49788144 -0.90483457 -0.52870226 0.4032531
136 -0.5879946 -0.59475255 -0.093864724 0.5108507 -0.1283333 -0.22890666 1.0366539 -0.8910958 0.23837996 -0.31676173 0.07715977 -0.49552792 0.8203442 -0.4429123 0.4280099 -0.20669381 0.6446564 -0.26734734 -0.45683774 0.49976414 0.14319165 0.8929826 0.17571068 0.38779 -0.6336466 1.2608528 0.10439317 0.7759551 0.06775441 0.31838796 0.86231905 -0.78690004
137 -0.38149944 0.2837999 -0.037290793 0.43690732 -0.8780757 0.35888502 0.5026929 -0.2742386 0.1607441 0.9643295 0.7337762 0.5149031 0.01932759 -1.1903063 -0.45029402 -1.4413295 -1.2131279 0.303453 0.14446782 0.1767577 1.0491138 0.2124161 1.1621798 -0.2210441 -0.8922093 0.3854507 -0.43782935 -0.75606257 -0.33853847 -0.23328313 -0.04523411 -0.49331975
50 -1.2413094 -1.1624054 0.2872174 0.06576074 -0.034153495 -0.30101535 0.66311926 0.21520868 0.23311388 0.6911083 -0.16153252 -0.35577634 0.8534459 0.4330809 0.24716343 -0.8595155 0.9516125 0.0041838586 -0.33343673 0.37109816 0.20968418 0.94088686 0.3051728 0.2597114 -0.8112122 1.1308637 0.21833803 0.955269 0.63914204 -0.79225653 0.458731 0.14059688
51 0.4473383 0.5922259 0.43745336 0.16941877 -0.5739551 -0.75632495 0.15823375 -0.4355567 0.533412 0.50446516 -0.9279425 -0.20619224 -0.37238955 -1.1411873 0.66535383 0.6161348 -0.047607306 -0.39475042 -0.0682981 0.54876196 0.122043416 0.32664546 0.81175864 0.7058881 0.26214638 1.0095692 -0.6667499 0.98040384 0.52617127 -0.38696605 0.6454687 -0.61604726
56 0.11576725 0.03287421 0.4813423 0.2645232 -0.84617 -0.46856523 0.3994875 1.0889852 0.49766788 -0.5600334 0.2078504 -1.3203261 -0.7054165 -0.27730525 0.5658348 -0.32941735 -0.4174202 -0.5064017 -0.62726974 1.0877093 0.57978153 0.097315155 1.6226193 -0.021171954 0.77956265 0.44198874 -0.5535799 0.3042747 0.26480073 -0.4913492 0.32665822 0.11748098
63 -1.0606955 -0.35836825 -0.24270989 -0.24357875 0.2640875 0.57530504 -0.66833043 -0.19598217 0.6077701 1.4691097 0.35990438 -0.8670185 0.05415701 0.073632374 0.756773 0.29195467 0.6988007 0.74683553 -0.42466748 -0.5541584 -0.43814957 0.12688154 0.4338887 0.40455848 0.47337797 0.42297322 -1.833897 0.35183242 -1.2932158 -1.4551483 0.17899346 -1.0825652
64 -0.21505357 -0.86455023 -0.030115671 0.6723253 -0.40787226 -0.49971697 1.0242846 -0.6114468 0.35364702 0.0054369955 -0.16432393 -0.4597092 0.6663614 -0.46524975 0.3732955 -0.080397986 0.40053153 -0.57414293 -0.25203955 0.28703463 0.14742886 1.3894576 0.1361507 0.4027464 -0.42012116 1.4940742 0.40142488 0.621568 -0.09616906 0.20780626 0.9867713 -1.2470483
73 -0.4209267 -1.1171848 -0.064764366 0.58417183 -0.12918726 -0.32206988 1.0389234 -0.630086 0.39522138 -0.13689843 0.05515214 -0.48221362 0.7529649 -0.5907681 0.47510558 -0.24207759 0.49753612 -0.6818214 -0.50938535 0.22630109 0.24571283 1.0627259 0.01425802 0.35794687 -0.41849756 1.2037814 0.19610605 0.74073434 -0.0042566992 0.07224591 0.9894035 -1.297051
77 0.2608314 0.20998734 0.43511105 0.09723711 -0.5763576 -0.98934036 0.27333266 0.4550571 0.7671953 -0.8280212 0.43686 -1.260669 -0.53449744 -0.49264124 0.48174772 -0.35334924 -0.15356386 -0.19654076 -0.39791766 1.1742917 0.84234065 0.030699184 1.4676487 -0.043704435 0.7153173 0.40376177 -0.43868652 0.22024934 -0.067427985 -0.4032696 0.49330017 0.2292571
80 -0.33816528 -1.1678814 0.56372035 -0.6770043 0.14951672 -0.34974298 0.9698121 0.11558786 0.07035928 0.0011274294 0.21078745 -0.34225014 0.9853452 -0.27969941 0.060198218 0.1902517 0.7499131 0.25814596 -1.1463833 -0.02881493 0.2101747 1.0003277 0.1802046 0.34383383 -1.3561357 0.96247774 -0.44836217 0.28668773 -0.53704774 -0.6412375 0.02303567 -0.47200066
81 -0.4496544 -1.2614125 0.8615296 -0.6279047 0.35371912 -0.15904313 1.0648562 0.14489093 0.05978493 -0.16826172 0.03472925 -0.18821838 1.0558143 0.025321921 0.1553894 0.16453002 0.9219079 0.18743774 -1.4803089 0.22403635 0.49040142 0.9340027 0.46946368 0.008887744 -1.3084527 1.1854929 -0.6845603 0.10691049 -0.6166655 -0.85897386 -0.1860654 -0.40550923
89 0.30286703 0.45595312 0.3347398 0.36724457 -0.43022278 -1.1378536 -0.08143194 -0.44703135 0.23002951 0.20608337 -1.2050724 -0.3553806 -1.0095074 -0.81838167 1.4026384 0.10895507 0.35285127 -0.063903145 0.47947755 0.7650891 0.14719273 0.557468 1.1486397 0.52837133 -0.016219454 0.78703123 -0.7145945 0.49354464 1.1586901 -0.9450771 0.3347281 -0.52181745
92 0.08703635 0.5322767 0.21772116 -0.057549007 -0.44911915 -1.1025627 0.64113814 -0.44754526 0.122875586 0.014448589 -0.88271606 -0.67469776 -0.7526035 -0.8408571 1.0171641 0.5707162 0.19189557 0.13795748 0.19714326 1.1209276 0.009404799 0.729932 1.2615638 -0.43773127 0.088689335 0.27214566 -0.9815629 0.22201023 0.5963027 -0.33231166 0.42996928 0.14234832
97 0.23078911 0.56458133 0.34693825 -0.1476772 -0.6696822 -1.0896543 0.6612867 -0.36578003 0.2074899 -0.17260022 -0.89210725 -0.57262355 -0.75778437 -0.6669203 0.703013 0.4616527 0.2879804 0.09319586 0.19028623 0.90818745 -0.028759472 0.6790207 1.474466 -0.380615 0.0016514704 0.42425463 -0.9829337 0.16057977 0.6421154 -0.3976001 0.30340508 -0.117974654
99 0.17445362 0.17101702 0.31812328 -0.3854726 -0.43812695 -1.3577993 0.79432714 -0.5746849 0.19325978 -0.09267741 -0.7792098 -0.49047998 -0.63839865 -0.8915316 0.99531835 0.6265894 0.233046 0.20000419 0.16503057 1.1736089 -0.057960343 0.7729207 1.619092 -0.27122217 0.1356529 0.17108527 -0.8731851 0.24275096 0.8350201 -0.3818857 0.64910966 0.07772001
103 -1.2743658 0.033026874 -1.0266784 1.0968896 -1.026799 0.19317758 0.3234659 -0.8931449 0.0022982492 1.1168495 0.12346184 -0.081658274 -1.0679585 -1.0193334 -0.1083633 -1.7656114 -0.38066643 -1.4522207 -0.056013826 0.018111536 0.9270501 -0.5852077 0.8776225 -0.5541116 -0.65412617 0.7963622 -0.78383446 -0.6439823 -0.8102017 -0.21259594 0.19717272 -0.46074516
104 -0.06853519 -0.00044230052 -0.874792 -0.779174 -0.08562493 0.30851167 0.8212413 -1.0342981 -1.243077 -0.14219788 0.7925255 -1.0366377 -0.8107027 -0.2125585 -0.0035799502 -0.5114159 -0.07457154 -0.15626797 -0.035361625 -0.56845313 0.88408756 1.0733281 0.31102777 0.5907016 0.09477155 -0.11478893 -0.9474732 0.094178714 -0.68767506 -0.8071503 -0.39942762 0.7188036
133 0.3901985 0.37587446 0.45584714 0.36572176 -0.51276326 -1.243391 -0.10501597 -0.84653133 0.1350207 0.12917513 -1.2360542 -0.41195846 -0.8414019 -0.9960075 1.4901068 0.13547567 0.30016327 -0.208483 0.3665088 0.6173103 0.049052175 0.46555066 0.9747402 0.56758416 0.118324205 0.74940556 -0.63003 0.5875646 1.0211724 -1.1167792 0.5337986 -0.6357726
142 -1.1138949 -0.21554299 -0.066548586 -0.25054124 0.48098236 0.4586617 -0.6467863 -0.36107466 0.93756914 1.3706585 0.5634335 -1.3537631 0.3077691 0.19560957 0.8945511 0.3378821 0.8580827 0.88073933 -0.6134552 -0.4982989 -0.39431748 0.10074594 0.42507273 0.68682986 0.22777878 0.73731583 -1.8873869 0.2267464 -1.3744682 -1.1805949 -0.0490209 -1.3143554
143 -0.85199046 -0.36312696 0.072930045 -0.40443847 0.40016973 0.5365047 -0.51495266 -0.07893728 0.7451403 1.401381 0.5302624 -0.8636435 0.22810484 0.10531931 0.68482316 0.431504 0.8492904 0.6543738 -0.44627666 -0.6469468 -0.39057782 0.13822103 0.46776113 0.68686223 0.2763751 0.41446286 -1.9708048 0.24569799 -1.1613853 -1.1933619 0.42315635 -1.0058004
147 -0.035072293 0.24369437 0.10988825 0.49659923 -0.8863345 0.26840934 0.5433241 -0.2134554 0.15436949 1.2343043 0.95325863 0.7765865 0.14306653 -1.3638963 -0.24100891 -1.3792086 -1.4195715 0.5401235 0.2301905 0.15318069 1.249644 0.25944492 1.3839643 -0.2761277 -0.99966437 0.53563434 -0.34755278 -0.6918028 -0.38271278 -0.44463733 -0.1469667 -0.5728901
57 -0.85923344 -0.48619485 -0.11420981 -0.19577341 0.6673873 0.04943853 -0.3603124 -0.26628527 0.09614877 1.0914778 0.32200438 -0.37498778 0.32660857 -0.040581416 1.2588358 0.25326696 -0.23934646 0.869507 0.13910833 -0.6393994 -0.2460948 0.36469007 0.7763988 -0.23010336 0.32635796 0.07076283 -1.1840947 0.6159503 -1.1766826 -0.85055697 0.031986427 0.09421945
72 -0.31204224 0.30986822 0.18306865 0.752201 -0.9641904 0.43657616 0.6030216 -0.2627423 0.1383207 1.1897721 0.6139051 0.3652973 0.041791547 -1.4602557 -0.43001312 -1.0658164 -1.0876331 0.5166253 0.20478274 0.2469622 0.867567 0.45316765 0.9276342 -0.39918634 -0.82496995 0.08581371 -0.5981882 -0.90831274 -0.48127928 -0.68820584 0.3980481 -0.43212152
127 -0.123452075 -0.5241285 -1.2188705 -1.2616848 -0.080724224 -0.08423101 1.1542526 -1.1968975 -1.0460479 -0.4404134 1.0429468 -1.4607931 -1.0267416 -0.33774725 0.2541731 -0.5254521 0.089058496 0.1712459 0.7506883 -0.4778398 1.1873696 1.2936465 0.35102352 0.3811193 0.4277035 -0.14469951 -1.2464147 -0.22800513 -0.52482975 -0.9708968 -0.63586223 0.4027478
43 -0.22065601 -0.40377596 0.22032894 -0.27262363 0.09785445 -0.07047277 0.28933373 -0.28439185 -1.0146029 0.4088801 0.8806079 -0.423388 -0.022317367 0.22305283 0.02626226 -0.20816328 -0.34076056 -0.2499469 0.5181464 -0.7008687 0.43388227 0.40185237 0.9297969 0.78419906 0.66587645 0.7425256 -0.62690115 -0.18330742 -0.48815057 -0.35635722 -0.3994256 0.5793165
44 -0.67619157 -0.8616954 0.5719001 -0.36959052 -0.112591736 0.32294697 0.21065876 0.61738354 -0.6953796 0.06258827 0.4017665 -0.38398883 -0.5453701 -0.17934488 0.9289084 -0.069518045 0.23555732 0.40623868 1.2082802 -0.61178017 -0.17498179 0.72862345 0.534064 0.0710808 0.22275802 0.18871321 -0.9580149 0.4498344 -0.882997 -0.8820293 -0.46239662 0.025325086
45 -0.6995436 -0.4345903 0.37782285 0.22063795 -0.1934529 0.48911884 0.045975797 0.84942985 -1.1857129 0.36570624 0.785322 -0.8594326 -0.9192292 0.30596676 1.0823084 -0.9841303 0.21662387 0.1993443 1.4940101 -0.7504 0.47181752 1.3348098 0.0913256 0.4656578 0.8217832 0.9806218 -0.82097715 0.8567152 -0.16989489 -0.97597414 -0.6341753 -0.17890216
46 -0.73322374 -1.059315 0.22300136 -0.15594365 0.373569 -0.0054072007 -0.24744785 0.40775996 -0.35986987 0.47162628 0.0016797041 -0.2755845 -0.16929734 -0.61052036 0.57636094 0.54775107 0.4723133 0.5889016 0.55165 -0.41076058 0.018875744 0.76284975 0.50327206 -0.27053598 0.056793887 0.093868285 -1.297138 0.22962527 -1.3838884 -0.40045956 -0.0039410735 -0.34059092
100 -0.44348198 0.48048425 -0.34878987 -1.1176375 -0.9758014 0.5512982 -0.30923337 -0.54774874 -0.77256054 0.7455343 -0.009404794 -0.48473674 -0.42619175 -0.07333177 0.21563311 -0.92539316 -0.42590594 -0.92082393 -0.5390857 -0.8143792 0.033401553 0.82852703 1.3491145 0.5424089 -0.7472353 0.5446188 -0.86084163 0.3376473 -0.9940081 0.21976276 0.55047506 1.0875565
101 -1.0216784 -0.5591615 0.3468131 0.057419267 -0.13753858 0.7206103 0.011640324 0.85634595 -1.0954734 0.20454702 0.8026452 -1.2969601 -0.5635185 0.022177014 1.1207972 -0.64556 0.16415551 0.006078261 1.8624972 -0.86208767 0.4874924 1.1141998 0.46218526 0.76046103 0.79636467 0.85833776 -0.70530844 0.7708757 0.1540476 -1.1015469 -0.65107465 -0.22540438
102 -0.9794885 -1.0156944 0.05746708 -0.24042018 0.09298427 -0.05711373 -0.25248104 0.6217687 -0.6189768 0.5446242 0.27898026 -0.43476728 -0.38428584 -0.4807125 0.8151114 0.21008739 0.3317142 0.40108678 1.2698153 -0.6232995 -0.03602577 0.5923739 0.6863019 -0.31598297 0.07501937 0.03380251 -0.9379257 0.48429325 -1.4100724 -0.76157767 0.23480615 -0.37620375
125 -0.43865404 0.62160414 -0.36848176 -0.7131827 -0.9230909 0.30095467 -0.13022617 -0.6005241 -0.5290947 0.7354501 0.14911222 -0.56187135 -0.6108285 -0.28767216 0.1751823 -0.9852772 -0.45354763 -0.83982676 -0.23966499 -0.44742885 0.011296029 0.5041055 1.0407717 0.58512735 -0.97595125 0.43139294 -0.6180568 0.16618192 -0.9774866 0.11544944 0.2660277 0.9524074
126 -0.4755035 0.69945014 -0.36738893 -0.92187214 -1.2015299 0.5367669 -0.30843002 -0.71458 -0.6623877 0.7376029 0.2013637 -0.39868048 -0.38973427 -0.30673876 -0.15818284 -1.0480946 -0.391272 -0.95914644 -0.53185105 -0.6717664 -0.09806625 0.68379414 1.3369973 0.73204565 -0.95501685 0.45438543 -0.8306049 0.22468387 -0.8664853 0.37793997 0.62690777 0.9125727
131 -0.97383326 -0.16469173 0.5994173 -0.0258459 -1.0472198 1.1434169 -0.22733365 0.09912081 0.8591406 0.18629135 -0.3324452 0.8163876 -0.038367886 -0.8742813 0.50632733 -2.0345342 -1.5648909 0.5028699 -1.0120726 0.075100854 0.32559535 0.42364094 0.19222027 0.0876735 -0.32985705 0.50614446 -1.2635823 -0.06912538 -0.35089073 -1.2487395 1.188039 0.10411202
138 -0.96240073 -0.32050768 0.9714293 -0.22513373 -1.1697246 0.73545694 -0.27480093 0.07107767 0.8729287 0.34171203 -0.37399736 0.5286894 0.275491 -0.54957265 0.44642928 -2.0104 -1.7832782 0.64017886 -1.0384318 0.23290303 0.08137594 0.22178656 0.10727197 0.2548314 -0.7622519 0.6915122 -1.230115 -0.26089832 -0.5062714 -1.1912265 1.2086135 0.03551605
139 0.0045115147 0.019422999 -0.56203926 0.29530087 -0.61492413 0.95473015 0.26523104 -0.17124954 -1.3665438 0.8993819 0.24508724 -0.97630346 -0.380533 -0.87448686 -0.09651321 -0.68817395 -0.66365397 -1.267196 -0.7168954 0.6514774 0.9907217 -0.12451555 0.34153834 0.050963603 -1.4161859 0.061459806 -1.0826085 -0.017688181 -0.92261183 -0.68315953 0.19501792 1.1271127
140 -0.24470653 0.6453042 -0.16016206 -1.1372851 -0.82784617 0.4936163 -0.2722972 -0.48437303 -0.9671848 0.5247656 0.4914418 -0.5901663 -0.19331607 -0.002540438 0.3531691 -0.87581956 -0.34866637 -0.6840278 -0.29503268 -0.84310144 0.41141975 0.6976789 1.1635873 0.71273285 -0.59366673 0.61238116 -0.61850125 0.23193309 -1.0374731 0.1152494 0.5381558 0.9957914
144 -0.2206441 0.5594048 -0.23487516 -0.91330874 -1.1101797 0.56849635 -0.45149547 -0.35305357 -1.0512984 0.92510927 0.20341755 -0.9356923 -0.53826386 -0.07877458 0.3188099 -1.050572 -0.23006499 -0.7988312 -0.17088015 -0.6368279 0.22893044 0.9276597 1.1376464 0.73242384 -0.7723704 0.5226961 -0.5836243 0.22493191 -0.9629873 0.44953564 0.60384846 0.87980676
145 -0.5645536 0.74623317 -0.22884636 -1.1492332 -0.9586703 0.50871694 -0.3086866 -0.7423061 -0.6398804 0.8096468 0.17684469 -0.52585715 -0.45311382 -0.112609304 0.24099149 -1.1185753 -0.4859323 -0.84107244 -0.19553852 -0.72749716 0.018829197 0.8934975 1.5177519 0.64159775 -1.0468673 0.79331136 -0.5752501 0.45886943 -1.2025615 0.43673345 0.36810467 1.0621446
150 -0.34702963 -0.6712307 0.57616496 -0.44562033 -1.1492609 0.61386365 -0.17993203 -0.47590643 0.19195858 0.07208369 0.10596238 0.12048945 0.48794863 -0.6075062 0.5906778 -1.710352 -1.1629564 1.1055065 -0.46988502 0.37974426 0.58127815 0.42093122 -0.039041493 0.43504807 -0.28654832 0.24173763 -0.723591 -0.740166 0.06369694 -0.8898319 0.7896794 -0.34873345
71 -1.1718535 0.5978488 -0.7365148 1.0311751 -0.99818724 -0.076514676 0.37228745 -1.2524495 -0.051809657 0.7867933 0.04951498 -0.124775976 -0.78889674 -0.89961255 -0.13248602 -1.9606438 -0.49896643 -0.9745415 -0.022391576 0.009689426 0.8600098 -0.5115849 0.9000545 -0.4344923 -0.43667114 0.9776865 -0.62794244 -0.7509502 -0.7852287 -0.18643244 -0.016840074 -0.44970644
76 -0.21930239 -1.0478365 -0.013940159 0.6332165 -0.2069303 -0.22731535 1.139391 -0.7210478 0.4434373 0.10412317 -0.04044304 -0.43182743 0.66752064 -0.97518045 0.39029938 0.040799547 0.4541171 -0.7074902 -0.43228158 0.417866 0.0018358253 1.1348336 0.0143584255 0.39726666 -0.39734346 1.0990697 0.22798796 0.77775294 -0.10400509 0.21606524 1.0843996 -1.130252
79 -0.10227683 -1.434816 -0.21313478 -0.23861764 -0.37848118 -0.29318658 0.8543028 -0.16220385 0.12533276 -0.074911885 0.4755409 -0.34939718 1.261835 -0.1900847 -0.0653367 -0.29253566 0.5286848 -0.06533106 -0.6624689 0.19784439 -0.09277077 1.549407 0.20094742 0.25848624 -0.99200886 0.65301156 -0.16649993 0.90684366 0.41815382 -0.785961 0.5546245 -0.7385359
82 0.4207364 -0.16323702 0.024876427 -0.6168301 -0.42432183 -0.93827766 1.4177976 -1.0154066 0.3400498 0.8155559 -0.7256925 -0.6150235 -0.54987884 -1.1632859 1.0081333 0.58972925 -0.38057134 0.4891017 -0.23590891 0.85999465 0.47413412 1.2644532 0.71420103 0.20528938 0.58670956 0.12141337 0.14911982 -0.02670655 0.8207728 0.27197886 0.549856 -0.5631078
90 -0.19493909 -1.3469591 -0.18879001 -0.007585149 -0.38659674 -0.42734084 0.9225508 -0.3752439 0.5785188 -0.10381589 0.50151277 -0.58490556 1.0524174 -0.3569645 0.112596355 -0.3598783 0.5811121 -0.25189787 -0.3456427 0.23303139 -0.016392333 1.4857403 0.11326974 0.2911757 -0.67918897 0.75797 0.14738895 0.6910764 0.143395 -0.25804543 0.7203638 -0.988038
91 -0.7675913 -0.24664073 0.18258126 -0.362914 0.78407484 0.082927935 -0.59337723 -0.10661615 0.49637267 0.7562555 0.26766604 -0.9907805 0.20304269 -0.1973967 0.2961107 0.15171759 0.82148707 0.5337393 -0.48374283 -0.63888097 0.06790999 0.34775797 0.28696924 0.20016207 -0.009606895 0.7031969 -1.3830345 0.26638624 -1.3562258 -0.45411864 -0.014502641 -0.79190266
93 -0.042871844 -0.4668846 -0.08208563 -0.67118883 -0.43749842 -0.5485269 1.71368 -0.92539483 0.30539638 0.7442815 -1.0570782 -0.63099843 -0.52121854 -0.8366804 1.0469804 0.7721511 -0.5264454 0.4967868 -0.31262317 0.8627627 0.44579536 1.5246644 0.37939966 0.0076749586 0.5780751 0.36059412 0.27080294 0.10315363 0.735385 0.41309845 0.84622335 -0.17816076
98 -0.25256276 -1.2058899 -0.24103856 -0.08883696 -0.42217866 -0.36948776 0.6973142 -0.24105851 0.41000083 -0.065592214 0.70090014 -0.40989494 1.2725565 -0.46050328 0.046442416 -0.33661085 0.6455873 -0.024303857 -0.5349744 0.50711924 0.13233459 1.3743311 0.019473806 0.4649949 -0.89593065 0.6965463 0.123657584 0.85892254 0.18664035 -0.52192503 0.59440273 -0.90195805
132 -0.4402813 -0.8811144 -0.31966147 0.6204712 -0.38091135 -0.5067617 0.79312974 -0.29377797 0.45876363 -0.13299017 0.11323728 -0.43036076 0.61252594 -0.597992 0.30450252 -0.13841382 0.56427425 -0.6716212 -0.6542197 0.33976752 0.20381814 1.2623624 0.18438731 0.46704277 -0.61173815 1.5454818 0.26756737 0.968324 0.0682131 0.3025484 0.9016025 -1.3737712
134 -0.71395874 -0.50913143 0.36870617 -0.7115219 0.52653575 0.017587194 -0.13449581 0.14804032 0.34561977 0.760699 0.35113302 -0.9666395 0.50175494 0.08038987 0.30465102 0.5432173 0.7041677 0.34424758 -1.052948 -0.2946972 -0.12811682 0.17739451 0.24924183 0.29652786 -0.11280222 0.9176957 -1.237753 0.24688996 -1.1016294 -0.74447054 -0.29079846 -1.1523498
146 0.11265015 0.0034895316 0.2769267 0.3119982 -0.8049715 0.20899118 0.6216716 -0.042689778 0.31715494 1.3936291 0.70785296 0.81104136 0.100892454 -1.2672042 0.0041778395 -1.4331411 -1.4290535 0.8015726 0.25416115 0.10142017 1.2814432 0.3344961 1.2525713 -0.10535346 -1.0480664 0.36009338 -0.24038981 -0.7920443 -0.13709441 -0.52856356 -0.024667913 -0.73365015
48 -0.61019045 -0.29578716 0.30927786 0.16203256 -0.14275457 -0.11279469 0.99069303 -0.26293087 0.21282697 -0.103643805 -0.07189126 -0.3555354 0.20620899 -0.5091271 0.26501042 -0.594181 0.68908495 0.0032919226 -0.13006444 -0.067465276 0.37318942 1.238141 0.01952915 0.5434895 -0.6085941 0.9708426 0.3456264 1.5452634 0.91207993 -0.31809232 0.42479995 -0.32639822
49 -0.5863144 -0.86722636 0.7135191 -0.088947095 0.61257315 -0.25479373 0.4772701 0.19177115 0.13363338 0.44983974 0.17240117 -0.58903015 1.0555542 0.11246701 -0.4073005 -0.0272745 0.7032339 0.8450234 -0.7265822 -0.14040093 0.6145243 0.7446368 0.08727233 0.20657693 -0.33095732 0.75063324 -0.51729673 0.42169607 -0.24975613 -0.50748235 0.5529092 0.35042366
85 -0.36483 -0.053068865 -1.152516 -0.98714024 -0.17676902 0.114815064 0.9848299 -1.1844393 -1.076044 -0.30904928 0.9398045 -1.4689355 -0.90843207 0.04001665 0.042374894 -0.42422903 0.07456163 0.14551413 0.5149895 -0.5652839 0.9912636 1.0642755 0.22296695 0.42648095 0.4829317 0.19250675 -1.263604 -0.215265 -0.39388275 -0.7951793 -0.45948097 0.39504874
87 -0.4194374 -1.324131 -0.23312092 -0.30000708 -0.21183193 -0.4333239 0.84302765 -0.04122464 0.37817067 -0.033789217 0.53289634 -0.27410427 0.9471366 -0.22224857 -0.0471081 -0.37001598 0.71453977 0.08389357 -0.68928367 0.2934588 0.23330589 1.4355323 0.22055414 0.44612554 -1.0116814 0.6563418 -0.090385824 0.75532097 0.34770867 -0.52546865 0.2942148 -0.63620585
88 -0.36355242 -0.96483684 -0.24661879 0.32131812 -0.22000849 -0.22086439 0.92935365 -0.72723514 0.4876376 0.07326928 0.15060218 -0.3579729 0.88427925 -0.69098353 0.14648922 -0.3540574 0.60646886 -0.47625473 -0.7315975 0.5647543 -0.07837093 1.1396663 0.08826441 0.44776055 -0.4029797 0.80983835 0.22706088 0.95120496 0.1951132 -0.2798311 0.53643656 -0.6865034
141 -1.1096824 1.1281492 -0.31910056 0.9958826 -0.960047 0.24293749 0.48831218 -1.0885012 -0.6420665 1.5163004 0.17708583 -0.5900152 -0.047094908 -0.8355086 -0.18725535 -0.76312757 -0.12408949 -0.56426656 0.5216518 -0.049850415 0.5724435 0.31685448 0.5109436 -0.4852435 -1.0408695 0.67921543 -0.851612 -0.8922509 -0.7490202 -0.4180758 0.7487399 -0.019714624
78 -0.6431463 0.60429484 0.08633629 0.9153451 -1.0698413 0.7320137 0.48779532 -0.4001565 0.1605696 1.1054245 0.42612314 0.016986707 0.011892169 -0.7614406 -0.18946189 -1.1072558 -0.59148467 0.4190271 0.49778587 0.22088744 0.64706016 0.46342316 0.8766654 -0.48641413 -1.2508495 0.29398137 -0.84512675 -1.0974363 -0.39242077 -0.29045573 0.70287293 -0.3927849
96 -0.946184 1.0684233 -0.15130575 0.989114 -0.9043862 0.3714666 0.66259485 -1.2194741 -0.33594894 1.4934027 0.21877736 -0.403351 -0.046954732 -1.0763165 -0.11254069 -0.9194205 -0.06914972 -0.76430315 0.5742432 -0.070903495 0.43644547 0.18492612 0.56397927 -0.29853165 -0.99558806 0.60781837 -0.918159 -1.0073769 -0.92373794 -0.2639061 0.6362248 0.10528103
42 -0.5957117 -0.257735 0.6619372 0.03908654 -1.1531184 0.7308265 -0.278763 0.119579874 0.6800394 0.48076877 -0.22730663 0.47906813 -0.078578286 -0.7426553 0.22303891 -1.9013395 -1.1332772 0.53890216 -0.57851756 0.25554508 0.2885046 0.27084586 0.119391546 0.16880804 -0.60141414 0.33803803 -0.94610834 -0.35385746 -0.14900412 -1.1235944 0.6603237 -0.2639627
52 -0.7857068 -0.5837278 -0.57327974 0.4403931 0.1538705 -0.171794 0.5999692 -0.6521685 -0.0028864697 -0.25202078 -0.15006956 -0.5036227 0.21465142 -0.33366346 0.8184569 -0.94567025 0.7010252 0.14518492 -0.8296144 0.61235476 -0.023735568 1.4205892 -0.1296352 1.1752642 -1.2182823 0.70458794 -0.18770769 1.3118649 1.2426019 -0.38076496 -0.12992471 0.042400837
69 -0.66542524 -0.6527364 -0.32642937 -0.041871414 0.38948423 -0.0415822 0.7797856 -0.40073678 -0.20606656 -0.19034946 0.19150504 -0.27104884 0.49252453 -0.6040646 0.44274774 -0.59871507 1.018041 0.24029809 -0.8826638 0.47062743 0.534857 1.4023024 -0.18621132 0.8204571 -1.149381 0.4557898 -0.5020026 1.2362937 1.1474204 -0.6042218 0.28141212 0.4851719
75 -1.0528778 0.9767145 -0.17140946 1.1242464 -0.9592924 0.655033 0.7046317 -0.89477116 -0.5393096 1.4241587 0.24856819 -0.47734275 0.023685228 -1.1797155 -0.2978993 -1.0027847 -0.43185154 -0.11430573 0.3366547 0.24102806 0.710772 0.15241136 0.44960678 -0.32130185 -0.86620766 0.3115965 -1.0026411 -0.93478507 -0.37210855 -0.33344984 0.63295627 -0.1903141
148 -0.63675314 0.17175274 0.7098012 0.75581443 -1.124259 0.6855562 0.19737925 -0.0024295007 -0.23943433 0.48024115 0.17879844 0.1288667 0.26680312 -1.1394511 -0.091214046 -1.3319776 -0.8330251 0.5505987 0.61831516 0.10732485 0.4207747 0.72086585 0.4058471 -0.38881785 -0.8405714 0.013347298 -0.7596199 -0.8103228 -0.07331766 -0.6428542 0.85041374 -0.17344709
62 -0.34182096 -0.10421843 0.09422603 0.73435175 -1.360822 0.6633773 -0.048673317 -0.22331482 -0.2166207 0.4043426 0.12432559 0.1806336 -0.39697677 -0.6858171 0.16789095 -1.4640583 -0.49787667 0.526106 0.3990141 0.8995984 0.18048653 -0.003126438 0.3017311 -0.015453909 -0.7925706 -0.21433441 -0.6960635 -0.3146779 -0.17485915 -1.2756639 0.8152196 -0.009287487
106 -0.6976901 -1.322366 0.42009142 0.5543904 -1.7762519 0.893945 0.43753403 -0.78570807 -0.25579536 -0.46710265 0.059011493 0.29720473 -0.4693154 -0.8054446 0.7561613 -1.5831944 -0.8571025 0.6307004 0.22444141 0.5480636 0.0016834424 -0.53634495 0.46746254 0.25822747 -0.45183334 0.07382875 -1.259112 -1.0672389 -0.33949348 -1.0261331 1.1237259 -1.1513615
53 -0.82338977 -1.0348501 0.7477532 0.5705247 -1.5710027 0.591314 0.4063229 -0.5260175 -0.217828 -0.5183727 -0.14872456 0.6367097 -0.62297684 -0.75017494 0.48836794 -1.4974757 -0.5761758 0.55758727 0.25740066 0.3814482 -0.25383034 -0.35312757 0.6087004 0.056867708 -0.71355766 0.037598506 -1.2711617 -0.89213526 -0.5597117 -1.2500175 1.1986289 -0.73766965
65 -0.33878526 -0.8689037 0.50038856 -0.5483886 -1.1562293 0.28574762 -0.03556183 -0.32704058 -0.31950906 0.3413511 0.15238905 0.22067489 0.72050464 -0.9449107 1.0106441 -1.3565767 -1.2788386 0.8507214 -0.088149205 0.6654711 0.6067386 -0.29298297 0.10846712 0.020418126 -0.24641162 0.35446852 -0.64440703 -0.8644456 0.27604562 -0.8915696 0.796772 -0.7738652
130 -0.8146816 -0.9812113 0.47847968 0.66075635 -1.850827 0.51030165 0.3125595 -0.8113821 -0.31229612 -0.6947112 -0.05029535 0.2455705 -0.46382582 -0.7674085 0.8125349 -1.6062276 -0.7431416 0.6188047 0.3486042 0.5728336 -0.2677539 -0.607859 0.38524792 0.062457178 -0.5043114 0.14623338 -1.3800923 -0.9106094 -0.57718474 -1.4939289 1.1097885 -1.1464995
149 -0.5181603 -0.5156533 0.63787776 -0.08433729 -1.2242072 0.62766373 0.11243966 -0.22721927 0.21441203 0.12703091 -0.15767159 0.10168982 0.06531362 -0.71244454 0.22932397 -1.8904737 -1.0788672 0.8629417 -0.11273097 0.525639 0.52863336 0.7810032 0.20742598 -0.09423049 -0.5332406 0.13494925 -0.2828939 -0.71573883 -0.39602363 -1.0306464 0.19909073 0.32670036
47 0.060186345 -0.9543505 0.054362327 -0.6413618 -1.8120549 0.7423853 -0.044651892 -0.3581736 0.119714074 0.48697618 0.726645 -0.03680238 1.1383061 -1.0183303 1.0359741 -1.3923004 -1.7562786 1.0555929 -0.47518295 0.81578594 0.68862814 0.12786804 0.35347894 0.42358795 0.024371365 0.20446321 -0.6371784 -0.51243305 0.5838115 -0.7686981 1.3278569 -1.259795
152 0.1863883 -1.2231809 0.10176534 -1.1084907 -1.6992061 0.4209706 0.08622211 -0.38423398 0.16696258 0.53965765 0.6798675 -0.13812071 1.0650048 -1.3514519 1.3234069 -1.355133 -1.9146113 1.1531246 -0.40534547 1.0514536 0.7270588 -0.02315285 0.37562776 0.43342093 -0.17431532 0.14022774 -0.6212125 -0.79780036 0.48275033 -0.6553713 1.1152171 -1.0696801
66 -0.3242792 -0.80008936 0.5367546 -0.19228865 -1.1921763 0.61704075 -0.06976909 -0.37398848 -0.036914892 0.043904312 -0.21457155 -0.18940322 0.19622049 -0.78342265 0.3608735 -2.209647 -1.2568268 1.5717509 -0.36846632 0.64106315 0.91016257 1.114622 0.043670796 0.2915153 -0.7400425 0.25055486 -0.40039688 -0.9020606 -0.14221627 -1.1683147 -0.31881288 0.07322994
67 -0.79759395 -1.2660233 -0.1996029 -0.058592513 0.86184597 -0.27136335 -1.0841084 0.4505739 0.070734516 0.24117276 -0.09860187 -0.9662605 -0.28984916 -0.80578727 0.13373381 -0.27122855 1.0786986 0.50430495 0.112653404 -0.63683265 0.5841574 0.9973355 0.3178044 0.21790127 -0.05676403 0.7091967 -1.6005275 0.42679456 -1.0025138 0.41113153 0.09769609 -0.7257535
68 -0.40696278 -0.51822335 -0.16196693 -0.2034647 0.28322405 0.22719258 0.3187118 -0.23660815 -0.5121578 0.22833407 0.7849811 -0.44911087 -0.3755864 0.12915254 0.79356724 -0.33304805 -0.5618147 -0.27981976 1.1941094 -0.7734329 0.4468779 0.5216018 0.38930327 0.9667505 0.6883521 0.61629 -0.9816182 0.07023125 -0.2752681 -0.4501733 0.1633994 0.57828975
70 -0.81234354 -1.4337074 -0.4009459 0.014683913 0.43090972 0.33680236 -0.43717122 0.40670225 -0.22346844 0.32568166 0.22670722 -0.44659975 -0.27548733 -0.45184952 0.8647462 0.1998819 -0.17543964 0.38860872 0.9159484 -0.31140828 0.3176559 0.25191095 0.55565184 0.2512706 0.06624167 0.5657896 -1.5030273 0.13364239 -0.7728035 0.07731945 0.13370614 -0.26269388
107 -0.533549 -0.17357981 0.08181557 -0.34595302 -0.048205316 0.15631436 0.6363019 -0.35656893 -0.43412438 0.36454856 0.9855326 -0.70892394 -0.57163554 0.17674494 0.901093 -0.43399674 -0.8045107 -0.6238326 1.1442716 -0.4813825 0.523268 0.021948963 0.20916471 1.3419805 0.25385332 0.8632652 -0.7950946 -0.32814446 -0.6458092 -0.20357077 0.18221222 0.5382091
108 -0.43050656 -0.70863026 -0.104343876 -0.4787526 0.32635835 0.33675593 0.4158398 -0.34725097 0.03321275 0.26983103 0.97928625 -0.3889925 -0.26855505 0.13615835 0.9318318 -0.16192253 -0.7317115 -0.4193903 1.2626714 -0.51318264 0.31713974 0.18293788 0.45482737 1.1889243 0.55412114 0.9774191 -1.0926653 -0.0008760909 -0.7320994 -0.14187719 -0.054093923 0.54801655
109 -1.0512623 -1.557155 -0.3898239 -0.38353565 0.8868113 -0.42441604 -0.861223 0.33087564 0.45401657 0.14383143 0.0720476 -0.48518986 -0.37382072 -1.0120989 -0.09456679 -0.1285378 0.9367983 0.439443 0.37426814 -0.5969717 0.5048566 0.8412462 0.6962282 0.24249755 -0.09738404 0.8078765 -1.8418131 0.33985746 -1.1044443 0.44720694 0.03888213 -0.13196135
110 -0.5962592 0.33431694 0.027199103 -0.718076 -0.9495842 -0.1229553 0.9927234 -0.28050315 -0.46305665 0.6873147 0.012309104 -0.5754983 -1.351562 -0.8856359 -0.0796466 -0.70463157 -0.26168495 -1.0571058 0.40753555 -0.34404573 -0.27414483 0.4523388 0.38554475 0.63368225 -1.3439488 0.42478785 -0.7275775 -0.18157393 -1.3796651 -0.53421116 -0.62341887 0.7737682
111 -0.33484626 -0.31556952 0.15805481 -0.32406402 0.15742515 0.35997704 0.59305793 -0.38968673 -0.5179456 0.43572953 1.0860358 -0.71348286 -0.58169603 0.118974365 1.0001566 -0.48825073 -0.6180522 -0.6527595 0.94775665 -0.6505206 0.58002913 -0.014970711 0.19158888 1.4560531 0.40897503 0.8454083 -0.97999847 -0.23367424 -0.7784727 -0.27901816 0.014445835 0.4230578
112 -0.60144705 -1.0366124 -0.44066414 -0.06754888 0.21914245 0.14194228 -0.2084791 -0.038860686 -0.44651797 0.07536315 0.6133346 -0.2859924 -0.18683924 0.023815159 0.92210984 0.13482049 -0.8730269 0.10641294 1.2056482 -0.08873231 0.23461802 0.24811147 0.3090073 0.9070331 0.37109494 0.9834873 -1.2989807 0.23057535 -0.80236244 -0.27850395 -0.16479161 0.27178153
113 -0.7683193 -1.1963787 -0.33691218 -0.43864468 0.26593766 0.21061677 -0.023756158 0.15000437 -0.3206595 0.11886747 0.80390626 -0.14588204 -0.10675625 -0.29733363 0.62961084 0.20575117 -0.8623691 -6.328948e-05 1.2045966 -0.28354964 0.1686932 0.26640198 0.24465042 0.61261404 0.6270209 0.9231368 -1.2466724 0.4651939 -0.8584381 -0.23622832 0.16185397 0.30496985
114 -0.45709202 -0.40407708 0.10263076 -0.27353898 0.19474693 0.24555637 0.696315 0.10048408 -0.42805585 0.50166047 0.87732863 -0.6788693 -0.76356775 0.22929174 0.84551746 -0.45390022 -0.66459906 -0.65556365 0.8249714 -0.65890574 0.4930573 0.1181563 0.2069077 1.4031038 0.24261987 0.6044758 -0.94630474 -0.3225022 -0.61781734 -0.3646134 0.28803715 0.6356338
115 -0.3402252 -0.2944595 0.035494525 -0.668196 -0.3913879 -0.04477365 0.5955842 -0.032573543 -0.4337475 0.8382577 0.6764552 -0.84592855 -1.0630239 -0.25691035 0.59614885 -0.5441711 -0.47452852 -0.9245596 0.7528204 -0.3238309 0.3871642 -0.1309885 0.18672904 1.4545746 -0.32152754 0.36668208 -0.60289884 -0.562581 -0.94024104 -0.25113863 0.055263042 0.56597954
116 -0.76610035 -1.4781 -0.45126057 -0.08924043 0.5074527 0.18200985 -0.70306426 0.2612708 -0.27123657 0.41017628 0.38498482 -0.31004006 -0.09837792 -0.9498548 0.4926347 0.38764432 0.16280352 0.39313242 0.78163826 -0.23991543 0.36060923 0.38928112 0.25601736 0.29637387 -0.19610584 0.48907736 -1.9591722 0.38273612 -0.93646437 0.14888415 0.39533335 -0.49486345
117 -0.7086856 -1.2765896 -0.54323554 -0.14056508 0.19655424 0.28933603 -0.6657206 0.3590818 -0.16388871 0.25865978 0.47341222 -0.45177257 -0.053209014 -0.3549356 0.6656352 0.3701783 -0.4673788 0.473011 1.3098804 0.06359419 0.20221849 0.4377954 0.3757517 0.33076224 0.16043612 0.8239585 -1.8143101 0.35614064 -0.91508096 0.0028962719 0.098322906 -0.034190264
118 -0.44343975 0.12985855 0.0754621 -0.45078972 -0.47508174 0.1922221 0.567383 -0.059427135 -0.78573376 0.65218014 0.3133929 -0.77716523 -0.9543096 0.010311541 0.5569686 -0.7168242 -0.25954258 -0.8749178 0.50540656 -0.616818 0.27698755 0.32501906 0.24846976 1.1083051 -0.59945846 0.66889924 -0.65203565 -0.33269125 -0.74193954 -0.21201387 -0.07334078 0.71637815
119 -0.9277537 -1.2250006 -0.7256015 -0.22055985 0.15779391 0.3033642 -0.2927211 0.12994488 -0.2026165 0.35133466 0.58837885 -0.31757 -0.022325406 -0.03958841 0.8772856 0.5191548 -0.43007135 0.51319164 1.2250665 -0.051667813 0.04693103 0.46863976 0.6239337 0.12742583 0.014483317 0.85047084 -1.6830434 0.23850736 -0.9583514 0.07372967 0.08426824 -0.20323704
120 -1.022433 0.35252896 -0.059414987 -0.7988217 -1.0911453 -0.21498773 0.76988053 -0.24417977 -0.41558605 1.005357 0.059257425 -1.0403942 -1.231549 -0.5071354 0.12949266 -0.84458065 -0.3556844 -0.9514077 0.7654123 -0.21076016 -0.20005722 0.34380594 0.07926254 0.75744945 -1.0745766 0.6484781 -0.5838544 -0.44381955 -1.2414376 -0.5924677 -0.4324164 0.7015
121 -0.42785338 -0.7510649 -0.35753053 -0.29374507 0.22533438 0.12245832 0.046859305 -0.33556864 -0.20294145 0.25447956 0.9478406 -0.53220034 -0.31760162 0.06189822 0.86851186 -0.26281667 -0.695675 -0.4836029 1.2468892 -0.42092088 0.248858 0.12998147 0.3648854 1.2300999 0.40473342 0.97415894 -1.071566 -0.15718892 -0.5164935 -0.23934881 -0.26273766 0.2553278
122 -0.39843902 -0.090973884 0.13594155 -0.52813476 -0.19781503 0.19014236 0.51980835 -0.1520609 -0.4304508 0.5418803 0.8373723 -0.77462214 -0.9111466 0.12503202 0.7275059 -0.70190185 -0.335395 -0.7756584 0.92056507 -0.63262194 0.47810274 0.029612187 0.41694915 1.4509828 -0.074580394 0.8839066 -0.68601805 -0.41244256 -0.6531859 -0.2577246 -0.22039959 0.45042616
123 -0.71909225 -1.4789218 -0.6362234 -0.02877654 0.25250077 0.40472683 -0.504953 0.28450346 -0.272449 0.6005082 0.699777 -0.4835055 0.14105767 -0.6376531 0.84545875 0.6959032 -0.43684703 0.53818274 1.142556 0.2740609 0.27925226 0.2974672 0.58144736 0.12578484 -0.25002748 0.62385005 -1.6291842 0.33333588 -1.1668725 0.10617878 -0.14945763 -0.42778704
124 -0.86774975 -1.3674144 -0.81936264 -0.024288138 0.28845075 0.3705137 -0.4540873 0.22883002 -0.38980937 0.43604273 0.40226874 -0.5687096 0.054813974 -0.4974277 0.8346369 0.63436025 -0.5866623 0.5630604 0.906476 0.27355194 0.35267413 0.32406697 0.42014018 0.059526738 -0.08601489 0.7942556 -1.7267883 0.36154732 -1.1819931 -0.00039311778 -0.21545027 -0.37591836
151 -0.30737463 -0.93052393 0.6306982 -0.21129769 -1.2570521 0.78915536 0.06506635 -0.4833824 0.0053144847 0.14221036 -0.4020596 -0.2854657 0.18613909 -0.7852406 0.60195225 -2.2285714 -1.527618 1.6093144 -0.3542586 0.68934864 0.86271304 1.0272361 0.009397579 0.26200557 -0.73484445 0.32836276 -0.39510444 -0.8867593 -0.14505896 -0.929599 -0.2154518 0.021524962
129 -0.38276565 -0.0041580712 0.19128962 0.5182627 -1.0090326 0.57218874 -0.078333475 -0.47971705 0.28517345 0.42717388 -0.16226119 0.031564333 -0.35312998 -0.46859485 -0.18047246 -1.7652209 -0.3073369 0.43557984 -0.013707964 0.69783735 0.45087922 0.6109011 0.46610805 0.15857705 -1.2228707 0.10696467 -0.6985546 -1.0093102 -0.25927666 -0.5239601 0.18455921 0.33042037
