1 -0.2133225 -0.94085544 -0.18153659 -0.074353635 -0.191635 -0.6746881 0.38218597 -0.33955756 0.13462041 -0.011565298 -0.7076654 -0.8260321 -0.4528869 0.5013653 -0.3305344 0.40905562 -0.26094764 0.63206726 -0.35498193 0.6980468 0.60450053 -0.090394944 1.6564362 -0.051888157 -0.6444826 -0.30958143 -0.4899461 -0.55848956 0.5136641 0.57878584 -0.6979083 0.14611088
2 -0.20217608 -0.7912731 -0.30678797 -0.26717722 0.09141513 -0.8165592 0.3458678 -0.51090705 0.101309784 -0.29069227 -0.7752917 -1.0803472 -0.03153312 0.41492823 -0.43392682 0.19523914 -0.033490587 0.48968196 -0.2560293 0.7415376 0.80328435 -0.11406398 1.5101316 0.18347123 -0.8343101 -0.62078863 -0.5245776 -0.064572826 0.4176913 0.29313275 -0.10641467 0.04316476
3 -0.33118853 -0.5265875 0.22143361 0.8070735 -0.5655245 0.123355426 -0.18122125 -0.16898233 0.8433519 -0.523016 0.7807691 -0.49531648 -0.3161445 -0.8366638 0.7136359 0.101643115 -0.7928486 0.066963606 0.35373744 1.0915254 1.4367129 1.637156 0.3468381 0.11386383 0.8046636 0.051294133 -0.10275529 0.021542579 0.11297356 0.12754017 -0.9881634 0.30304953
4 0.68720305 -0.16033569 -0.35588533 -0.9421228 -0.050012838 -1.4547818 0.030472819 -0.9700735 0.31751102 -0.17078923 -1.13346 0.64498115 0.61741215 0.05330625 0.31689256 0.27317622 0.44250184 -0.26779646 0.46266383 1.1176627 0.43306205 1.0155935 0.40520903 -0.39159384 0.6743164 0.42228588 -0.9826379 0.8158665 0.3650539 -0.9701018 -0.123102695 0.7804572
5 0.081892446 -0.009443893 -0.08410411 -0.6269826 -0.4372957 -0.8800054 0.8242087 0.3162851 0.0142984055 -0.047064714 0.5734808 0.2698622 -0.042063296 0.12907435 0.14157167 -0.18144554 0.25485456 0.38385063 -0.08349272 0.50732124 -0.62491053 1.3367885 0.8653965 -0.14227775 0.86499596 0.7205909 -1.1731849 0.9029619 -0.8343763 0.18130022 -0.49503666 0.07688612
6 -0.39626926 -1.1124632 -0.46663624 -0.9118053 0.18526673 -0.6276902 0.616342 -0.31652313 -0.076934814 -0.12005939 -0.6599059 -0.6389207 -0.10831803 0.4285081 -0.41786072 0.12368747 -0.5683282 0.5353619 -0.18506715 0.61727154 1.0326144 -0.63458943 1.7336341 0.36554286 -0.54834205 -0.024475057 -0.47142795 -0.15534261 0.533456 0.49963164 -0.77092147 -0.37072447
7 0.39778838 -0.30345803 -0.31109425 -0.29288673 -0.4028693 -0.638328 -0.17107488 -0.44405997 0.32006982 0.35525614 -1.0503287 -0.79875594 0.08826276 -0.3210508 -0.8612131 -0.16535844 0.96524477 0.23964548 -0.0850566 0.43297938 1.0456289 0.43079513 0.9949684 -0.20326039 -0.29744744 0.095287114 -1.0970365 0.75328666 0.57521176 -0.927136 0.12325276 0.7816267
8 -0.022326952 0.01772277 -0.098858275 0.11714448 0.21913642 -0.2011549 0.17214674 -1.0120975 -0.5481902 -0.9201106 0.36719245 0.08052023 -0.27237356 -0.7407145 0.4644784 -0.006631574 -0.9963478 -0.4399688 -1.0103251 -1.8821732 1.0295113 1.3515582 0.6332144 0.110043384 -0.12671481 0.30508068 -0.33546996 0.23182857 0.8403114 -0.61532784 -0.55507207 0.24136236
9 0.1436668 -0.7845089 -0.1722942 -0.6212203 0.030600272 -1.014698 0.28758323 -0.38038 0.2530267 -0.021245088 -0.45474455 -0.8859538 -0.42818373 0.8929728 0.29810458 0.39868075 -0.1133071 0.09792434 -0.5837782 0.7604389 0.9144386 -0.44493234 1.6485615 0.1252089 -0.90821904 0.27533588 -0.39484933 -0.25002035 0.6216753 0.5435598 -0.543968 0.06564658
10 -0.35144487 -0.941372 -0.299435 -0.7260785 -0.0029263098 -0.9161515 0.53336036 -0.4500784 0.05378564 0.021599587 -0.617663 -0.9584629 -0.17921749 0.40780374 -0.61385405 0.19759765 -0.28604606 0.42448217 -0.33731022 0.76455015 0.90485877 -0.21690841 1.7594091 0.17664273 -0.6487484 -0.24224007 -0.2125896 -0.13973208 0.5628218 0.6581694 -0.23393795 -0.047366228
11 -0.31749865 -0.9061285 -0.14537664 -1.1626654 0.35194534 -0.6690715 0.5293793 -0.20530233 0.11008637 -0.2993638 -0.50435615 -1.0089313 -0.06486756 0.7194608 -0.4160418 0.10297982 -0.5183575 0.27175757 -0.4300984 0.87898 1.1930264 -0.56585044 1.7675705 0.40413326 -0.5112879 0.056975566 -0.2567945 -0.21268365 0.72616893 0.6082109 -0.40611824 -0.20526804
12 0.083909646 -1.0163734 -0.27009916 -0.8989287 -0.036743797 -0.9949611 0.2829524 -0.21750318 0.18529907 -0.1803672 -0.4986608 -0.87800604 -0.508282 0.78772545 0.3303805 0.5604846 -0.0575268 0.0929576 -0.63502115 0.6261439 0.9148496 -0.5340064 1.5198773 0.081163906 -0.8734773 0.3626078 -0.5019079 -0.34847078 0.858257 0.52253807 -0.45275965 -0.038763415
13 0.28668737 -0.75189 -0.3240239 -0.6539039 -0.71327233 -0.27496517 1.0322212 0.9638632 0.065186456 -0.015162295 0.7841054 0.08379072 -0.16721389 0.5960097 -0.89024097 -0.6222285 -0.11378848 -0.023176143 -0.5108885 -0.07716856 0.28150353 1.3761461 0.70422643 -0.2551702 0.8655453 0.76580596 -1.0355062 0.10474344 -1.0643545 0.08385296 -0.42463905 -0.10705995
14 0.5459114 -0.31595302 -0.3435704 0.018773507 -0.33346802 -0.69799626 -0.20966855 -0.25928378 0.12796119 0.15477441 -0.98053867 -0.9055759 0.094152965 -0.20882428 -0.7599995 -0.16662505 0.74346566 0.24638815 -0.12800255 0.30433133 0.9416126 0.41404945 0.87605226 -0.09716835 -0.3414342 -0.07456623 -0.96996266 0.68212456 0.6018286 -0.5925396 0.120242864 0.85694116
15 -0.12318716 -0.9742547 -0.1553323 -0.4646598 0.19630241 -0.9144293 0.39799687 -0.46773317 0.056249805 -0.41830695 -0.7035879 -1.0286349 -0.18476751 0.685579 -0.7047376 0.3022046 -0.2680696 0.4968793 -0.5152421 0.8474239 0.7995474 -0.2562655 1.738857 0.114230454 -0.62860554 -0.45684606 -0.2707895 -0.31277722 0.2840424 0.40561125 -0.44613856 0.11820852
16 0.7106582 -0.38313687 -0.5062952 -0.6946118 -0.32388934 -0.8660659 1.0394447 0.66696626 -0.29311687 0.20295268 0.8864633 0.60913074 -0.30932674 0.5401554 0.5139167 -0.24567191 0.08117031 0.08557402 -0.38645476 0.22344166 -0.4308609 1.0171083 1.0223601 -0.09244576 1.1034517 0.9778143 -1.0942745 0.23162681 -0.6899489 0.12434704 -0.7017262 0.5024708
17 1.0056142 -0.16420107 -0.086656086 -0.62316895 -0.043884296 -1.2881404 0.09808213 -1.1304613 -0.007828766 0.054060195 -1.0457315 0.55700624 0.72996444 0.08161736 0.069593884 0.4222984 0.7498532 -0.20238356 0.3233466 1.2260047 0.30663657 0.75232625 0.7636198 -0.31792757 0.46118453 0.08844877 -1.1943806 0.6644429 0.07441529 -1.099108 -0.41561618 0.8638819
18 -0.07752856 -0.9992298 -0.5351 -0.70527923 -0.23667423 -0.42509872 0.74307823 0.7118972 -0.218116 -0.47958353 0.74221617 -0.15412568 -0.06303046 0.6181427 -0.72813666 -0.058083303 0.0033528397 -0.26401797 -0.92769414 -0.5750393 0.5761996 1.3781829 0.15383741 -0.39082047 0.5643564 0.5832035 -0.6969445 -0.78336996 -0.9439508 -0.2366941 0.056928277 -0.08714467
19 0.08617965 -0.54861945 -0.15527442 -0.6277707 -0.6896059 -0.62656635 1.0814859 0.72966665 0.09290308 0.10240551 0.7575346 0.16240224 -0.2994613 0.63459975 -0.62432253 -0.82744235 -0.24633038 -0.014835526 -0.57304335 -0.19694473 -0.018923381 1.7092785 0.89522934 -0.28883103 1.0595394 0.84696007 -1.0594815 0.41270044 -1.0205185 0.28018552 -0.3466183 0.10562303
20 0.612918 -0.06517056 -0.3325854 -1.0210176 -0.30388784 -1.0649289 1.0630057 0.8626969 -0.30313972 0.046868067 0.90850043 0.28271496 -0.3995555 0.4689533 0.7392035 -0.14488722 0.07092821 0.12370265 -0.2625132 0.4847046 -0.6895048 1.1416888 1.0523822 -0.053194296 0.8816595 1.0828514 -0.93714076 0.6146995 -0.67386633 0.06617514 -0.4704756 0.41167766
21 0.14973272 -0.8804709 -0.2765963 -0.77360606 -0.8116925 -0.47350845 1.0090237 0.8129869 0.095548965 0.15045568 0.81910515 0.21208283 -0.2641182 0.46354175 -0.7750039 -0.69888836 -0.28035 -0.18345462 -0.59561384 -0.36701804 0.5145784 1.5525584 0.54440546 -0.3459141 1.0210094 0.83105826 -0.98436254 -0.049391378 -1.0158232 0.04624745 -0.30750167 0.063714005
22 -0.28832144 -0.9405236 -0.25165108 -0.6217976 0.20289356 -0.8833348 0.6230692 -0.545002 -0.06686829 0.039153066 -0.6839705 -0.86022294 0.08380294 0.49970296 -0.50120074 0.3510516 -0.36124244 0.54587966 -0.19843699 0.75716376 0.78617805 -0.23860489 1.8339719 0.16092832 -0.7105895 -0.1987792 -0.45704025 -0.36936983 0.5080291 0.6727099 -0.46622947 -0.0293339
23 -0.20973831 -0.8051278 -0.2717645 -0.85815436 0.06638107 -0.91240346 0.4969293 -0.24747449 0.061862916 -0.13986503 -0.53823376 -0.8499189 -0.055577967 0.7510245 -0.36993504 0.2671002 -0.3605209 0.5542269 -0.3902284 0.710053 0.9800523 -0.34876618 1.7829294 0.32514253 -0.59955066 -0.29136097 -0.21359503 -0.21152414 0.48068523 0.62197787 -0.62802684 -0.106806636
24 0.3333746 -0.41876388 -0.31906626 -0.68434167 -0.8637213 -0.8193289 1.0164969 0.7285584 -0.05069575 0.42711458 1.0200669 0.067804225 -0.37231022 0.2836165 -0.34885603 -0.5712674 -0.26641932 0.18467231 -0.14626181 -0.03646655 -0.27622595 1.425055 0.9624661 -0.3323247 1.0652854 0.95255023 -1.0407696 0.46856496 -0.8284643 0.24213335 -0.30696893 0.2514516
25 -0.3978899 -0.91698754 -0.1311794 -0.5614536 0.16907178 -0.6416067 0.8156337 -0.4992773 -0.12207714 -0.0554114 -0.67275023 -0.67220765 0.11172156 0.6613001 -0.51495904 0.26818228 -0.31044188 0.6704545 -0.4781282 0.84253 0.83650994 -0.33066833 1.7542704 0.21921329 -0.73350793 0.03680764 -0.44316402 -0.42867553 0.55030197 0.6136497 -0.4920427 0.13605496
26 -0.007037587 -1.1129628 -0.54011565 -0.46582004 0.06424465 -1.1294128 -0.049834497 -0.5328673 0.15855837 0.08157041 -0.42639345 -0.6308789 -0.47910768 0.84136814 0.3008935 0.48865494 -0.025202071 0.3666768 -0.7131837 0.58689 0.8447492 -0.3977393 1.6131049 0.16747522 -0.77137226 0.5148291 -0.67923224 -0.55645126 0.7518553 0.5008626 -0.38727063 0.51496273
27 -0.2615363 -0.99958795 -0.050839875 -0.6008243 -0.057928577 -0.73831457 0.633467 -0.6816122 0.024947746 0.09956357 -0.6098608 -0.75020516 -0.105596915 0.71594006 -0.46332425 -0.0830487 -0.38375345 0.628102 -0.5203803 0.8949104 0.751749 -0.17477286 1.537956 0.23377137 -0.84418136 -0.10517102 -0.53909874 -0.4534243 0.24977985 0.69217366 -0.5882101 0.17095916
28 0.40441814 -1.0736623 -0.71989805 -0.58095163 -0.6738899 -0.008442424 1.0193539 0.6776476 -0.2867143 -0.04908728 0.83704406 -0.045870453 -0.21597238 0.45489696 -0.6075524 -0.13204433 0.3297591 -0.4386887 -1.0476109 -0.41052896 0.7348144 1.291004 0.16188893 -0.11141544 0.5395959 0.5131352 -0.6008945 -0.6082269 -1.1418217 -0.3461565 -0.3229965 -0.307295
29 0.31589302 -0.81877977 -1.111268 -0.53029704 0.29356065 -0.32199794 1.4075562 0.5209323 -0.49222985 0.34651348 0.11069003 0.25089434 0.24559511 0.25010088 0.2910626 0.10056829 0.60497403 0.57166094 -0.22522739 0.2837794 -0.37829652 1.3510928 0.052006703 -0.0693628 0.67114544 0.14486912 -0.72110957 1.0865339 0.44525 -0.0012400588 -0.87710655 -0.09306214
30 -0.10731255 0.09459043 0.98766965 -0.5634293 -0.46915823 0.5406706 -0.07571044 0.06594092 -0.3997537 0.053032998 0.37837154 -1.4561822 0.021122102 -0.6650953 0.9355145 -0.15621844 -0.69146115 0.20320578 -0.2829711 0.68331915 0.44507778 1.6222432 1.182909 0.9172462 1.2688237 -0.14635903 0.74813354 -0.12984519 0.9417956 -0.37226352 0.008585198 0.09758775
31 -0.2384125 -0.1572518 -0.06603105 -0.2064433 -0.0024309107 -0.1472603 0.21862552 -1.0764987 -0.47393525 -0.6140729 0.34320715 -0.029945325 -0.16271096 -0.65778494 -0.00013225857 0.11732397 -0.92127615 -0.47929353 -0.9926374 -1.8850708 0.8649121 1.3112148 0.7498425 0.2223641 -0.07663173 0.14939432 -0.19593078 0.021558806 0.47645795 -0.5902768 -0.49134922 0.20411813
32 -0.18964581 -0.37732506 -0.23566103 -0.1784852 0.570839 -0.32135195 -0.46886197 -1.0791756 -0.33162367 -0.47720075 0.77534914 -0.11908438 0.18494312 -0.17508078 0.44966602 -0.19411753 -0.8563755 -0.40245563 -1.0580046 -1.7666926 0.70449156 1.5148044 0.6716353 0.5863587 -0.12099818 0.25019157 -0.50780195 -0.17235169 0.41765374 -0.20500682 -0.47237027 0.17858985
33 -0.29833293 -0.5447148 -0.7043039 -0.83282244 -0.263013 -0.6008652 0.97539926 0.25697792 0.11091449 -0.19287744 0.07951838 -0.06279789 0.15077975 0.1566681 -0.029038131 -0.27653107 0.12336053 0.2555761 -0.011777645 0.06837854 -0.7710116 1.1632671 0.22897948 0.1020219 0.6126196 0.6121296 -1.1892865 1.3669424 0.21701363 0.24130115 -0.51262885 -0.17908932
34 0.045667607 -0.5847757 -0.26430464 -0.71874684 -0.85424846 -0.44410422 1.194725 0.874165 0.10670953 0.07764089 0.68334603 0.08012275 -0.37688693 0.35871047 -0.97310185 -0.6706039 -0.08801978 -0.075489886 -0.5643549 -0.290663 0.38745537 1.4337764 0.6680066 -0.37978563 0.9525379 0.85190725 -0.8073892 0.0790487 -0.96330345 0.12637286 -0.49044818 0.016522186
35 -0.26616836 -0.884219 -0.23069502 -0.9262033 0.21864936 -0.62810004 0.805222 -0.20602818 -0.13105394 -0.3688303 -0.56882006 -0.7959288 -0.16455354 0.6853996 -0.5508528 0.1613418 -0.43053153 0.5631505 -0.3406317 0.7079835 1.1917157 -0.63384897 1.7833047 0.13952288 -0.44442284 0.13186456 -0.09389314 -0.37414926 0.8654726 0.6290028 -0.5098815 -0.041701924
36 -0.17840746 -0.16233207 -0.15946873 -0.048721023 0.64258564 -0.2689984 -0.26557952 -1.4071981 -0.35441136 -0.62422025 0.7858975 0.20270082 0.24758641 -0.34289706 0.29499513 0.03598475 -0.73321605 -0.67044914 -1.0777259 -1.7037072 0.9302127 1.3178948 0.9946029 0.6312577 -0.008251355 0.4131427 -0.38632035 0.15684679 0.611957 -0.481683 -0.5246731 0.14473496
37 0.6676493 -0.06217018 -0.28919205 -0.94201154 -0.19452502 -1.3577307 1.1299102 0.55936396 -0.28476697 -0.11018627 0.8007825 0.45486417 -0.06270421 0.43403342 0.6465228 -0.18022308 0.28618482 -0.0027458349 -0.16449496 0.6174802 -0.6901909 1.0252273 1.0852381 -0.05584256 0.68366575 0.989164 -0.9541609 0.7468692 -0.7953311 0.024767768 -0.6816623 0.085081235
38 0.15245058 -0.32143652 0.41414905 -0.23838508 -1.0057007 0.4334348 -0.10156688 -0.30953586 0.38468936 -0.28624156 0.61187005 0.124547035 -0.6429225 -0.8888518 0.70126796 0.67581207 -0.86915416 -0.41815498 0.47156066 0.008150888 1.3822361 0.80265635 0.84438413 0.09998516 0.508864 -0.46940443 -0.024064004 0.07675573 0.25766197 -0.30760986 -0.7689068 -0.32268324
39 -0.0802133 -0.46244484 -0.7922331 -1.1149119 0.2582271 -0.9705483 0.42148292 0.3536581 -0.30575502 -0.34685946 0.09005714 0.19485666 0.07010263 0.22131182 0.37517154 -0.51078755 -0.2581631 1.0088097 -0.2524401 0.38336357 -0.43889692 1.2586985 -0.005521358 0.45745227 0.66726714 0.81163704 -1.6354952 1.4586704 -0.116376184 0.43785816 -1.1814569 -0.0808498
40 0.8651296 -0.38944313 -0.057628892 0.14807197 -0.3775846 -0.76702756 0.2690551 -0.4009369 0.13792676 0.045456734 -0.9967671 -0.7202432 -0.27036318 -0.45581195 -0.8492744 -0.2292739 0.6249213 0.090085246 -0.054064848 0.44894698 0.64599186 0.3668878 1.3647437 -0.39847714 -0.1563185 -0.40506786 -1.1064329 0.5576861 0.6496393 -0.73603946 0.5167106 0.68960273
41 0.4244424 -0.80131286 -0.44399604 0.35163593 -0.022524917 -0.50863665 -0.022897044 -0.2750807 -0.079653695 0.3335813 -1.0976437 -0.86194897 0.21072973 0.04656122 -0.74621207 -0.14524758 0.43217546 0.2735889 -0.34907538 0.44690034 1.0771214 0.03690479 0.80986476 0.19133587 -0.15213975 -0.0014908887 -1.0240949 0.41054195 0.65349495 -0.34952873 0.1494434 0.9092912
49 1.3608676 -0.1558478 -0.015445071 -0.4001082 -0.31730726 -0.56307924 0.115896925 -0.22408617 0.4289732 0.24157828 -1.0741988 -0.22515343 0.031242369 -0.42838976 -0.8335402 -0.016618652 0.41812763 0.10792848 0.57430744 0.7561291 0.3025556 0.58060145 1.4634273 -0.64945745 0.42708984 -0.49077275 -1.4612398 0.3098626 0.64295006 -0.91951084 0.03783492 0.32247412
54 0.35046208 -0.5982473 -0.28017187 0.045210924 -0.2666611 -0.67948395 -0.0041279914 -0.51888716 0.01888016 0.25214303 -1.1598587 -1.0664059 -0.006599051 -0.11311627 -0.96720356 -0.29947418 0.71825254 0.041142497 -0.22334205 0.22791238 1.0153651 0.34540352 1.2027166 -0.16096106 -0.1540952 0.013356465 -0.9229228 0.74788517 0.8778463 -0.7129254 0.5251728 1.0318673
55 -0.010020023 -0.88399416 -0.43643022 -0.15247199 -0.006321165 -0.71949196 0.23829545 -0.60972875 0.19186506 -0.1283696 -0.7574413 -0.93223923 -0.07491383 0.41681403 -0.5118283 0.3609049 -0.0317356 0.45129728 -0.2802584 0.3823372 0.49850926 -0.15068598 1.3221647 0.2960529 -0.61038846 -0.48091975 -0.61667323 -0.13027284 0.60713965 0.3793072 -0.5058939 0.26855597
56 -0.061776705 -0.88122696 -0.14280036 -1.0652679 0.2014558 -0.85412747 0.48552018 -0.13652334 -0.036556076 -0.2724308 -0.3992775 -0.8191015 -0.31996536 0.80141944 -0.5739381 0.2124218 -0.4918832 0.42244676 -0.43075797 0.6052417 1.2821455 -0.5451564 1.8312296 0.1376239 -0.5606235 -0.054432105 -0.15834276 -0.19824053 0.6055897 0.6829893 -0.5200004 -0.21305306
58 -0.3710249 -1.0285265 -0.20411061 -0.4709437 0.108010024 -0.66982716 0.76983654 -0.44526044 -0.0870676 -0.14912353 -0.69725055 -0.6317653 -0.06650158 0.40363643 -0.51775765 0.28767836 -0.26640823 0.5169009 -0.31884348 0.76458466 0.97948253 -0.5011868 1.8779689 0.26487872 -0.75848705 -0.06532631 -0.6039694 -0.3824397 0.38897312 0.6261984 -0.5847753 -0.061527837
59 0.83039856 -1.2075818 -0.20353447 0.8256876 0.18785039 -0.54795533 0.50943696 -0.026447779 -0.047515884 0.25381035 -0.9127828 -0.7959289 0.10176355 0.3189275 -0.7545253 0.4202309 0.4136403 -0.12097267 -0.7004051 0.52443904 1.265972 0.2296978 0.6682851 0.23037495 -0.42987373 -0.94989425 -0.7436172 0.45760953 0.7767822 -0.015059 -0.027235314 0.72428477
60 1.0714294 -1.3197105 -0.35777944 0.86328644 0.21224846 -0.5726085 0.6591653 0.064029045 -0.12944597 0.08437234 -1.2082019 -1.0004442 0.096894436 -0.1447302 -0.7053773 -0.009871219 0.56036305 -0.2382478 -0.5235896 0.64102036 1.2437788 0.07296247 0.7185288 0.2510012 -0.4044557 -0.7703856 -0.9197371 0.34297666 0.5212764 -0.4563561 -0.058475338 0.5935713
61 0.3064273 -0.7622455 -0.30845693 0.16373467 -0.0042265328 -0.38881195 0.16147386 -0.15983276 0.3411015 0.1479319 -0.97097063 -0.96777505 0.18052897 -0.039507702 -0.770065 -0.05341515 0.5712064 -0.06382023 -0.33391067 0.3842442 1.1609412 -0.010583307 1.1343051 0.02109824 -0.36885768 -0.34249908 -0.92879117 0.17955834 0.76123744 -0.4152847 0.31825456 0.49020302
64 0.7008297 -0.57524276 0.2193191 0.10055856 0.136223 -1.0238259 -0.23398997 -0.087226376 -0.046376072 -0.037063397 -1.555649 -0.82191414 0.54852176 0.26827112 -0.09458734 -0.14425632 0.6244964 0.5376658 -0.21136765 0.70171535 0.352157 0.9142807 0.47158813 -0.33506286 -0.03349179 0.11971975 -1.4238573 0.38148093 0.25440747 -1.3254429 -0.32510945 0.94882244
74 0.7285278 -0.46183854 0.24192981 0.26560536 0.31479502 -0.90344566 -0.11162493 0.4141313 -0.03172911 -0.36762667 -1.2897766 -1.0289531 0.5263128 0.26245895 -0.31563804 -0.40825015 0.6108481 0.39729086 -0.42991084 0.59692556 0.5246829 0.7542331 0.5210039 -0.4078749 -0.5013576 0.259022 -1.1897085 0.40003696 0.46244398 -1.1683699 -0.25853154 0.8389684
83 0.46740735 -1.0720173 -0.5106653 -0.65875256 -0.12896903 -1.29915 1.0841081 0.34152806 -0.6312188 0.056706727 -0.72989345 -0.16026154 -0.090572834 -0.6930202 -0.23643644 0.18571815 0.33115292 0.475884 0.1621794 0.5998281 -0.76554006 1.2074069 -0.08760897 -0.016023085 0.7570066 -0.15518184 -0.69067544 1.6389374 0.3969584 -0.03634054 -0.76175445 -0.17473966
84 0.16793713 -0.8705506 -0.33442774 -0.32252014 -0.12626582 -0.96823364 0.03929761 -0.46908456 0.15103674 0.18441148 -0.65580463 -0.75021774 -0.4830757 0.66323495 0.39447075 0.40076268 -0.17561734 0.10591504 -0.38977545 0.3358073 0.8804169 -0.30327633 1.2673552 -0.02159703 -1.0267715 0.2408758 -0.65345836 -0.5381733 0.71324736 0.31928855 -0.7275452 0.5314633
86 0.8170791 -0.88916975 -0.44271782 0.4895357 0.17833625 -0.6070333 0.22249636 -0.023144035 -0.026116913 0.08099535 -1.038561 -1.0056549 0.18120968 -0.04336484 -0.9209771 0.091246225 0.5115649 -0.08380461 -0.6481892 0.4084021 1.0836673 0.22934 0.8637021 0.38826793 -0.39152682 -0.6916213 -1.0203272 0.4176913 0.47786212 -0.2314228 0.29190612 0.71995395
87 0.9008935 -0.42154264 0.19730747 0.27855903 0.18079439 -1.0735222 -0.30772457 0.52530545 0.052985508 -0.15113813 -1.3494327 -0.9701676 0.42622414 0.08625113 -0.18358654 -0.29510784 0.6782368 0.48154342 -0.444129 0.4916734 0.202448 0.9013505 0.46677616 -0.16990155 -0.16090319 0.3489151 -1.2233735 0.48371592 0.6128643 -1.1184531 -0.66529214 0.9867634
89 0.1603777 -0.7749676 -0.5479408 0.3089435 0.058837928 -0.837516 -0.24021335 -0.29536128 0.13126758 0.06709914 -0.8737772 -0.87053186 -0.034346946 0.3095647 0.048902117 0.17809354 0.29492435 0.29639256 -0.38588277 0.17104779 0.56823105 0.019301651 0.9693901 0.13367712 -0.72855717 -0.12043314 -0.95448196 0.06946769 0.76239574 -0.046672244 -0.068008035 0.5291646
94 0.89531255 -0.69001245 0.020857146 0.4969943 0.15998547 -0.70098263 0.09541386 0.28585857 -0.114549495 -0.14161596 -1.1410998 -1.0875295 0.17078237 0.18700846 -0.48466232 -0.416149 0.532375 0.3319016 -0.35823888 0.2566367 0.61050594 0.39933473 0.5999381 -0.03686529 -0.5934424 -0.08342907 -1.0979301 0.42400536 0.70732266 -0.7946529 -0.27817535 0.8662267
95 0.21664102 -1.1776952 -0.3589836 -0.7349473 -0.18463969 -1.3785768 0.46427372 0.538895 -0.44893357 0.32169375 -0.89401513 -0.54182076 0.068966635 -0.5942442 -0.06217504 0.23221007 0.33556238 0.54647106 0.5903582 0.75262797 -0.675896 1.0915358 -0.08911436 0.070053004 0.9844683 0.11829169 -0.9601272 1.1409295 0.41413715 -0.5079272 -0.73940045 0.25964475
105 0.22366853 -0.97661984 -1.1431825 -0.85421234 0.30182776 0.031282082 1.5343777 0.8548778 -0.45679364 0.36247012 0.72292984 0.07619492 0.02327012 0.5591754 0.016205035 0.51766807 0.8137121 0.25001234 -0.28861827 -0.3100419 0.14176926 1.5223689 -0.2691925 -0.5432212 0.3281472 0.083002105 -0.6485345 0.47655377 0.67395073 -0.1250262 -0.688817 0.10701336
128 0.12307518 -0.95199895 -1.0398664 -0.71542096 0.07029352 -0.79258287 1.004495 0.5059965 -0.6712182 0.31499174 -0.36618343 -0.074664235 -0.023176553 -0.3185226 0.17941362 0.07082636 0.46400708 0.9699961 0.25029683 0.27767286 -0.6858042 1.3766044 -0.016192967 0.12747167 0.79372495 0.062147662 -1.0196084 1.5181248 0.5126088 -0.21183382 -0.64506596 -0.15596122
133 0.9950245 -1.0558801 -0.15665714 0.5144284 0.33119363 -0.78758305 -0.07114625 0.2861361 -0.17257586 -0.1758546 -1.2532489 -0.9421367 0.52848834 0.2285233 -0.42963073 -0.14332172 0.5136816 0.23762843 -0.4561806 0.5117776 0.6782521 0.46812293 0.3917324 0.0584477 -0.5286381 -0.17923406 -1.217384 0.18915807 0.43847835 -0.84002775 -0.3093991 0.6734306
135 -0.8769913 0.4413255 0.31526762 0.30964777 0.89008266 0.94622207 0.8048202 -0.4138405 0.03615821 -1.2341655 1.034183 0.085415475 -0.06190068 -0.85076666 0.5995411 -0.40661168 0.83873045 -0.5887336 -0.25589386 -0.37711987 0.93349135 0.99873054 1.1458238 0.32648814 0.3539705 -0.6089997 -1.1760403 0.20792843 1.1068711 -0.5274026 -0.3605469 0.8865588
136 0.25154597 -0.7297439 -0.10579032 -0.87811595 0.04987193 -1.6067829 0.39019006 0.36480007 -0.05924564 -0.2298975 -0.98521984 -0.4934424 0.08072429 -0.42672032 0.02369666 0.18633202 0.3871126 -0.0106671825 0.26064485 0.58575046 -0.6243758 1.2493545 -0.014078238 -0.066033036 0.8573045 0.05198877 -0.802817 0.9427823 0.26815844 -0.6128154 -0.24489576 0.32636866
137 -0.8525888 -0.03947062 0.57566845 0.69105756 -0.63023657 0.952051 0.27999482 0.25975555 0.31412807 -0.39926967 0.74300814 -0.2903743 0.105624445 -0.98003644 0.7150714 -0.07442445 -0.02112288 0.1432877 -0.31556174 0.4716664 1.1728089 1.081742 1.1776868 0.32000813 0.7156309 -0.40834543 -0.2514369 0.29116973 0.59267086 -0.83608925 -0.38797757 0.16410846
48 1.512453 -0.13936003 0.19215536 -0.056048382 -0.24202731 -0.96780777 0.17542984 -0.39981827 0.49831453 0.004554114 -0.86111516 -0.006685071 0.25341415 -0.77818835 -0.46087787 0.04089789 0.9256453 -0.05654648 0.6821661 0.85832936 0.3580159 0.8055111 1.5033325 -0.7301187 -0.03556853 -0.503336 -1.2832695 0.30567414 0.49956465 -0.97616225 -0.17746596 0.26002496
50 0.00900041 -0.29380304 -1.1053096 -1.0085647 0.20187247 -0.62928784 0.84087735 0.2168215 -0.4541277 -0.041859098 -0.14117186 0.24908634 -0.097751126 0.238549 0.37053126 -0.64856887 -0.120474085 1.0287211 -0.23286036 0.33158237 -0.3812319 1.1245832 0.05995721 0.39206988 0.47845796 0.9466944 -1.7919867 1.2420392 -0.3541071 0.47970796 -1.1180551 0.03759099
51 0.7200854 -0.26115724 -0.03121771 -0.09751804 -0.0038183648 -0.73965496 0.13453989 -0.32682484 -0.10789736 -0.054408405 -1.2555877 -0.56044644 0.27708745 0.08681209 -0.39875424 -0.3404922 0.60200983 0.33982256 -0.26633176 0.56433666 0.6648491 0.5160603 0.70468265 -0.36377695 -0.36888084 0.093543775 -1.0281008 0.6615049 0.39944986 -1.1907889 0.08660765 0.7790821
63 0.4353503 -0.99390787 0.98068345 -1.3463709 1.0128697 0.2155884 0.23039003 0.0911475 -0.61424255 -0.18246089 0.38470456 0.008582008 -0.21997456 0.17612028 -0.29357135 1.1289002 0.21609953 -0.43477282 -1.1070321 -1.4623797 0.88582903 1.6764594 -0.14871992 0.1236798 -0.1915816 -0.1741582 -0.82406837 -0.65686303 0.34275404 -0.40841946 -0.7566575 -0.2643731
73 0.61681825 -0.6323803 0.32583553 -0.77183 -0.14658615 -1.5423878 -0.07669477 0.2940549 -0.10641828 -0.20842445 -1.187711 -0.67881274 0.30260992 -0.17140053 -0.18255082 -0.027292697 0.4318356 0.25648138 0.2896458 0.6773122 -0.37168172 1.0919378 0.3367397 -0.51590955 0.48279664 0.49852067 -1.0214798 0.8051067 0.553262 -1.1815715 -0.3851698 0.69237167
77 -0.21198408 -1.2896272 -0.22392932 0.056716707 0.0030585555 -0.92988884 0.017424682 -0.9664398 0.3892863 0.09885025 -0.42242643 -0.59389806 -0.6616416 0.8833749 -0.021270875 0.4063766 -0.2464032 0.5628275 -0.61789966 0.6021246 0.51739985 0.21057534 1.5465671 -0.12169669 -0.8305987 -0.11470109 -0.79099697 -0.2634881 0.610938 0.827321 -0.6295593 0.40421182
80 0.1521152 -0.42033342 -1.2256869 -0.5984299 0.22091745 0.1719365 1.9333321 0.2450306 -0.35049012 0.38529316 0.17242856 0.054058727 0.24421865 1.0338122 0.63845485 -0.17994621 0.29558495 0.7415599 -0.07816137 0.0690062 -0.27027628 1.4642782 0.35314286 -0.15744928 0.51106864 0.6653525 -0.6853376 0.8831118 0.98350364 0.16849737 -0.7574082 -0.07087105
81 0.3474467 -0.66279614 -1.2824142 -0.8239582 0.29671824 -0.17241797 1.5331221 0.8990368 -0.5149899 0.4442584 0.7178724 0.15668015 0.27975738 0.6978455 0.22795735 0.5481017 0.81765395 0.57403004 -0.5504559 -0.38456404 -0.0760968 1.58365 0.01978626 -0.39781532 0.35179192 0.19824083 -0.67113626 0.50359505 0.7951866 0.11701024 -0.98905754 0.27866578
82 -0.25774294 -1.5111525 0.076061726 -0.087741636 0.029075608 -0.7198823 0.0995928 -1.2003945 0.44813484 0.5975693 -0.5091313 -0.55355203 -1.0945771 0.9692599 0.088773906 0.36404213 -0.08910471 0.50561064 -0.4469912 0.41267326 0.651315 0.20984559 1.3298606 -0.42004108 -1.0727156 -0.15814893 -1.3563519 -0.35356796 0.9158865 0.5991525 -0.99826014 0.65217066
92 -0.08875667 -1.1362295 0.13931398 0.09584125 -0.27547714 -0.7821728 -0.099275574 -1.0889317 0.48743892 0.46322483 -0.7045939 -0.6045308 -0.94601494 0.94146955 0.07573632 0.10123403 -0.07971486 0.21188347 -0.85838217 -0.003136946 0.5407712 0.22490649 1.3619131 -0.16764295 -0.7821019 -0.16126573 -1.1256198 -0.26469663 0.8367153 0.429229 -0.96198267 0.86133647
97 0.19344677 -1.1720072 0.08149025 -0.0071983007 -0.16863044 -0.89008904 0.066648245 -1.2043172 0.3690694 0.33352566 -0.5785261 -0.5959962 -0.8894054 0.9569798 0.21517925 0.48461056 0.03931872 0.22007516 -0.59775335 0.5211838 0.47807792 0.14049335 1.3945915 -0.12532772 -0.91016096 -0.36569977 -0.94709164 -0.4441183 0.5429451 0.5174352 -1.0437473 0.62994903
99 0.55910045 -0.624241 -0.24049309 0.3057779 0.0015441942 -0.8397556 -0.20381297 -0.07066637 -0.0040438278 -0.08428802 -1.0810711 -1.1434954 0.2312434 -0.00754016 -0.4862194 -0.13471025 0.55249506 0.30822587 -0.36004475 0.3419298 0.7141695 0.34785095 0.5805465 -0.16339578 -0.41637236 0.14879176 -1.0430104 0.28682503 0.73452854 -0.81692684 0.15371597 1.0148422
103 -0.3108774 0.1073034 1.1717712 -0.38073704 -0.5962055 0.39027187 0.08052067 0.27332777 -0.1691908 0.21091272 0.4422848 -1.6965007 -0.12447284 -0.8205305 0.8225313 -0.018536676 -1.1064487 -0.21717852 -0.19020025 0.8349417 0.6570862 1.9085357 1.0356294 0.6249537 1.3355348 -0.2556911 0.84102076 0.13207538 0.83145946 -0.102787316 -0.1629062 0.124140985
104 0.7843488 -0.5353897 -0.68259037 -1.5316184 0.229595 0.24899767 0.45425835 0.72154564 -0.45128208 0.24483536 0.7745255 -0.24808472 0.76069385 0.7854061 -1.0423068 0.62680495 0.17418817 0.32908672 -0.19023621 -1.0143441 1.00353 1.7759796 0.32878727 -0.13052799 0.27328578 -0.049521953 -0.62685204 -1.0367244 0.16137855 -0.35409608 -0.5849088 -0.597691
142 0.3903409 -0.63250965 -0.99009985 -0.8321813 0.44300774 -0.032901045 1.4333477 1.1487052 -0.54926217 0.1899159 0.97446406 0.011354226 0.08005607 0.83183044 0.13176231 0.5911969 1.0169673 0.39013222 -0.17040834 -0.47514915 0.36960113 1.563391 -0.058876093 -0.40319115 0.4239079 0.09704563 -0.82052726 0.16591708 0.42533314 -0.12701535 -0.51280886 0.17422262
143 0.22272879 -0.32572275 -0.8821761 -0.76636744 0.22959861 0.04176307 2.0693357 0.45813134 -0.25398844 0.18571974 0.31677112 0.04724233 0.12642743 0.94880176 0.42162636 -0.23398347 0.47573638 0.33859804 -0.2123433 -0.011725549 -0.12640634 1.5825535 0.07709631 -0.33237356 0.60982645 0.45538804 -0.6164552 0.76548916 0.8207879 0.061127447 -0.64028823 0.07106873
147 -0.4470734 -0.92608756 0.32514358 0.95909375 -0.69785976 -0.19969375 -0.18931048 -0.4069992 0.53629535 -0.8011322 1.1686828 -0.1705731 -0.17962828 -1.0767843 1.0682311 -0.17575213 -0.9802554 0.33243006 0.22030292 1.4075212 1.0503879 1.7964876 0.45448697 0.09103826 0.40719387 0.41311124 -0.18842652 0.08979128 0.27219617 0.25754452 -1.0077934 0.06280289
76 0.53046185 -0.40473568 0.18221074 -0.5519391 -0.10947013 -1.1198297 -0.066519834 -0.43435705 0.11773811 0.5019672 -1.24122 -0.39284655 0.24715507 -0.33892798 -0.120838314 -0.0038314916 0.6654489 0.068237305 0.37970594 0.7074996 0.18027006 1.0589764 0.45466962 -0.58138365 0.34730962 0.4426754 -0.9008116 0.67984706 0.31007728 -1.1252302 -0.2527869 0.7400707
93 0.6215006 -0.16233101 0.05592665 -0.3080058 -0.28454617 -0.9671854 -0.117990114 -0.46418056 0.043662082 0.107789986 -1.1639788 -0.26518643 0.13605675 -0.21065299 -0.6015651 -0.10911586 0.9089654 0.11012879 0.02302703 0.51829123 0.54764044 0.5817977 1.026458 -0.27028954 0.25083572 0.3015668 -0.9610378 0.6144004 0.3594051 -0.9333323 0.03428423 0.7465036
57 0.0058146482 -0.8562219 0.45740747 -0.37060216 0.6630147 -0.12224387 0.07698553 -0.5212642 -0.6270415 -0.2447508 0.33194637 0.016739773 0.033784345 -0.24753277 -0.15376991 0.7203507 -0.09134777 -0.29951546 -1.0139554 -1.6266464 0.35528797 1.5810983 0.36225203 0.37601295 -0.032503713 -0.115862764 -0.46833727 -0.56910694 0.2637463 -0.2879104 -0.41269043 -0.15057856
72 -0.22673701 -0.14689328 0.33612216 0.77708757 -0.9100722 0.28637367 0.18354872 -0.24868563 0.6653783 -0.63448447 0.9459084 -0.5025754 -0.42234033 -0.9457048 0.57728857 0.58053124 -0.5072061 0.030858755 0.25662673 1.155732 1.3625566 1.3891906 0.7264929 0.15164039 0.64456075 0.384828 -0.2657241 0.15773705 -0.31489977 0.18704428 -0.96257806 0.27263963
127 -1.1037173 0.46802795 0.40019625 0.22702289 0.8685971 0.9857109 0.87702376 -0.60635453 0.23935603 -1.299882 1.0068647 0.11428778 0.17526336 -0.9746081 0.27557483 -0.41498992 1.1496527 -0.67455393 -0.26886225 -0.30673012 1.158366 1.2348784 1.2404993 0.4045047 0.44270498 -0.66633713 -1.4401568 0.18208945 0.8361051 -0.5026448 -0.53345233 0.80467635
42 0.39913276 -0.16908276 0.42520842 -0.21109413 0.14522111 0.23070422 0.4129952 0.14224403 0.08819655 0.03705854 1.0574553 -1.2512568 -1.1667258 -0.65738875 0.35021004 0.84776 -1.2075105 -0.44354007 1.2043874 0.7198818 1.5310092 1.2912278 -0.07936669 -0.2702802 -0.083743505 0.16829747 -0.51880187 0.67947656 -0.03449069 0.5655631 -0.48807296 0.85600924
43 0.4004846 -0.18807414 0.01791382 -0.1395592 -0.70132965 0.22434543 0.30249053 -0.7817938 -0.52475315 -1.1761575 0.4033325 0.51104724 -0.7025476 -1.3783964 0.43704107 0.41855168 -0.8227051 -0.4548276 -0.0034015952 -0.7545505 0.845309 0.6964882 1.2355766 0.11886893 0.62369156 -0.31018174 -0.04065007 0.23219892 1.1300516 -0.75419295 -0.43179458 -0.0664296
44 0.1303326 -0.27068695 -0.20098838 -0.32202077 0.73204046 0.28829253 0.0990515 -0.9996024 -0.64532876 -0.6435006 0.59819543 -0.4887642 -0.038545392 -0.5310313 0.15560633 -0.1689283 -0.30462733 -0.52136546 -0.68331516 -0.97422683 0.3709753 0.89053065 0.67702556 1.239409 0.39887044 -0.21485387 -0.23030837 -0.46886894 0.45092687 -0.38196456 -0.46834522 0.23886164
45 0.3879877 -1.6316681 -0.81574816 -1.2441475 -0.7154151 -0.07277362 0.60984886 0.2973969 -0.9570785 -0.3282832 0.7252123 -0.3561763 -0.24796139 0.7763464 0.23474102 0.32815394 0.55623585 0.40458503 -1.2015098 -0.35698995 0.4916709 1.3322711 0.10112534 -0.12766732 0.24535166 1.0702355 -0.72867167 -0.90665233 -0.54118323 -1.1543287 0.6167053 -0.7288139
46 0.4057033 -1.3188677 -1.8959409 -0.2565593 -0.32204023 -0.9814372 1.955229 0.4185489 -0.09363152 -0.48990783 0.28194344 1.2078615 -0.028848605 0.10162964 0.2294689 -0.5056849 -0.2842948 -0.75496787 -0.16752014 -0.030668689 0.7505259 0.43540934 0.48030755 -0.31587735 1.1846675 0.89924073 -0.80173993 -0.077690005 -0.49754915 -0.24873053 -0.86470217 0.00708414
52 0.5344604 -0.5478947 -0.08336622 -0.97812945 -0.3518679 -1.2581493 -0.10298196 -0.31228852 0.52754587 -0.008486899 -0.85584146 -0.26209894 0.31628734 -0.2463639 -0.21581851 0.40453562 0.48341525 -0.29151368 0.43414646 0.6657924 0.098545134 0.9579899 0.19769049 -0.6320096 0.3385075 -0.06194802 -1.0189828 0.7286261 0.51832885 -0.88363063 0.07594987 0.48951134
69 0.42019758 -0.007446156 0.2642909 -1.2575848 -0.1514765 -1.0577478 0.54432875 0.5257118 -0.076483846 0.14309259 0.32633945 -0.036934074 -0.027984278 0.057591666 0.092424616 0.123748004 0.007340526 0.057651453 0.1653281 0.6622198 -0.8731611 1.2616292 0.54173493 -0.019707236 0.6244964 0.37770563 -1.0384527 0.924612 -0.5691173 0.20431125 -0.29475516 0.30052444
100 0.1757581 0.14593995 0.3579804 -0.93741846 0.07096506 0.8769753 -0.2709475 -0.002139013 -0.6936216 -1.2011491 0.7350751 0.115818135 0.2531176 -0.82633346 0.46911243 -0.77036285 -1.1798958 0.6519957 0.25459906 0.09316421 0.9110486 0.39090604 1.1986144 0.8347581 0.9069678 -0.060983285 -0.95143896 0.08599463 1.190019 -1.378401 -0.25832894 0.0018744242
101 0.2619677 -1.5616693 -0.74473333 -1.0838597 -0.73127264 0.038419485 0.5020928 0.37829062 -0.8425213 -0.66493964 0.7463719 -0.3490102 -0.23072653 0.8081566 0.04952232 0.3707886 0.57763714 0.36283115 -1.3092635 -0.33392596 0.5979994 1.3575559 0.22891374 -0.1006104 0.41630647 0.99278855 -0.6749599 -0.7904214 -0.5881215 -1.1121866 0.60518855 -0.755596
102 0.21366832 -1.6223848 -0.6045653 -1.0469474 -0.7245436 -0.011670208 0.5878856 0.6325655 -0.8869629 -0.30352503 0.9249901 -0.33449656 -0.17339931 0.8101128 0.1841691 0.3335283 0.4676501 0.5893157 -1.1158314 -0.19232942 0.5626383 1.3635087 0.09636939 -0.06407829 0.39289543 1.0297129 -0.6557443 -0.88257873 -0.5410208 -1.117075 0.47620627 -0.5204528
108 0.5755992 -1.2813729 -1.9358442 -0.50929856 -0.09641541 -1.2750322 1.5935738 0.3922603 0.051611375 -0.45347926 0.23095839 1.3516321 0.0132176615 0.05936604 0.6919574 -0.5851836 -0.48928553 -0.4681043 0.011123272 0.23321599 0.60823345 0.42648363 0.46694946 -0.23933889 1.3108609 1.1455414 -0.9448589 0.16223842 -0.38107896 -0.3791072 -0.8641458 0.30915064
125 0.36581165 0.16019008 0.5928851 -0.99983585 0.07090943 0.74059355 -0.5589795 0.20806578 -0.60970557 -1.2249612 0.5360269 0.2585412 0.2621246 -0.8444085 0.61283696 -0.72863925 -1.3658088 0.63495433 0.0963644 0.29097256 1.1521639 0.79730076 1.6205536 0.806891 0.9686485 -0.20122911 -0.6996947 0.31897643 1.0576328 -1.1022737 -0.25341955 -0.48851737
126 0.43028176 -0.47374836 -0.4463194 -0.69389904 0.5236269 0.6287212 0.2894268 -1.2904904 -0.9949063 -0.64907664 0.71010655 -0.94264764 -0.5678115 -0.53167677 0.1956519 -0.08495562 -0.42541644 -0.46463472 -0.51146406 -1.0773591 0.24877246 0.9499074 0.82590467 1.3467567 0.44117785 -0.3314799 -0.22575544 -0.87846816 0.5278057 -0.16879222 -0.697781 0.06873192
131 0.49800208 -0.12295312 0.64734703 -0.09753284 0.088847265 0.32279634 0.7179138 0.0721609 0.12844048 0.044743568 0.9885562 -1.1785172 -1.0775139 -0.4274302 0.51172614 0.9599104 -1.0775167 -0.4805519 1.067556 1.0395662 1.5260599 1.2469106 -0.1972494 -0.13183461 -0.14584295 0.42553204 -0.6613967 0.7427982 0.09931572 0.72255266 -0.7480302 0.9107602
138 0.33465272 -0.2163693 0.35062948 -0.21873717 0.15725599 0.34756035 0.58781767 0.024217635 0.11454756 -0.12273891 1.1230164 -1.1735307 -1.0960387 -0.42641443 0.46783766 0.9039913 -1.0669695 -0.5405038 1.1059418 0.9788668 1.5478097 1.3169696 -0.2068941 -0.20116797 -0.2248241 0.4229446 -0.6809457 0.60923415 -0.11999174 0.5408164 -0.679434 0.8439195
139 0.22916383 -0.3193503 0.09007554 -0.055501666 -0.88907385 0.27617332 0.39157584 -0.31122887 -0.4286924 -1.0278429 0.38339776 0.38234523 -0.47373417 -1.619225 0.574984 0.51562554 -0.82519084 -0.16706696 0.15059628 -0.62716097 1.0853311 0.73497415 1.406949 0.04977378 0.8217738 -0.20214693 0.15961781 0.04021604 1.0968499 -0.68820304 -0.5729171 -0.5113082
140 0.46793187 -0.70607924 -0.4750122 -0.61743826 0.6777916 0.5518501 0.24052314 -1.3681518 -1.0367041 -0.474971 0.6292009 -1.1339364 -0.55653465 -0.5082779 0.3429215 0.1074088 -0.5340859 -0.7656161 -0.8082942 -1.3254098 0.35982642 1.2679563 0.7817767 1.4467462 0.12673017 -0.3960277 -0.34093586 -0.93714535 0.154446 -0.2035037 -0.7415101 -0.08319655
144 0.55576885 -0.68742853 -0.69182754 -0.722395 0.5727074 0.7422523 0.23078369 -1.347204 -0.98635405 -0.24508023 0.5256397 -1.0958837 -0.29432505 -0.45816618 0.3633046 0.05548316 -0.6065691 -0.66667706 -0.52582496 -1.378815 0.51892394 1.0748651 0.85488456 1.5357993 0.377267 -0.417116 -0.42440692 -1.178823 0.18749346 -0.6412658 -1.0035461 -0.23894952
145 0.3656399 0.12962423 0.60727835 -0.92826754 -0.10901042 0.7767555 -0.61278933 0.115742646 -0.5462286 -0.999145 0.47869688 0.26425132 0.6005513 -0.7869014 0.90993655 -0.2790643 -1.212364 0.79870903 0.059029486 0.48268348 1.2358145 0.9381083 1.3671424 0.876189 0.9574945 -0.14559439 -0.5977471 0.40011162 0.89202315 -1.2526351 -0.36323214 -0.5260607
150 0.5881156 0.27233785 -0.8186989 0.08254726 0.178774 0.7548781 0.71744305 -0.24544953 -0.317628 -0.2671401 0.7494525 -1.4584183 -0.21948618 -0.35714698 0.536807 0.9408863 -0.9652136 -0.4401147 0.9271775 0.988202 1.0586973 1.1723621 0.08039163 0.095137656 0.038442824 0.7343034 -0.34783366 0.32713217 -0.33940765 0.2634344 -0.56666493 0.34069484
71 -0.19062869 -0.17886157 0.84473675 0.046155997 -0.72511446 0.41575575 -0.079660974 0.014995431 0.25139213 0.039678425 0.6560838 -1.0577612 -0.022436598 -0.6362244 1.2232914 0.0039699706 -0.7810139 0.18840943 0.1101121 1.1248193 0.66570544 1.7885761 0.9257375 0.592379 1.1745542 -0.16566835 0.531036 0.07541939 0.9032588 -0.025162833 -0.43805727 0.13876855
79 -0.76955223 -0.26000538 -0.6979243 -1.0491142 -0.571637 -0.93162364 0.3976609 -0.15597324 0.5698263 -0.8104302 -0.46210307 -0.58322656 0.6557028 -0.35764977 -0.79403335 0.33051935 0.7375451 0.024881547 0.08086224 0.7389768 -0.8904843 1.0821166 0.35356778 0.5616589 1.4060725 0.5121484 -1.316506 1.0485947 0.081183985 0.10508778 -1.2383716 0.6278126
90 -0.910409 0.05036095 -0.44340858 -1.1327654 -0.4825685 -1.2204869 0.55651265 -0.43084615 0.6375383 -0.7040303 -0.6727729 -0.5960281 0.8563295 -0.37195727 -0.6467781 0.123063564 0.8185995 0.07638211 0.5303316 0.52047217 -0.62538445 1.2158095 0.3928159 0.7478415 1.2003993 0.6276298 -1.3968954 0.75791264 0.0017378329 -0.18437292 -1.0700623 0.5562303
91 0.45770448 -0.95966756 0.2153643 -0.7956974 0.5322042 0.22640057 0.9190968 0.8292479 -0.36950234 -0.03424479 0.52039677 0.01680302 -0.056063727 0.74873686 -0.7291979 0.6781585 0.36890903 -0.23847811 -0.9724211 -0.9067276 0.63036376 1.3504931 -0.23936477 -0.19783172 0.4373323 0.5536276 -0.7867275 -0.68373454 -0.08044775 -0.060438525 -0.5728243 -0.063725725
98 -0.5655404 -0.1707438 -0.37682515 -1.017633 -0.33920676 -1.0671508 0.51420397 0.019667136 0.40068945 -0.7033997 -0.30626664 -0.21081406 0.52958894 -0.26184264 -0.57645804 0.0653193 0.6616678 0.16361341 0.100057095 0.6221797 -0.6728894 1.0876784 0.10648841 0.44609955 0.9872232 0.34852475 -1.3515633 1.1237081 -0.14029294 0.18652537 -0.7992742 0.47670692
132 0.30383664 -0.6165324 0.3983402 -0.5524256 -0.38584602 -1.4755946 0.17509155 0.21948291 0.10834952 -0.082193084 -1.2809795 -0.84258646 0.3434653 -0.1643289 -0.06347363 -0.2500416 0.3392261 0.03850334 0.08850957 0.74373585 -0.30364668 1.0794725 0.23507212 -0.5903568 0.53426224 0.23310393 -0.9331966 0.65389854 0.45705125 -1.1667584 -0.521591 0.74035615
134 0.9293176 -0.5344816 -0.7692478 -1.5745264 0.22387221 0.18924996 0.4485615 0.94015217 -0.596489 0.27088854 0.8486231 -0.24140745 0.6403263 0.5889931 -0.97895676 0.67796934 0.23582801 0.4765526 0.027994076 -1.0822293 1.0608125 1.7472485 0.4809071 -0.29262727 0.28082332 -0.09950688 -0.6382183 -1.0241421 0.05200789 -0.37727612 -0.57060933 -0.6992497
146 -0.26929802 -0.79624146 0.19276327 0.9958455 -0.41643414 -0.26158354 -0.48956287 -0.43489784 0.59172463 -0.8712851 1.1102922 -0.20205794 -0.1522376 -0.8527395 1.1858352 -0.05500647 -1.2823527 0.40773144 0.26102415 1.2888677 1.1375611 1.7918371 0.33388665 0.043030348 0.2772661 0.62088627 -0.39979032 0.20230411 0.18463673 0.35789898 -1.1202629 0.12994632
78 0.55519277 -1.1230515 0.55419856 -1.1773456 0.9743578 0.36523104 0.28906178 0.4680612 -0.5976192 -0.150722 0.5326565 -0.18815304 -0.3160573 0.539931 -0.3795443 1.114123 0.33590016 -0.12817425 -0.6881882 -1.5736122 0.83750796 1.8139539 -0.1514767 -0.115401596 -0.06100085 0.119274154 -0.98407006 -0.96313655 0.3619639 -0.5168532 -0.69396025 -0.2876506
141 0.058666714 -0.28072137 -1.0297086 -0.4480618 0.11743889 -0.022759296 2.1818275 0.30085528 -0.43485948 0.09867554 0.1420875 -0.073081024 -0.06685896 0.9788748 0.75363505 -0.13150367 0.3728068 0.59618044 -0.13867398 -0.14061332 -0.22587739 1.4177235 0.16275933 -0.3910703 0.53458387 0.7176204 -0.67862767 1.0643501 1.0703365 0.06397302 -0.6375504 -0.055253983
85 -0.6938812 0.48960507 0.47411153 0.16565146 0.48737788 1.0154346 0.79736423 -0.4132012 0.20061974 -1.2340468 0.80172604 -0.102412336 -0.17609271 -0.77973616 0.5489783 -0.19989243 0.94820255 -0.6371803 -0.37670842 -0.08506102 0.9994243 1.0276237 1.1533915 0.37534088 0.48447874 -0.6583435 -0.8020225 0.22183254 1.0212789 -0.48053658 -0.21541657 0.64803046
88 0.14877464 -0.13466288 0.0586433 -0.66244 -0.29076028 -0.9621788 0.6149022 -0.002758409 -0.032062173 -0.044788845 -1.0370033 -0.5549961 -0.027728692 -0.40769592 -0.29365677 0.040244468 0.49698055 0.19225197 0.53657115 0.5893411 -0.802546 1.0272698 0.38366076 0.030856824 0.90950364 0.51558983 -1.0906703 0.8640139 -0.042390056 -0.5245084 -0.7630283 0.28456014
96 -0.459929 -0.410934 0.4736332 1.0337318 -1.1062146 0.88176817 0.24828416 -0.16060677 0.5795702 -0.643792 0.680574 -0.6307677 -0.2200181 -1.2831739 0.78032047 0.34270412 0.05760744 -0.1800346 -0.1904156 1.2662592 1.3471924 1.1671084 1.2324688 0.6686456 0.74969715 -0.35866556 -0.33698985 0.43152085 -0.081002414 -0.6677293 -0.7583848 0.038091987
75 -0.57446986 -0.32349488 0.5821377 0.84905994 -1.327731 0.7377727 0.31118083 -0.16725115 0.72251385 -0.66028076 0.70842713 -0.6655424 -0.44197354 -1.1663074 0.43127173 0.4478347 -0.2558989 -0.08554315 -0.09320927 1.1874278 1.5541625 1.1521722 1.1246114 0.6546933 0.9081632 -0.15110394 -0.3345341 0.27334696 -0.17211415 -0.24335387 -0.9852628 0.11791731
148 0.07239895 -0.25538018 0.047085147 0.7056961 -0.31533772 0.012169245 0.051440172 -0.38246164 0.6967535 -0.5209482 0.8677999 -0.43792477 -0.118697606 -0.61533964 0.48281524 0.45888174 -0.8878262 -0.1091693 0.2921939 1.2901596 1.6444374 1.2156188 0.27992496 0.14479893 0.5384484 0.3311448 -0.2389522 0.47980133 -0.30764487 0.46843922 -0.8120135 0.4591337
62 0.55541617 -0.18166521 0.47013864 -0.04236126 -0.050812244 0.6125243 0.06552296 -0.06998375 -0.07133358 -0.98149097 0.20794076 -0.6169007 -0.7129285 -0.58013284 0.6368167 0.1656026 -1.3802617 -0.05438072 -0.24704216 1.4382411 1.2466482 1.5678722 0.29689538 0.1937865 0.17730555 0.2954619 0.01245336 0.33762985 -0.3684437 0.5371153 -0.69618213 -0.32756597
106 0.6057428 -0.04263091 -0.13244861 -0.026774826 0.92681366 0.45759004 0.4707273 -0.018033905 -0.6356809 -1.5725614 0.65144104 -1.277105 -0.84272397 -0.27332744 0.27759546 0.35971984 -1.5437846 0.10221282 -0.19889441 1.7724293 1.3279619 1.2939641 0.15585817 0.4100267 -0.4824647 0.8484567 -0.4980528 0.7767543 -0.7375401 1.01898 -0.4951072 0.20440349
53 0.74008447 -0.22558759 -0.07283422 0.2225242 0.5123502 0.56503385 0.506911 -0.12066556 -0.5199403 -1.3146061 0.5289243 -0.8040084 -0.71560204 -0.52727807 0.37347466 0.20766045 -1.5399201 -0.16394122 -0.3406351 1.6142492 1.3744419 1.4269851 0.13190733 0.49452695 -0.02260535 0.5616262 -0.15628459 0.5267793 -0.7851548 0.83569586 -0.77811486 -0.08312284
65 0.25335807 0.8893666 -1.325637 0.16316319 0.4227152 0.77594334 0.92688894 -0.27086613 -0.1717338 -0.8160237 0.45157143 -1.6850419 0.23709425 0.0014610423 0.37670705 1.1504791 -0.89206815 0.106101274 0.6193373 1.0241452 1.3855706 1.5990384 0.20775072 -0.48249656 0.18825851 1.136216 0.009552863 -0.068984486 0.32117158 0.36094698 -0.85789454 0.57037073
130 0.63500565 -0.08331292 -0.17411457 -0.15193877 0.6751065 0.54116905 0.30305898 -0.046102867 -0.6488969 -1.256497 0.56995463 -0.936113 -0.65406585 -0.241598 0.56029534 0.13853714 -1.9121962 0.31586444 -0.19984518 1.8906996 1.5345206 1.4339093 0.21922348 0.49054694 -0.496438 0.81266373 -0.56642705 0.7639884 -0.9781521 0.8835961 -0.6124145 -0.10283381
149 0.32019117 -0.94468033 -0.060124964 0.44760263 0.17132436 0.4427079 0.18398608 -0.2917111 0.08561293 -0.56087554 1.2087286 -1.2717593 0.005796554 -0.72896224 0.5819724 0.56873417 -1.2082095 -1.0233086 0.7418855 1.3878663 1.2343373 1.0231166 -0.0028448636 0.16686657 -0.12666494 1.1128222 -0.9737536 0.72985137 -0.48781738 0.15596993 -0.4424738 0.18440369
47 0.49803934 0.8770342 -1.6748279 -0.22664182 0.5518724 0.58837223 0.6616121 -0.1312121 -0.12891565 -0.90285254 0.25220665 -1.7513685 0.14472806 0.16002244 0.33262837 1.4118125 -1.1674739 0.21072036 0.8416628 0.90318435 1.469363 1.5413617 0.22022946 -0.40162373 0.54694504 1.190571 0.04198845 -0.052942697 0.38794777 0.2514466 -0.897423 0.559556
152 0.40228817 0.97012514 -1.4097399 -0.17909561 0.6951454 0.67169136 0.9316601 -0.23511069 -0.23096254 -0.6621305 0.58439934 -1.5682963 0.30187747 0.06080621 0.28635144 1.4555984 -0.96323603 -0.19345555 0.8646296 0.7241153 1.438207 1.4832925 0.19459516 -0.4862351 0.28998286 0.9495549 -0.044554368 0.039907426 0.33179322 0.32865065 -0.8285675 0.58536714
66 0.2594 -1.0399555 -0.23476349 0.3723068 0.26016998 0.5775454 0.13225394 -0.30318075 -0.16008599 -0.5143888 1.5823891 -1.4961721 0.060549665 -0.7925504 0.45012406 0.3812435 -1.2411999 -0.76686025 0.90422213 1.4618093 1.347287 1.0324146 -0.107627735 0.2210551 -0.3078954 1.4828732 -1.0968666 0.7386101 -0.4117056 0.2327014 -0.09428909 0.39193437
67 -0.1314642 -0.5596409 -0.6763712 -0.8326673 0.45675087 -0.50790924 0.60835654 0.3922617 -0.6083282 -0.110376395 1.2796097 -0.6075043 -0.06710225 0.13514987 0.11523967 -0.09957593 0.29896456 -0.2033127 -1.1065788 -0.7494997 0.7513651 1.4097673 0.43167886 -0.31457114 -0.6625917 -0.3604291 -0.24796644 -0.7516565 -0.6599241 -1.0797195 0.42290613 0.09676673
68 -0.096383356 -0.30883497 0.64865726 -0.46576434 0.10351306 -0.05322546 0.3773179 -0.5004127 -1.2306876 -0.75476897 1.152436 -0.23237205 -0.25738406 -1.2705543 0.21955739 -0.20022394 0.11307834 -0.13460493 -0.44244725 -0.44069788 1.0237389 0.10157526 0.46349677 1.2361245 0.32435718 0.14931974 -0.35407597 0.21596302 1.0935564 -0.67650205 -0.113331765 0.90024567
70 -0.5892216 -0.64607584 0.096627705 -0.6287817 0.51774895 -0.5837669 0.58807987 -0.7755579 -0.97051394 0.015690038 1.0992701 -0.5128745 0.035774868 -0.6647808 0.31996894 -0.50995725 -0.20964298 -0.46311638 -0.6083299 -1.1434662 0.728192 1.0271316 0.42054114 0.75784665 -0.30503175 -0.30983678 -0.27462405 -0.579624 -0.10689665 -0.5812339 -0.42278877 0.5442749
107 0.19346194 -0.33216628 0.96321714 -0.7266818 0.09781874 -0.0297272 0.41173875 -0.43327248 -1.2217845 -0.9949345 1.1753424 -0.20413125 -0.077398315 -1.070593 0.27854463 0.2036361 0.18916611 -0.25731525 -0.2652145 -0.337752 0.87195307 0.1479734 0.5389546 0.9928792 0.25749794 0.17220421 -0.39577922 0.0827799 0.96828836 -0.88887155 -0.02903908 0.7735877
109 -0.38126308 -0.8572153 -0.50940394 -1.0027164 0.48246643 -0.57485217 0.33132556 0.0484934 -0.721904 -0.04585078 1.1693834 -0.43784142 0.17949733 0.014264726 0.11492958 -0.44359773 0.05595509 0.030354451 -0.8852424 -0.7588278 0.7979722 1.6044873 0.2063132 -0.20862351 -0.8790742 -0.16307081 -0.37750632 -0.6001358 -0.7946155 -0.949213 0.45723468 0.010565288
110 0.18275364 -0.46804893 1.3338841 -0.59134096 -0.5627351 0.42393908 -0.027648654 -0.12883244 -0.8065818 -0.2543747 0.8941299 0.14175448 0.08893223 -1.2136422 0.96567845 0.23799242 -0.015052465 0.4931787 0.25505581 0.42736274 1.0803794 0.7991316 1.7078376 0.73899716 0.44117188 -0.52579904 -0.29402992 0.07772383 0.44995067 -0.7653711 0.32888806 -0.69694084
111 0.09309467 -0.31899366 1.1109257 -0.65447485 0.034476746 -0.062136736 0.46950105 -0.424784 -1.2567506 -1.1007739 0.9692882 -0.07526154 -0.36934537 -1.0198723 0.42156342 0.09341396 0.24560711 -0.039918225 -0.69305307 -0.30589852 0.94452405 0.23339275 0.49746352 1.099347 0.2918773 0.26532272 -0.24246171 0.1834911 1.0271518 -0.5571268 -0.08263665 0.69532317
112 -0.08347551 -0.40352863 0.6899551 -0.48343453 0.15103526 -0.36899626 0.826692 -0.7006458 -1.238492 -0.57083416 0.9984646 -0.15306139 -0.033499893 -1.1639155 0.31651798 -0.11828372 -0.05691566 -0.30159295 -0.62724924 -0.58134174 0.9187189 0.4207035 0.36148807 1.0134627 -0.110742584 -0.028613146 -0.17319056 -0.3875261 0.41610968 -0.6506555 -0.28608847 0.59787387
113 -0.05320384 -0.35499626 0.71037096 -0.48684353 0.23409532 -0.38952076 0.59181416 -0.73034465 -1.1959232 -0.19868053 0.93312925 -0.26709485 -0.0354908 -1.0067308 0.0134377545 -0.24886163 0.14227468 -0.47140032 -0.7208721 -0.791784 0.98303807 0.71656823 0.16628785 1.0152581 0.09788199 -0.17181483 -0.11445592 -0.27681834 0.44112813 -0.5593184 -0.4566802 0.8820933
114 0.2606063 -0.37074187 1.089756 -0.5846795 0.04505607 -0.014903884 0.54781294 -0.37129286 -1.2679231 -0.7714512 1.2807823 0.15517989 -0.12577151 -1.0044224 0.27748847 0.078724444 0.11754249 0.013156393 -0.5061991 -0.016465629 0.9505547 0.21994472 0.6348446 0.9578108 0.47949532 0.17369199 -0.084147856 0.020427905 1.1067343 -0.65311736 -0.049701937 0.8147725
115 0.24394229 -0.1443272 1.2412661 -0.708867 -0.32017595 0.080997795 0.25985175 -0.30652943 -0.9143734 -0.8683936 1.3962526 0.104024604 0.020941988 -1.1197675 0.4399396 0.15182863 0.31580248 0.3521444 -0.05729427 0.085258074 1.046022 0.37265986 1.2314657 0.9086221 0.33895922 -0.05503027 -0.25380826 0.09195923 0.9173561 -0.5860279 0.11524145 0.25849655
116 -0.45942873 -0.44758305 0.045317292 -0.6714029 0.362829 -0.8180868 0.8325464 -0.35754967 -0.90380317 0.037038784 0.91518027 -0.46073174 0.1519281 -0.5296283 0.39285368 -0.39039478 -0.004419259 -0.4129902 -1.173074 -0.7860168 0.6021928 1.388449 0.42734095 0.28881252 -0.5895685 -0.39327717 -0.07878054 -0.61332494 -0.67769074 -0.82967067 -0.08891857 0.33473796
117 -0.49823758 -0.6412813 0.21757866 -0.74453247 0.5205517 -0.89575744 0.7877468 -0.6428101 -0.9283134 -0.13051763 0.85455316 -0.41236347 0.15329422 -0.84736466 0.25945142 -0.1489651 -0.20919903 -0.6077121 -0.66490716 -0.9388328 0.7686728 1.2781842 0.27885032 0.5418514 -0.42957076 -0.49670354 0.027464436 -0.510993 -0.27485695 -0.7251976 -0.16280578 0.45297262
118 0.07055411 -0.33925998 1.0246361 -0.38203356 -0.46020493 0.11401948 -0.08299671 -0.41748208 -0.7911715 -0.79311407 1.1722656 0.021070907 -0.103291586 -0.99706316 0.6144229 0.20615585 0.18727124 0.4943139 -0.18972665 0.30313513 0.7389406 0.5607342 0.88482 0.7704331 0.35431564 -0.14299704 -0.09929603 0.10118345 0.9250223 -0.6396622 0.07531816 0.15039505
119 -0.5149392 -0.4581955 0.5616693 -0.44900763 0.363454 -0.72796804 0.9716821 -0.6826768 -1.2923654 -0.124232784 0.85035574 -0.43074137 0.22678223 -0.8817524 0.3310872 -0.026800541 -0.057423957 -0.4837195 -0.6162547 -1.0118029 0.67402834 1.2781017 0.500152 0.7036694 -0.46168977 -0.3487098 -0.15399426 -0.3808024 -0.43889883 -0.46091828 -0.19839363 0.2901606
120 0.441477 -0.45501843 1.1236455 -0.53713197 -0.6289641 0.20478986 -0.33289155 0.09602677 -0.89844304 -0.44309798 1.0834548 0.023245651 0.14024396 -1.1672724 0.7138323 0.28176317 0.01690619 0.9861624 0.20301305 0.22422555 1.0931529 0.7155247 1.4487165 0.9435329 0.53997016 -0.13251182 -0.07942803 -0.070207834 0.93343407 -0.6750584 0.09506837 -0.28479922
121 -0.1309558 -0.57864666 1.1040921 -0.5989633 -0.04918409 -0.11689543 0.6724826 -0.30927297 -1.1691195 -1.0737253 1.1221654 -0.07899618 -0.21906252 -1.1312584 0.23685141 0.15445745 0.27488768 -0.115081996 -0.72669363 -0.26601177 1.0991606 0.15329836 0.2437274 0.92849576 0.2525718 0.21888776 -0.04619081 -0.08362474 1.0330558 -0.7138567 -0.34164754 0.78622156
122 -0.11218084 -0.32124406 1.0090853 -0.73037106 -0.38079125 0.081225164 0.30223393 -0.16532336 -1.1598371 -1.0217129 1.1967758 -0.14032348 -0.2719258 -1.0561548 0.48153275 0.14281924 0.34185624 0.26390445 -0.41142917 -0.26010445 1.0019451 0.3277031 0.9140517 1.0648452 0.34415862 0.28752032 -0.24974711 0.09146282 1.0339773 -0.6616843 0.37421677 0.5297687
123 -0.35706764 -0.4729976 0.5040701 -0.5127819 0.46709958 -0.77601117 0.92195874 -0.7116051 -1.135408 -0.12586614 0.99787456 -0.56685317 0.22878371 -0.8668299 0.3985034 -0.09933726 -0.20870027 -0.6918027 -0.7206274 -0.98707783 0.512546 0.9790377 0.576801 0.77104366 -0.5207912 -0.31987262 -0.18064237 -0.2363351 -0.34724382 -0.6062261 -0.31665906 0.45742962
124 -0.38312235 -0.45982957 0.4758661 -0.71085614 0.3568949 -0.79789144 0.8973244 -0.8365492 -1.1803663 0.023812799 1.0680041 -0.34950483 0.33869126 -0.9157141 0.2809559 -0.052253332 -0.091074 -0.44884938 -0.6104653 -1.0008569 0.69729793 1.2771245 0.5279269 0.6808708 -0.54548424 -0.43386245 -0.3331827 -0.7423565 -0.6051293 -0.7131763 -0.5307677 0.4856445
151 0.3355086 -0.9056569 -0.63455117 0.4773813 0.3192352 0.7480546 0.2729046 -0.48602107 -0.098420925 -0.63955146 1.2782999 -1.3794326 0.2298254 -0.78923124 0.57870585 0.63871217 -1.099107 -0.8788175 0.9528784 1.556895 1.2150767 1.0166521 0.069445886 0.4415466 -0.23463187 1.1319287 -1.2671314 0.6281591 -0.79252857 0.04569849 -0.5836233 0.1116711
129 0.110368125 -0.49125358 0.4415389 0.2573025 -0.34287578 0.3342401 0.22381032 -0.16754782 0.4892909 -0.3855484 0.85024256 -0.7885273 -0.60026383 -0.6898342 0.3372017 0.030541956 -0.8095342 -0.47499874 0.7478057 0.99908316 1.2685502 1.2835395 0.0385184 -0.09147608 0.15434934 0.48107967 -0.30642238 0.21293885 -0.042025253 0.340576 -0.39361504 0.4392099
