1 0.75691694 0.3155102 0.16838337 -0.29711607 0.32915926 0.19501129 -0.06592998 0.36771372 -0.3187747 -0.28165445 0.86116064 -1.0463399 -0.5612256 -0.7632857 0.124576636 0.22887056 0.568453 -0.14151675 -0.4367308 1.2635595 0.0467108 0.89864355 0.018830054 0.031770255 -0.06035879 -0.72802263 -0.29185024 0.4314698 0.26530898 -0.7492571 -0.5139825 0.45112258
2 0.70337707 0.08804705 0.11809835 -0.20535384 0.39632037 -0.14361644 0.2752597 0.5783714 -0.8085579 -0.49814448 0.8741503 -1.0955279 -0.7408206 -1.1638962 -0.09017283 0.43993503 0.60687494 -0.42309466 -0.011909193 0.91789854 0.1324657 0.5267476 0.35570368 -0.28885952 -0.014014517 -0.16478734 -0.36705032 0.7014291 0.39864063 -0.19509198 -0.60017574 0.9087842
3 -0.370315 -0.4572084 0.779418 -0.844025 -0.96401215 -0.87061965 -0.49410284 0.14080708 -0.36237252 0.4288205 0.61247957 -0.3668155 0.7994945 -0.69254714 0.2970856 -0.23847097 -0.068625666 0.36275363 0.22692376 -0.44657207 -0.5415826 1.3668406 1.443037 -0.5593738 0.30090043 0.05329344 -0.2978926 0.013416438 -0.2660931 -1.2876611 -0.353347 0.10603336
4 0.29268017 -0.69603395 -0.037093714 0.8179851 0.1583379 -0.68126017 1.1416847 0.47304657 -0.24104802 -0.031263143 0.66992 -1.2862172 0.02565496 -1.0371621 -0.5045537 0.54921114 1.2055202 0.24079049 -0.0824577 0.54110897 0.9906721 -0.23400585 0.2506289 0.2191966 -0.46101204 -0.26385158 -0.3871044 0.43598777 0.9591904 0.13533397 -0.43125516 0.4692899
5 0.18297455 -0.68147737 0.17019916 -0.8916658 0.59597373 0.19676296 1.224368 -0.13306664 1.2140453 0.47272867 0.28692606 -1.1439294 0.2900135 -0.916667 0.4633579 -0.20090401 -0.45164093 1.2164859 0.034582816 -0.3806761 1.6716146 0.74482983 -0.071319655 0.7552099 -0.1391343 1.2673669 -0.06771376 0.02558942 0.67690504 -0.5631588 0.24361293 0.9828462
6 0.5031229 0.71109086 0.21203035 -0.62084574 0.3892699 0.29121703 -0.36933336 0.63914365 -0.2271295 -0.44427153 0.7773736 -1.2772065 -0.53101677 -0.6669912 0.21103308 0.18550597 0.8025047 -0.5104495 -0.448918 0.93337727 0.21149819 1.056624 0.13384737 0.12854038 -0.16393028 -0.46393538 -0.085524045 0.4873507 0.310887 -1.0109901 -0.8270294 0.47416782
7 0.46638504 -0.73304737 -0.17026582 0.997497 -0.08687077 -0.6066255 0.994982 0.26385504 0.057905562 0.19645926 0.7794015 -1.5898333 0.23465084 -0.82098407 -0.20234634 0.39245412 1.0708252 0.35846022 0.09673748 0.31725413 1.0489885 -0.029409612 0.3415666 0.1963822 -0.19526824 -0.10936826 0.0002838638 -0.016539345 1.2684988 0.30077517 -0.030028844 0.74002963
8 0.3540211 -0.038108896 0.519712 -0.046841417 -0.86081207 0.10858556 -0.21539569 -0.59964865 -0.7441658 0.86673194 -0.8783011 -1.2979952 -0.66574943 0.44754043 0.75715506 0.4450983 -0.15666421 -0.50800407 0.19116537 0.5103352 0.6899459 1.0510983 0.34757513 0.6815738 -0.86863863 0.5547269 -0.62943125 0.9488521 -0.31419998 -0.20912716 -0.63537955 -0.8440592
9 0.801036 0.4036189 0.29411736 0.102297634 0.33988518 0.102297395 0.5894546 0.10743222 -0.59076303 -0.43224868 0.40846905 -0.77895844 -0.5769586 -1.5195091 -0.43934998 0.55778325 0.40822086 0.1940178 -0.3352348 1.0851612 0.6259089 0.36555427 0.07621685 0.19006035 0.2320897 -0.13089013 -0.73864394 0.08245655 0.34135723 -0.2783546 0.04975089 0.7064728
10 0.8421432 0.34249693 0.2630749 0.17482506 0.5141096 0.57123345 0.07290023 0.39328438 0.12456154 -0.259902 0.809282 -0.80548054 -0.24331006 -1.0096407 0.32110238 -0.2700376 0.85009855 -0.088285856 -0.39809492 1.0765446 -0.1674462 1.312306 0.34094828 -0.15404971 -0.06486077 -0.92557937 -0.36285558 0.8232385 0.86995214 -1.0784028 -0.4846647 0.47880045
11 0.6622068 0.6721744 0.45597774 -0.635453 0.6722334 0.34175065 -0.18339992 1.0856392 0.24168992 -0.5026414 0.4902866 -1.7122452 -0.005002654 -0.8421621 0.43538266 -0.54694283 0.65685344 -0.66346854 -0.88730836 1.777881 -0.14357823 1.4135904 0.02471302 0.57864165 -0.047567666 -0.49484932 -0.17838274 0.43386978 0.5953858 -1.1126165 -0.3859301 -0.25337586
12 0.4012724 0.77036357 0.38540012 -0.65227276 0.42612243 0.3933882 -0.13852282 0.7180024 -0.030654287 -0.33045524 0.64502484 -1.2067727 -0.124629796 -0.6688147 0.2976842 -0.017324561 0.7974024 -0.477171 -0.58806944 1.3617101 -0.27264234 1.2640245 0.14718248 0.32298183 -0.2500351 -0.77814025 -0.22210583 0.31784844 0.6657595 -1.1525462 -0.41658708 0.07264807
13 0.2855656 -0.32083118 0.4620371 -0.02235913 -0.87881833 -0.10366318 -0.24315177 -0.6978051 -0.7735699 1.0625325 -0.94217694 -1.3730608 -0.68250906 0.5574213 0.5444313 0.42895377 -0.03316222 -0.65727586 0.2811773 0.41982934 0.6586003 0.9989114 0.39353177 0.6808158 -0.87604254 0.98636866 -0.48270965 1.0528667 -0.7004162 -0.46396306 -0.6032867 -0.43985677
14 0.7249218 -0.052671615 0.21060637 -0.15391864 0.30511004 -0.18962899 0.2621243 0.65151966 -0.8849913 -0.52845055 0.8135044 -1.2535747 -0.8146907 -1.1754179 -0.051745933 0.44170257 0.57150733 -0.39999157 -0.25881195 0.93147767 0.17999831 0.4782433 0.3641407 -0.33594972 -0.22948445 -0.27584684 -0.3887792 0.712067 0.2333535 -0.17522873 -0.66907036 0.8554964
15 0.6987863 0.20358168 0.25486332 -0.19152932 0.29792324 -0.012300579 -0.03981833 0.67806727 -0.86712885 -0.45694795 0.82810885 -1.0756122 -0.767296 -1.3229194 0.11479144 0.5036942 0.5433184 -0.5880481 -0.122551724 1.047059 0.21837328 0.7607751 0.31786862 0.037644364 0.010770628 -0.23784293 -0.3773305 0.4352245 0.47603878 -0.32139608 -0.6093382 0.7363629
16 0.075916916 -0.36474368 0.0022746578 0.13399328 -0.4764888 0.43881977 0.107908726 -0.7809948 -0.26484162 0.4315773 -0.60633403 -1.012392 -0.11485267 0.43189755 0.59065986 0.3013415 -0.096608914 -0.6030123 -0.20513205 0.4135361 0.7415226 1.0779428 0.53176725 0.45597887 -0.5698705 0.63100564 -0.37940878 1.2390144 0.23966509 0.061189067 -0.42423674 -0.8219344
17 0.3322954 -0.42972642 -0.24049066 0.78701776 0.14512198 -0.3809952 1.0254138 0.37374607 -0.5003042 -0.05446466 0.64897627 -1.2105014 0.038704004 -1.1524245 -0.3135617 0.57388395 0.86009544 0.24461347 -0.1470615 0.62602186 0.8234768 -0.09608841 0.30399016 0.034642786 -0.214907 -0.15435643 -0.23373218 0.5517145 0.95717263 0.17373043 -0.22407801 0.64749223
18 0.29890466 -0.2287734 1.622194 -0.85408324 0.12796809 -0.27819073 1.3353274 0.43904668 0.1578125 0.43300304 -0.36614594 -0.30664906 -0.6033959 0.27311766 0.6402511 -0.424849 -0.10336405 -0.34342256 -1.1938602 -0.8547942 1.0894455 0.7963286 0.88362604 1.0533673 1.201476 0.6960221 -0.7469591 0.7269995 0.99194306 0.37725314 -0.60007554 0.37987432
19 0.41483247 -0.13765283 0.004732059 0.071507536 -0.8555041 0.17070647 -0.06509665 -0.615745 -0.76553637 0.8773878 -1.0003276 -1.1876773 -0.3954275 0.48165745 0.58852756 0.55038506 0.010648507 -0.80200446 0.06418783 0.40066904 1.0729204 1.2218838 0.76281065 0.7948248 -0.8138863 0.94415087 -0.4182389 0.91303426 -0.33523932 -0.30518442 -0.43014485 -0.7537399
20 0.13492528 -0.121962346 0.34196872 -1.0364215 0.17945479 0.09514075 1.3785226 0.15043469 1.0598727 -0.056801204 0.27674568 -1.9866301 0.45032647 -0.7765714 0.72613174 0.0567822 -0.3659599 1.1361663 0.010467664 -0.30991638 1.2062377 -0.009758422 0.19353482 0.6088741 -0.010602595 1.0841371 0.02046883 -0.0983377 0.5569865 -0.6982078 0.20487659 0.17249423
21 0.029391756 0.2500405 0.3304224 -0.16415091 -1.0679685 -0.3995985 -0.109774336 -0.51492363 -0.665507 1.1717272 -0.410204 -0.984136 -0.88388526 0.7445314 0.68227345 0.40485546 0.24555732 -0.38579187 0.43162006 0.21048355 0.5294519 0.988481 0.08634566 0.5494522 -0.6167067 0.26577783 -0.6791983 0.79271585 -0.53031796 -0.48536906 -0.3660155 -0.710499
22 0.48350665 0.09626755 0.050955117 -0.24939984 0.27433586 -0.105190836 0.09080872 0.7524532 -0.98992914 -0.37399885 0.79187655 -0.92030144 -0.7548401 -1.1650068 -0.23427762 0.3942872 0.6918374 -0.59224606 -0.21383482 1.0628089 0.34467244 0.6381934 0.47070825 -0.13870642 -0.094832994 -0.082176276 -0.33628947 0.51160324 0.41372907 -0.37084484 -0.6704313 1.0177348
23 0.5955705 0.74177635 0.106431164 -0.53339094 0.4922223 0.5519536 -0.21297394 1.0463938 0.17493582 -0.18466821 0.5129224 -1.4527248 -0.24416448 -0.83121324 0.5099883 -0.60617167 0.6899779 -0.46506602 -0.69955033 1.6328452 0.014012876 1.3523337 0.20061913 0.55053854 -0.32505375 -0.6699175 -0.19851905 0.6128753 0.6729505 -1.4353768 -0.5992681 -0.11714746
24 0.3787848 -0.34165984 0.16999114 -1.2281622 0.61425406 0.2975088 1.4087005 -0.26940736 1.0797939 0.08998237 -0.10913127 -0.8676254 0.14036474 -0.6941781 0.41655767 -0.24753277 -0.19148368 0.91218543 0.053431302 -0.7321241 1.5050434 0.9247712 0.15442611 0.6949333 0.15863861 1.3255106 -0.1022355 0.26265073 0.9243103 -0.9625907 -0.054563668 0.9220125
25 0.5615973 0.26509964 0.14665821 -0.22455539 0.4424108 0.14261599 -0.08870986 0.7139445 -0.83728313 -0.55216306 0.8916122 -1.2414402 -0.71523917 -1.2675713 0.17622153 0.6087595 0.760975 -0.65039736 0.0029568174 1.0310228 0.075334996 0.89075065 0.45831704 -0.007669942 -0.05691171 -0.37817475 -0.4687974 0.47674605 0.21020448 -0.37860507 -0.650293 0.84343994
26 0.31486046 0.34561956 0.5431971 -0.48006523 0.3973376 0.7096497 0.049846247 0.25722495 -0.3895346 -0.22882561 1.0426311 -0.5757217 -0.3884333 -0.70938855 0.023173995 0.5991783 0.7396657 0.5131022 -0.45535234 1.3071342 0.014428331 1.4846351 0.08526033 0.0067879017 -0.44322824 -1.3397164 -0.33214426 0.48524016 0.54173684 -1.0136074 -0.45540932 0.8116145
27 0.34799364 0.60945785 0.26382372 -0.5210593 0.59129125 0.54687095 -0.06401186 0.6980287 0.0038618739 -0.26824313 0.57514644 -1.0380572 -0.29915005 -0.9988883 0.44498 -0.2000004 0.7124681 -0.36494955 -0.3481996 1.1345967 -0.22570214 1.1033587 0.24886583 0.42493132 -0.23757714 -0.7917108 -0.20820165 0.65242827 0.5453416 -1.0284139 -0.766296 0.31333634
28 0.16444078 -0.2713664 0.9145939 -0.901628 0.3200093 0.0705892 1.2574726 0.22538899 0.46319258 0.44701773 -0.093581386 -0.27583057 -0.2349125 -0.0021666244 0.7577333 -0.10064222 -0.22488242 -0.14023003 -0.7100904 -0.70582694 0.96809745 0.90205425 0.577459 0.90685844 0.81383204 0.8630037 -0.5721942 0.47975263 0.7792921 0.17670818 -0.20337114 0.3094993
29 0.26312026 -0.7047886 0.9837131 -0.5135275 -0.38697082 0.029636417 0.669782 0.9309285 0.842749 0.10718005 0.49774238 -0.9172944 0.047127534 0.05945573 -0.4750989 1.0696943 0.28934446 0.30151296 0.25230113 -0.5196162 0.9860428 0.55876285 0.5659416 -0.087081246 -0.055970013 1.2495004 -0.5747351 -0.16155568 1.1366185 -0.06326244 0.5820051 0.10203217
30 0.51016057 0.46644711 0.593513 -0.9527161 -0.32857686 -1.2517343 0.38853705 -0.5748391 -1.0032697 1.1569198 0.30028597 -0.6252154 0.11621202 0.5442024 -0.04569991 -0.5363235 0.553042 0.71129256 0.32120413 0.29565796 -0.9105469 0.5817363 -0.19073232 0.35814756 -0.010789292 0.21755406 -0.7721099 1.4548368 -0.42651144 0.2552801 0.39746267 -0.28648958
31 0.36440125 -0.07404396 0.1970797 0.07258835 -0.76010287 0.15836999 0.04697798 -0.46416798 -0.48018056 0.5831077 -0.74978834 -1.3605853 -0.41344464 0.4936747 0.6446027 0.3629173 -0.062815376 -0.9734397 0.06339247 0.4906408 0.843727 1.2018527 0.6027663 0.5268894 -0.66686636 0.8524815 -0.5597985 1.1690954 -0.28239125 -0.072879136 -0.37566364 -1.0593877
32 0.2631586 -0.2868225 0.25425857 -0.010730506 -0.90880275 0.22331588 -0.05578614 -0.731252 -0.658296 0.65678746 -1.00316 -1.2714663 -0.45542684 0.41922188 0.48405507 0.44960508 -0.4177895 -0.7661714 -0.3307859 0.42431134 0.9913992 1.3148416 0.50377196 0.44403145 -0.83492315 0.86576957 -0.20108949 1.145181 0.06805106 -0.18525696 -0.59404916 -0.810794
33 0.09061216 -0.7406197 0.6022798 0.6172708 -0.22613843 -0.39287338 1.0589241 0.52998453 0.35289878 0.08023012 0.57910025 -1.2960168 0.051899318 -0.51582634 -0.061097782 0.51778775 0.5701725 0.55187035 0.14271775 0.03397986 1.3494318 0.108352676 0.3798548 0.18540986 -0.1318768 0.17125805 0.009451286 -0.03137584 1.1957712 0.22677772 -0.23255582 0.22367416
34 0.21819127 -0.40732828 1.775544 -0.81103766 0.10721917 -0.36375606 1.0967796 0.556435 0.13145903 0.5175717 -0.4513545 -0.23754178 -0.4954636 0.17968239 0.6921377 -0.45335194 -0.20351443 -0.6172552 -1.4281353 -0.69886166 1.0978317 0.9227714 0.8977812 1.0646986 1.2158297 0.94393325 -0.7719379 0.5321089 1.099643 0.25454652 -0.5380081 0.4186244
35 0.63096154 0.59590673 0.011808658 -0.5854596 0.4078982 0.23668793 -0.16251484 0.69004804 -0.3311018 -0.34385717 0.88677216 -1.371328 -0.71468264 -0.85627043 0.10048617 0.13532495 0.8052023 -0.446487 -0.4887394 0.8711275 -0.01745664 0.5607858 0.3027311 0.24078532 -0.17956826 -0.44171956 -0.17659055 0.6656134 0.20583509 -0.712123 -0.7637298 0.64362574
36 0.10072087 -0.37685192 0.23616385 -0.16846696 -0.87845385 0.00026734124 -0.19937296 -0.84553915 -0.5244367 0.89353055 -0.95296943 -1.3302658 -0.43714887 0.45938388 0.82816154 0.7065374 -0.22666857 -0.6593693 0.111637235 0.42915863 0.8232588 1.2486638 0.505785 0.66279656 -0.98035896 0.80039227 -0.3813922 0.8697729 -0.25671935 -0.31580487 -0.41157112 -0.66267335
37 0.25341704 -0.033799496 0.08432331 -0.86192214 0.22675277 0.18704902 1.3350147 -0.09057318 1.2309155 -0.009884913 0.20429902 -1.8687484 0.43695822 -0.8576473 0.8617463 0.18012673 -0.27584368 1.0585914 0.2981611 -0.57034844 1.3046819 0.4174165 0.3034709 0.6642284 -0.05239613 1.0351992 -0.087281905 -0.20296343 0.574658 -0.7442714 0.30671033 0.5647738
38 -0.3839834 0.02733119 -0.20465171 -0.44967076 -0.98619586 -0.48408195 0.31558916 -0.29825675 -0.5632283 -0.10847536 -0.006951559 -0.7761145 0.696884 -0.2571723 -0.46970215 -0.81087375 0.11883546 0.7141795 -0.24315384 0.27548516 -1.0820386 0.20490894 0.7579866 0.32941005 -0.6271855 0.3786072 0.017318904 0.6430168 0.5398801 -0.5012138 0.5605423 0.27990067
39 -0.241557 -0.38500193 0.22965188 -0.8776841 -0.39172253 -0.32716754 0.883831 0.97319573 0.59205264 0.035225805 0.29721883 -1.8415834 -0.004746895 -0.44320542 0.5187935 0.4452543 -0.021646956 1.0362183 0.3303275 0.2766611 1.6679378 0.11857963 0.46370783 -0.11087253 -0.38556725 0.46695945 0.35153186 -0.42948765 1.1195427 -0.14715244 0.15074857 0.087538995
40 0.4766159 -0.025569227 -0.040039897 0.4087363 0.34870455 -0.3941364 1.187016 0.69536626 -0.8338473 -0.12331146 0.2500792 -0.560416 -0.43311852 -1.02745 -0.4417062 0.59592754 0.5877279 0.347545 -0.2835032 0.24628283 0.7853946 0.4749457 0.41823113 -0.068493195 -0.5458834 -0.46535364 -0.64996195 0.22975545 0.4264522 0.05594819 0.27385825 0.85991424
41 0.36286467 -0.40516573 -0.18824737 0.49356917 0.2474162 -0.5602818 0.7928302 0.4987168 -0.84254414 -0.5592521 0.7478561 -1.188113 -0.22901917 -1.2768337 -0.16585241 0.537722 0.8178792 -0.12574965 -0.32079077 0.78271586 0.55008006 0.27173927 0.4827961 -0.062454257 -0.23123135 -0.16449729 -0.25293437 0.4730564 0.7036676 0.13276309 -0.17688797 1.0843776
54 0.4792947 -0.22625004 0.042923402 0.1417438 0.36151975 -0.38205072 0.65121096 0.73459107 -0.8601109 -0.46899015 0.7568515 -1.0767072 -0.38034478 -1.4992727 -0.2119327 0.58390033 0.57205534 -0.4117707 -0.046742026 1.004165 0.54605013 0.4362047 0.33261898 -0.16347678 -0.14266199 -0.024107797 -0.37593475 0.4973676 0.44866785 0.061377663 -0.32613632 0.6915884
55 0.9476428 0.18706985 0.42873964 0.15664023 0.5521698 0.36515057 0.28491053 0.3853131 -0.08546577 -0.22474757 0.509003 -0.513533 -0.5872321 -1.0525166 -0.22827607 -0.23639973 0.7385155 0.030038778 -0.37114227 1.004637 0.13322286 1.2570729 0.08438238 -0.5254444 -0.25333217 -0.801959 -0.44161886 0.8440725 0.74526936 -1.1521899 -0.42099684 0.76497114
58 0.9020844 0.35026416 0.3329004 0.00812057 0.657805 0.6117101 0.12227097 0.26407328 -0.13374282 -0.09382964 0.8230924 -0.84657633 -0.13136935 -1.0084934 0.25649562 -0.32367852 0.77923673 -0.009237884 -0.34180057 1.1392392 -0.14564526 1.4403422 0.14473398 -0.384672 -0.20645092 -0.728715 -0.18093285 0.84638137 0.7734921 -1.0561942 -0.5029661 0.60414296
59 0.70329005 0.124342665 0.07231907 -0.002501369 0.43762684 0.09066743 0.5346588 0.24106644 -0.44679353 -0.5719458 0.56689274 -0.56301206 -0.35116988 -1.1920776 -0.36383072 0.40495828 0.52397734 0.13097082 -0.21014863 1.1899801 0.31948426 0.72928417 0.09485447 -0.22166136 -0.08238713 -0.4005576 -0.56534225 0.5021111 0.48203924 -0.355839 -0.007317817 0.40405035
60 0.108105615 -0.7749356 0.5268776 0.31834644 -0.44515595 -0.20250435 0.7857325 0.8385623 0.5292541 0.26906952 0.4063245 -1.2062619 -0.38851866 -0.3790426 -0.497336 0.1609133 0.50562984 0.59347045 0.64072526 -0.077894 1.2216966 0.102007404 0.35788277 0.07674396 0.0018602852 0.5122907 -0.48060068 -0.30167982 1.0377164 -0.22945008 -0.036410663 0.5292356
61 0.6023571 -0.2354791 0.01761206 -0.14953823 0.4202824 -0.2605963 0.517714 0.74780905 -0.9111542 -0.5761167 0.78917795 -1.0664761 -0.66465294 -1.496787 -0.025363617 0.63639104 0.47379422 -0.32339707 0.025795093 1.1940709 0.30891854 0.448817 0.36320502 -0.14546712 -0.0721943 -0.097099155 -0.61514795 0.5766968 0.38280895 0.1816024 -0.28603688 0.5923147
83 -0.112280466 -0.48971054 1.0137333 0.28315952 -0.9217527 0.10507685 0.76856023 1.1912091 0.6086698 0.21656959 0.14611265 -1.256263 -0.76778585 -0.38410297 -0.7133709 0.07602988 0.30966437 0.76124805 0.6935883 -0.20804031 1.0596024 0.07849357 0.33894292 0.27388906 0.04964796 0.7492885 -0.4848639 -0.40077427 1.1277649 -0.4995599 0.20718573 0.5433046
84 0.29601002 0.45931625 0.7486814 -0.60672086 0.1959454 0.5719659 0.19732237 0.18469171 -0.28691265 -0.26474154 1.3259642 -0.7729047 -0.53777677 -0.2696763 -0.041161068 0.56442773 0.7822121 0.2713884 -0.5245327 1.3482709 -0.2767062 1.4991057 0.0010790189 -0.24777831 -0.32944977 -1.3050134 -0.24921682 0.41666391 0.66862124 -1.2039101 -0.5283042 0.8502084
86 0.38381582 -0.6498391 0.79929686 -0.0139038665 -0.61932683 -0.040433474 0.6892356 0.89786 0.70842934 0.167654 0.29766828 -1.4104563 -0.42675847 -0.17245866 -0.45407307 0.48895884 0.15414919 0.57595587 0.6374713 -0.13702422 0.8858496 0.09708011 0.48644388 0.19733162 0.18539785 0.7799559 -0.65396786 -0.40760365 0.85469306 -0.2298018 0.4161571 0.14962585
94 0.9062081 0.043267284 -0.07568601 0.05017814 0.42903176 -0.3497023 0.97766495 0.1416657 -0.4470696 -0.06175666 0.56918854 -0.9798772 -0.50892466 -1.212966 -0.5467807 0.46579653 0.70834976 0.46865222 -0.04801196 0.52729976 0.85132533 -0.039242614 0.1258877 0.29257843 -0.26390895 -0.111403756 -0.8255216 0.055529356 0.61891115 -0.205042 -0.07625432 1.0190287
95 0.039096337 -0.3065372 0.9172727 0.65294176 -0.589688 -0.14287472 0.83399004 1.1812382 0.19900721 0.015270288 0.39974692 -1.3432928 -0.3564774 -0.401112 -0.6155358 0.0905826 0.6463204 0.49904612 0.8654998 -0.11311931 0.9530129 0.18241219 0.20452406 0.4490068 -0.06768038 0.8373124 -0.5165976 -0.73148626 0.90903175 -0.35467035 0.10282916 0.557862
105 0.27015394 -0.79742664 1.0889618 -0.83370644 -0.44854388 0.11514939 0.9625911 0.487625 0.8502313 0.23716709 0.15024017 -0.7160197 -0.1929228 0.021669568 -0.3247277 1.2493622 -0.15744168 0.33831245 0.2578984 -0.40186268 1.0796965 0.6030325 0.661117 0.23355259 0.021344658 1.0583907 -0.6909792 -0.14793278 1.1894379 -0.05111534 0.54040354 -0.16479306
128 -0.1944106 -0.48164797 0.89616334 0.18513216 -0.7089272 0.09422759 0.72652274 1.2726767 0.65095896 0.20442511 0.41499242 -1.1803418 -0.42819712 -0.27766028 -0.7200562 0.31605664 0.5249643 0.54758686 0.7758732 -0.2347797 0.8846541 0.11714983 0.39116573 0.13100801 0.10395564 0.8524414 -0.6422733 -0.37305707 0.9041761 -0.5499483 0.2454325 0.38474664
135 -0.051517677 0.7324085 0.40191987 -0.96544033 -0.44020864 -0.80906224 0.92309076 -0.3722022 -0.79552954 1.0815293 0.040477473 -0.6066837 0.6863859 0.12187294 0.014891069 -0.6039549 0.1879276 0.92816097 0.4541594 0.3582385 -1.2661954 0.71963453 -0.014316782 0.4287387 -0.11733918 0.2950226 -0.52386177 0.9047396 0.13406894 0.16225621 1.0493517 0.2330011
136 0.14599837 -0.54682016 0.71831244 -0.76360255 -0.08970393 0.57424605 0.84853405 0.2856245 0.6850488 0.5008004 0.06595349 -0.32678327 -0.12251417 0.15011905 -0.09766821 0.6145721 -0.23218048 -0.0034169876 -0.057406936 -0.700139 0.5277555 0.7923191 0.6358578 0.3213909 0.15816057 1.3181576 -0.56172526 0.17990933 1.0490509 -0.2745899 0.5525719 0.41566634
137 -0.60487723 -0.62612975 -0.83029366 -1.0654716 -1.9286985 -0.77504635 -0.032812923 -0.0356641 -0.6646064 -0.28921375 -0.19407871 -0.64432955 0.47425234 -0.92218703 -0.77994275 -0.8558853 -0.34804675 0.49879962 -0.11224485 0.83454853 -1.011185 0.5672851 1.3610634 0.46919602 -0.11455367 0.8137377 -0.13248782 0.6218535 0.40814444 -0.9386189 0.5539123 0.26769525
50 -0.12233956 -0.80510247 0.7572904 -0.49897546 -0.16842039 -0.47417766 0.80078584 1.0048276 0.41680798 0.08782613 -0.02272413 -1.5775012 -0.12150656 -0.41458595 0.4034833 0.30170634 0.07959182 0.7021663 -0.017980337 0.28065434 1.6176181 0.17457797 0.32245266 -0.3886165 -0.19430034 0.51612115 0.4276125 -0.20639688 1.1725276 0.2735578 0.028837886 0.039627735
51 0.5937029 -0.09397167 0.292356 -0.15859264 0.5101531 -0.24012882 0.8401762 0.24947844 -0.80656016 -0.2845729 0.24265733 -0.8065576 -0.53827256 -1.3597841 -0.35193247 0.45448837 0.41702056 -0.12302433 -0.22101891 0.88855946 0.56390196 0.5131339 0.12678032 -0.2694359 -0.1618631 -0.3492261 -0.4960255 0.31392413 0.21660718 -0.43743455 -0.42754114 1.0429119
56 0.6466661 0.63135076 0.4499767 -0.4708677 0.672022 0.3496688 -0.013619427 0.66928035 0.13534068 -0.3989735 0.6363062 -1.3612021 -0.108607806 -0.75517654 0.41023985 -0.123157434 0.79943275 -0.28956142 -0.5347619 1.0326618 -0.18612687 1.2003214 0.08163251 0.39792633 -0.3837689 -0.8685265 -0.19853288 0.2955535 0.5356038 -0.95183325 -0.6279384 0.012596206
63 -0.50751585 -0.694359 0.0006854899 0.03418171 0.214775 1.1092736 0.88044304 -0.39254478 -0.16292225 0.79681176 -0.7394702 -0.74696577 0.34637964 0.76809406 0.45335895 0.8722342 0.08107186 -0.16085869 -0.2660106 0.06964336 0.06399418 0.5699201 1.1469777 0.956631 -0.53770983 0.7357365 -0.73694646 1.2660705 0.41815114 -0.5809793 -0.25477502 -0.25797975
64 0.27992022 -0.540448 1.1174979 -0.31947014 -0.5706348 -0.0031464167 0.6899868 1.061647 0.5871584 0.26066357 0.27286175 -1.1200252 -0.41126382 -0.034968548 -0.3854312 0.82298785 0.13408302 0.43393978 0.5711248 -0.41932198 0.91030717 0.3519083 0.54580104 0.25299412 -0.08077751 1.0443393 -0.5067891 -0.44390973 0.8603139 -0.06473517 0.3370688 0.43223172
73 0.1673132 -0.42026085 0.94112897 -0.28286296 -0.6404514 0.1481182 0.5266715 0.8725252 0.61240995 0.060864717 0.3401243 -0.86308753 -0.36032948 -0.26501524 -0.4319304 0.87825996 0.21908787 0.5701786 0.46275818 -0.006746646 1.0034753 0.31619105 0.33505094 0.24964306 -0.02612257 0.65419596 -0.8611994 -0.634055 1.156182 -0.09858366 0.6011494 0.28663033
74 0.84744275 -0.3233615 0.26770926 0.61878496 0.013917851 -0.19842556 0.660005 1.0343732 0.31460032 0.4555367 0.37653896 -1.570445 -0.39198038 0.06808801 -0.7167138 -0.31406948 1.242982 1.0811603 0.3781003 0.7353882 1.0058573 0.07714496 -0.029065894 0.16696489 0.009849996 -0.093851335 -0.6271818 -0.5826442 1.3014873 -0.14781474 0.2664546 0.67571855
77 0.53906935 0.6595267 0.30174848 -0.3469575 0.36535227 0.21854989 0.23333935 0.6102605 0.118370146 -0.8152716 0.79749495 -1.3088136 -0.1727615 -0.5773053 -0.06174011 0.1865991 0.8757361 -0.4677411 -0.9249717 1.1950767 -0.029496172 1.2483125 0.110070884 0.048807696 -0.40129387 -0.77553433 -0.07987204 0.6101128 0.61722445 -1.0692505 -0.27427495 -0.04339341
81 0.33703214 -0.63591224 0.9249462 -0.7950218 -0.44879234 -0.023395887 0.9545906 0.6606478 0.7949519 0.23548886 0.52462995 -0.8336689 -0.3260262 0.17188084 -0.56694347 0.8870545 0.011127046 0.28129607 0.15187976 -0.28903452 1.0641081 0.52418154 0.3882569 0.12210146 0.23820648 1.2355372 -0.65689343 -0.097658955 1.1369616 -0.09622768 0.5596852 0.104447424
89 1.0677255 0.39427215 0.35551974 0.006811173 0.22960848 -0.17159413 0.847951 -0.11405865 -0.44129866 -0.16064288 0.6401282 -0.86891526 -0.74329835 -1.295025 -0.6875822 0.3182219 0.5734283 0.73445 -0.24127842 0.7326295 0.93328226 0.039608285 -0.2172233 0.39358214 0.013106312 0.0007044148 -0.80514437 -0.06888859 0.73864686 -0.15753509 0.016405057 0.8888446
97 0.7933411 0.44496146 0.57427025 -0.07547894 0.49490687 -0.019362777 0.9319655 0.48007023 -0.26121107 -0.95966786 0.486827 -0.65645385 -0.24383354 -0.79203916 -0.6321424 0.59900445 1.039551 -0.053520907 -0.4283441 0.7263503 -0.088479884 1.3515847 0.32122716 -0.23854512 -0.7152195 -1.1259298 -0.7011986 0.45960727 0.45309827 -0.8926005 -0.06268907 0.2510319
99 0.35194227 0.50299233 0.47961897 -0.2668001 0.4839754 0.23556127 0.7591921 0.39976293 -0.23857628 -0.88088167 0.5789608 -0.61579037 -0.3224477 -0.6482912 -0.6137326 0.48454377 1.2121532 -0.10360112 -0.56518334 0.91421944 0.11751216 1.4636781 0.20048128 0.057525847 -0.5552908 -1.3245748 -0.577398 0.616534 0.79823756 -0.9957099 -0.36648068 -0.003785077
103 0.08164314 0.03294339 0.07661748 -1.4019021 -0.48265687 -1.1371475 -0.22703159 0.26459852 -0.5057145 0.5323999 -0.82505053 -0.6795938 1.0241033 0.37613255 -0.11015418 -0.9144322 0.8830593 0.8556301 -0.058825854 1.165961 -1.1818606 0.78482443 -0.006303417 0.8287493 -0.23097776 0.34807724 0.069297574 0.63949466 0.87532127 0.0033598756 0.86745125 0.53651035
104 -0.112632476 -0.093852736 0.33074647 -0.47871938 -0.44735035 -1.2594173 0.5230134 -0.8974416 -0.22942568 1.1870866 0.34961003 0.1175313 -0.4048367 0.13155201 0.16951966 -0.21581407 0.43604395 0.13302594 0.31165087 0.45976296 -0.11344648 1.0574955 -0.82615006 0.22682142 -0.4722457 0.40764683 -1.2838342 1.1598004 -0.029399306 -0.35859215 0.49648803 -0.503563
133 0.7800674 0.27481145 0.10187995 0.18885739 0.16601664 0.031087495 0.68502456 0.04267412 -0.16450728 0.00035633688 0.41739115 -1.3395672 -0.53513587 -0.95804715 -0.6133886 0.41881353 0.6882112 0.8126123 0.29092884 0.58312 0.9162454 -0.21240975 0.16841953 0.66987485 0.03973059 -0.11805297 -0.7896124 -0.43187997 0.90799934 -0.22057149 0.12127958 0.8134869
142 -0.3815286 -0.46133938 0.45839372 -0.094042584 0.10570923 1.1603231 1.2303925 -0.013884154 0.25748378 0.7240232 -0.8544348 -0.5527855 0.22108833 0.6955709 0.24748382 0.7784048 0.083476655 -0.25584507 -0.22485863 -0.45186627 0.18088472 0.7514803 1.2988296 1.2826091 -0.05139061 0.42595053 -0.76248294 0.91802984 0.8823079 -0.44432017 -0.106576525 -0.3061054
143 -0.48439237 -0.6168389 0.30184257 -0.0040794513 0.22333558 1.035828 1.5047166 -0.17929 -0.057970207 0.5206237 -0.75976056 -0.87778306 0.5765333 0.75270706 0.16686171 0.93892115 0.13903703 -0.2673293 -0.40708482 -0.0989823 0.11897851 0.41111535 1.4256521 0.8788805 -0.14578702 0.5754797 -0.66381997 1.4988924 0.40844566 -0.391129 -0.1968636 -0.39293385
147 -0.41192013 -0.55757326 -0.22108617 -1.0368215 -2.0219305 -0.7288275 -0.24495615 -0.37603378 -0.7474331 -0.38530302 -0.25681478 -1.0270222 0.017851355 -0.70739716 -0.8790955 -1.1391844 -0.63833094 0.19584791 -0.22724503 0.6014152 -1.1561501 0.74467784 1.5299666 0.41270363 -0.14169185 0.78211236 0.02340059 0.37591258 0.55726355 -0.6688867 0.80256164 0.28120473
57 0.068865746 -0.69473076 0.37764788 0.21498808 0.05344396 0.69602746 0.5337558 -0.63258487 -0.13955444 0.5716974 -0.64076316 -0.7705921 0.29058585 0.8647652 0.36221063 0.6612681 0.25223982 -0.39560264 -0.3594457 0.17069854 0.0956465 0.6590151 0.86255467 0.3166989 -0.1770435 0.6648356 -0.56617594 1.1864815 0.40912923 -0.13647139 -0.3393199 -0.3236385
72 -0.6072345 -0.26278195 -0.801876 -0.96956843 -1.7768854 -0.71334285 0.07668484 -0.17623454 -0.6015261 -0.24303846 0.017227063 -0.4885971 0.3792394 -1.0840586 -0.7382848 -0.9729206 -0.3661269 0.41690058 -0.3656275 0.69967043 -0.9140514 0.6471532 1.4174325 0.4862225 0.07334166 0.58825904 -0.17746484 0.55614746 0.30143046 -1.0619336 0.46559146 0.1313949
127 -0.49759048 -0.5166564 0.29911953 -0.4851584 -0.35044384 -1.2764704 -0.018051319 -0.70426375 -0.23894301 0.70346355 0.51448274 -0.2394538 -0.40629518 -0.1291148 0.31953636 -0.021607935 0.15773903 -0.1815995 0.32156712 0.88689286 0.23524205 0.934575 -0.50320035 0.41656908 -0.41816324 0.5290665 -1.3158064 1.1531366 -0.56629646 -0.28181058 0.15333636 -0.98026097
43 -0.122418664 -0.075274244 0.8581989 0.015288283 -0.87008834 -0.61477745 -0.19388272 -0.42830405 -0.3779726 0.9374776 -0.4311729 -0.68111545 -0.7169201 0.23866385 0.7816906 0.31902146 0.093004495 -0.31246415 0.4192091 0.4091778 0.039802954 0.9921193 -0.39628598 0.53170747 -0.56026417 0.08876387 -0.90677464 0.6972308 -0.5074725 -0.52539366 -0.17621028 -0.681805
44 -0.62640136 -0.5217271 0.40119565 0.2315895 -0.45656356 -0.0030501268 -0.18821792 -0.992013 0.036409184 0.085015036 -0.7095126 -0.84660035 -0.16047639 0.33852094 0.7544821 0.4330696 0.3382853 -0.41236803 -0.00663192 0.33000904 0.498016 0.7651474 0.13516107 0.648278 -0.37052777 0.5069358 -0.6951949 1.0997214 -0.14936854 -0.26248235 -0.0637019 0.025918154
45 -0.0003033366 0.40270087 0.55347705 -0.42017055 -1.0514598 -0.6423962 -0.5583279 -0.5374586 -1.3739427 0.94758093 0.5460669 -0.28790554 -0.2674613 -0.14359261 1.0101494 0.62001914 0.36925495 1.757235 -0.14397107 0.030846724 -0.57695264 0.9808512 0.048992936 1.0616941 -0.9435301 -0.65744203 -1.3402011 0.9493847 -0.18739149 0.68268657 0.46870708 0.15652846
46 0.17040516 -0.4364741 0.45836377 -0.04808643 0.016018476 0.67626506 0.109208785 -0.60799694 0.015160066 0.35670885 -0.83689 -0.680835 -0.10585613 0.76131433 0.23186086 0.00906906 0.053533837 -0.16186662 -0.18388844 0.2349908 0.58055097 0.9099301 0.6902303 0.7591067 0.045576904 0.62815154 -0.61904836 0.79286563 0.25706983 0.08974609 -0.33365574 0.0154814115
100 0.11236322 -0.17140982 0.8125628 -0.40624073 -0.87925166 -0.8596512 -0.48953843 -0.51753914 -0.30248493 -0.54914236 -0.5061076 -0.60409385 0.7983087 -0.2509725 -0.85427934 -0.5655871 1.0061938 1.2689888 -0.17400026 -0.13780409 -0.90817535 0.5179556 0.17807297 0.7834922 -1.5239906 0.08426462 -0.4492244 1.1462166 0.61983085 -0.25039035 0.43989775 0.08033296
101 0.03981073 0.36805168 0.7590141 -0.3339177 -1.0547487 -0.62150925 -0.7383542 -0.48499426 -0.98287594 0.61332536 0.07086302 -0.3426236 0.05723095 -0.06318982 0.1861698 0.09814364 0.7506907 1.6176155 0.022123529 -0.133533 -0.66581273 0.57488364 -0.05144726 1.192927 -1.3478354 -0.16715403 -0.9835529 0.98228323 0.11582911 0.11791248 0.3751657 0.15312989
102 0.006548645 0.23428819 0.8875679 0.0041846917 -1.2350909 -0.62311345 -0.47279438 -0.49147615 -1.1861639 0.83914953 0.5809395 -0.30401257 -0.7063626 0.21664853 1.1382622 0.59212554 0.3861063 1.4343343 -0.320367 -0.19995794 -0.5500281 0.86897445 -0.0713506 1.0234904 -0.8391839 -0.5840581 -1.363923 0.95732963 -0.39110506 0.44657853 0.18020783 0.25433567
125 0.30951348 -0.090679586 0.9835402 -0.47242564 -0.90334845 -1.0079051 -0.65599906 -0.5363953 -0.81663454 -0.16305289 -0.29719362 -0.5854058 0.40619183 -0.35834554 -0.053489704 -0.27333382 0.6773434 1.1843646 -0.10664448 -0.36367783 -1.048115 0.5444637 0.08097678 0.88721085 -1.5922633 0.25937334 -0.8443545 1.1953807 0.18550028 0.43096948 0.53583306 0.3091509
126 -0.5002036 -0.6611238 0.45117822 -0.4137268 -1.0210521 -0.60674685 -0.35748112 0.19608286 -0.22086285 0.02586766 0.23538402 -0.47910255 0.46297604 -0.38893446 -0.44457197 -0.8129482 -0.14837465 0.9795886 -0.72767264 -0.42699423 -0.32567543 0.410748 1.6534483 0.16038835 0.22642112 -0.097568646 -0.23856719 0.89865506 -0.33719578 -1.0023847 -0.5599807 0.048451666
131 0.2836684 -1.0066738 0.597208 -0.34258294 -1.3103342 -0.9706535 -0.32222733 -0.09358719 -0.07873713 0.12473234 0.7511245 -0.7384324 -0.0025732103 -0.18458134 -0.41299823 -0.9410661 0.12654963 1.2084646 -0.8615876 -0.9825708 -0.39965662 0.7009399 2.0770266 0.21892063 0.8888904 -0.21109 -0.7002208 0.63058704 -0.19627197 -1.058373 -0.87153083 -0.014442995
138 0.35324025 -0.90535414 0.56948024 -0.30654997 -1.2253834 -1.2697674 -0.20715444 -0.17549655 -0.3089316 0.1258151 0.8446727 -0.8271446 0.20785557 -0.21542853 -0.31624997 -0.8361634 0.2622448 1.18815 -1.0098021 -1.2139938 -0.010531401 0.8425648 2.3116682 0.13257277 0.9361679 -0.09769223 -0.6971596 0.4212394 -0.2889923 -1.116122 -0.89585227 -0.03218966
139 -0.115891576 0.15528685 0.7611725 -0.4098159 -0.91432965 -0.54932976 -0.7776195 -0.3434441 -0.31045833 -0.33327255 -0.42159224 -0.5240031 0.7178004 -0.26802844 -0.69988585 -0.50590897 0.9790013 1.217097 -0.07615047 -0.06799232 -1.0428641 0.31902096 0.19039077 0.9997334 -1.190713 0.27604568 -0.5878451 1.1505616 0.78751665 -0.095041946 0.7100361 0.19684134
140 -0.027142042 0.6215268 0.616093 -0.48385668 -1.0077888 -0.75966066 -0.25327572 0.04513066 -1.1206611 0.74469936 0.007907976 -0.26446995 0.20633256 0.33548102 0.10896133 -0.017412052 0.5492748 1.5621605 -0.19848315 0.35347593 -0.62360543 0.5320224 -0.13854803 0.42824507 -0.33283493 -0.21827748 -0.7000722 1.1944677 -0.1165945 0.46086124 0.71951467 0.24529375
144 0.0027632422 -0.24074373 0.8965438 -0.58714783 -0.79752296 -0.87664086 -0.4017415 -0.61281544 -0.42445484 -0.4912431 -0.5170491 -0.50194764 0.761679 -0.33921778 -0.98406196 -0.88647896 0.7274699 1.066485 -0.55881804 -0.14310993 -0.9546162 0.50076216 0.19066252 0.74159884 -1.7959664 0.4966406 -0.372735 1.0823995 0.560376 -0.31184876 0.50343204 0.51297003
145 -0.15685599 -0.16636267 0.8933607 -0.38505146 -1.0415105 -0.7981507 -0.440692 -0.6464306 -0.34013706 -0.4595474 -0.5708633 -0.524431 0.7519109 -0.3878693 -1.0052115 -0.4478797 0.8975677 1.1660966 -0.28045893 -0.17439301 -1.0055205 0.48388615 0.26317775 0.9920557 -1.6692159 0.019620271 -0.4294272 1.1187892 0.68282294 -0.27803954 0.4762556 0.36126345
150 0.23308139 -0.9413947 0.45629728 -0.4925021 -0.8428206 -1.0035256 -0.74470353 0.40305665 -0.18758853 0.3471157 0.7099151 -0.25164387 0.54128593 -0.06320943 -0.11849497 -0.45134214 0.48420182 0.7329841 -0.27958125 -0.98710525 -0.015531602 1.3693868 1.7258996 -0.60687584 0.65049785 0.24542136 -0.6246333 0.42328396 -0.17722726 -1.0600146 -0.5516952 0.15506665
71 0.10908177 0.3288569 0.4262832 -1.508289 -0.52092886 -1.1593403 -0.071765445 0.053240832 -0.51719165 0.8510413 -0.77850175 -0.76761127 0.7374117 0.40670243 -0.22257048 -1.1403614 0.6395202 0.69673073 -0.053515047 1.1225883 -1.1751848 0.92580384 0.034098346 0.69326013 0.010411987 0.33345702 0.13458128 0.4472481 0.8954925 -0.12251158 0.7968465 0.38112
76 0.3282429 0.061545387 0.60172415 -0.081105135 -0.32753736 -0.10490086 0.56223804 0.8000026 0.28621796 0.176574 0.34071666 -1.2508166 -0.57986385 -0.4294528 -0.45064187 0.36952418 0.8276392 0.5931627 0.8070699 0.23727621 0.9110952 -0.37324768 0.26287818 0.4748871 0.1340762 0.30521324 -0.6019086 -0.4157351 1.1661266 -0.1468779 -0.014955645 0.3071849
79 -0.48793045 -0.71306986 0.20513712 -0.4605045 0.032089844 1.0332143 1.7516838 0.48550197 0.020237973 0.73975366 -0.29120284 -0.6261429 -0.23930344 1.1316859 -0.052789237 0.7018118 0.14834078 -0.31988725 -0.16650373 -0.13296282 -0.13015369 0.5190647 1.3865552 0.5397196 0.15715608 0.9560003 -0.7646927 1.0008477 0.4744786 -0.37953424 -0.08405386 0.080978416
82 0.6041195 0.9346693 -0.34783438 0.09012429 0.23203112 -0.05650488 1.1530704 1.4368562 -1.0684521 -0.06749002 0.40116665 -0.4965052 -0.5160321 -0.49727672 -0.45491228 1.0384121 0.95327586 0.7844283 -0.5191572 0.1768708 1.190549 1.0412518 0.55355716 -0.16838759 -0.91008115 -0.6605401 -1.0420705 0.3048225 0.28503516 -0.2136763 0.86605483 0.63924575
90 -0.21221994 -0.72885156 0.80136085 -0.7199706 0.32191494 0.8597805 1.5649452 0.8419876 0.45499423 0.55876416 0.06252261 -0.81984746 -0.1879774 0.6574221 -0.05359277 0.82106954 0.12078102 0.24349903 0.04165716 -0.026101615 0.20632443 0.24577613 0.97922707 -0.03496088 0.44909304 1.212108 -0.7024828 0.43891588 0.38770613 -0.0014858061 0.32027128 0.27166364
92 0.699963 0.846137 -0.04182347 0.00602723 0.2811914 -0.35642475 1.2747887 1.4385617 -0.8083744 -0.4576828 0.32745257 -0.5607568 -0.47382125 -0.27167842 -0.5333858 0.71348315 1.1700937 0.5786093 -0.64052826 0.27011475 0.92531425 0.8424882 0.33283752 -0.25809467 -0.55050796 -0.7501779 -0.9065285 0.66589546 0.15203479 -0.29332897 0.59663427 0.32968482
93 0.74001956 0.6866208 -0.10295163 0.18246599 0.15412824 -0.2824479 1.0743608 1.2567434 -0.8032677 -0.14887159 0.38596785 -0.741613 -0.47104225 -0.13853146 -0.5142705 0.7912725 1.0949827 1.0741843 -0.67595077 0.17645831 1.303957 0.68304855 0.32645673 -0.14895263 -0.7649055 -0.6767605 -0.8119924 0.19458322 0.32210657 -0.039753594 0.6410442 0.48966396
98 0.20902541 -0.301984 1.1958833 -0.6366781 -0.4250149 -0.25426018 0.94665366 0.67515767 0.675264 0.011892883 0.46629485 -1.7329049 -0.29102772 -0.038384683 -0.29048562 0.49884763 -0.029797018 0.61973 0.43715605 0.30875668 0.89535075 -0.19066566 0.12078566 0.17415088 0.14013408 0.5388336 -0.47423732 -0.6038289 0.87081915 -0.066246845 0.26106313 0.264993
132 0.18701014 -0.4322979 0.7474168 -0.57078665 -0.5084854 0.07148588 0.6540508 0.956961 0.72948515 -0.04188072 0.46401012 -1.1430744 -0.23946127 -0.23862289 -0.15854858 0.8364966 0.2884537 0.5228981 0.6059473 -0.17616981 1.0090761 0.059972808 0.53656083 0.121395014 0.16683841 0.9962558 -0.5387101 -0.17509927 1.1016484 0.051451784 0.4905484 -0.06525114
146 -0.4695742 -0.51541036 -0.2064895 -0.7435422 -1.98147 -0.48988536 -0.49450737 -0.31714922 -0.9970102 0.03436448 -0.3695054 -0.78510183 0.0050328104 -0.98934394 -1.2900335 -1.4121083 -0.7158088 0.20087475 -0.58325803 0.6491122 -0.7324082 0.8863184 1.6557132 0.08337622 0.014996653 1.0986899 0.08452172 0.54797834 0.4219053 -1.0009514 0.62262875 0.7781139
48 0.16883262 -0.55140376 0.59313816 -0.0054917266 0.06212556 -0.3957473 0.7811653 1.0108643 0.27906978 0.07051832 0.08470747 -1.5974399 -0.065810554 -0.4577503 0.00810046 0.04185089 0.41578186 0.67786646 0.17057545 0.5184327 1.2965487 0.05475607 0.20542131 -0.089011155 -0.119208574 0.08404404 0.10197053 -0.33953336 1.0107632 0.15457001 -0.12146402 0.0072660428
134 0.06867531 0.5528814 0.6053354 -1.7092642 -0.3298959 -1.3431587 0.022581607 0.26155546 -0.67057973 1.2117459 -0.8146875 -0.7918887 0.9076742 0.39188838 0.054450583 -0.821703 0.7492188 0.7885669 0.10769928 1.0997428 -1.1883594 0.80762905 -0.018748825 1.3162905 -0.074216396 0.27089787 -0.16628824 0.54974085 0.70955896 0.31741786 0.7106208 0.2501715
80 -0.28398418 -0.32477382 -0.31675765 -0.86342716 -0.67926073 -1.5526043 0.017511595 -0.48795536 -0.5321324 1.1833392 1.0865599 0.040064663 -0.5634288 0.04166233 0.37014428 -0.17785414 0.6495548 0.08105088 0.33165473 0.9225227 0.34054518 1.2121078 -0.75117147 0.4096344 -0.6706853 0.73294175 -1.7426609 1.5590051 -0.15976286 -0.39667532 0.39828736 -1.0567706
85 -0.29683426 -0.55574346 -0.433964 -0.6333796 -0.46362662 -1.5948797 0.09615362 -0.54685354 -0.5161941 1.1498398 0.96293795 -0.08514998 -0.344219 0.0030106243 0.35672635 -0.09076495 0.66686475 -0.0369695 0.4273947 0.91983074 0.51997966 1.075659 -0.6397235 0.3075654 -0.76421756 0.8815399 -1.6964828 1.5368273 -0.28753123 -0.14350253 0.24653548 -1.0211742
87 -0.3264784 -0.70295084 0.23906119 -0.5820673 0.3104725 1.1054815 1.8612739 0.68904006 0.30393815 0.635331 -0.097291365 -0.5375416 -0.08478216 0.50931007 -0.11279047 0.75754017 0.06985076 -0.14974053 0.040274616 -0.06939239 0.17191648 0.67887884 1.3474407 0.32193178 0.33444598 1.3380284 -0.983875 0.7097659 0.28672838 -0.14637128 0.57941186 -0.004084876
88 0.42269948 -0.09097941 0.21571751 0.14182934 0.10555644 0.06667069 0.7974453 1.1821232 0.17354712 0.4877042 0.062896594 -1.3212761 -0.32316697 0.02062669 -0.42013717 -0.20276718 1.0100545 1.0558918 0.6563411 0.4226769 1.0592735 0.15274858 0.133194 0.56333184 -0.37646046 -0.20416875 -0.6350669 -0.6707343 1.1686802 -0.080995016 0.065163694 0.4519541
91 0.005520297 0.30519855 -0.02584469 -0.8681835 -0.42447266 -1.3494483 0.3815301 -0.50913525 -0.81712943 1.0858257 0.39996925 -0.04405354 -0.15059951 0.08153416 -0.08398832 -0.3542588 0.7400257 0.8774704 0.3674841 0.5452977 -0.34478313 0.38361222 -0.2920381 0.67379504 0.06505142 0.24308467 -1.1211596 1.6124712 -0.013687911 0.46402714 0.14873439 -0.64575624
141 -0.44571993 0.65953475 -0.10852931 -1.0654217 -0.59184456 -0.44488433 1.2251039 -0.13536774 -0.71358025 0.75718206 0.23246859 -0.6972304 0.72763973 -0.061978772 -0.1773563 -0.8113418 0.20675787 0.83278966 0.26837885 0.45283598 -1.7893325 0.5416879 0.70065504 0.42810285 -0.0622359 0.434907 -0.59821355 0.9870861 0.22584075 -0.656631 1.231269 0.25598952
78 -0.7677802 0.17005077 -0.032772876 -0.92007756 -1.354155 -0.44456527 0.63362235 -0.53581977 -0.65575826 0.122575544 0.58611614 -0.7743147 0.24229233 0.13878039 -0.518912 -0.764729 -0.057529677 0.7221048 -0.036305007 0.51654005 -1.5125058 0.5095348 1.3334464 0.1652137 0.10437285 -0.080992185 -0.2575465 0.27122164 0.17989974 -0.862982 0.4850648 0.66408795
96 -0.55375284 0.79771984 0.23051408 -1.0991821 -0.6186295 -0.4260776 1.2876484 -0.39562708 -0.6631028 0.9412217 0.33277017 -0.8863657 0.94590384 -0.15570946 -0.20086865 -0.74591696 0.060775828 1.216585 0.34114802 0.47679797 -1.6688886 0.46438894 0.6369319 0.53742725 -0.06587429 0.19807288 -0.54179794 0.8606023 0.23976363 -0.4614642 1.0793289 0.2808299
42 0.26549658 -0.95438397 0.57685655 -0.12167192 -1.2505981 -0.89614326 -0.30565944 -0.056147683 -0.19286881 0.08434717 0.7218182 -0.5381644 0.29535252 -0.45751244 -0.32478133 -0.78570205 0.14857723 1.0414054 -0.9726709 -0.88980603 -0.24992253 1.0065992 2.309025 0.058876887 0.87532717 -0.2568601 -0.77019244 0.5389653 -0.21829768 -1.0338814 -0.62993276 -0.046635218
75 -0.57709736 0.49232867 -0.31264344 -0.5979152 -1.1806073 -0.35955387 0.88356054 -0.473544 -0.76614165 0.397332 0.37963712 -0.84981877 0.65572566 -0.2564835 -0.09095998 -0.8653858 0.026988579 0.8000524 0.12459427 0.44127485 -1.6621377 0.5574656 1.2836869 0.4946703 0.010498862 0.06124796 -0.27499667 0.2702779 0.6083369 -0.60102046 0.9804785 0.49452028
148 -0.36932567 -0.054154165 -0.11951579 -0.4711223 -1.0709774 -0.3748126 -0.19144234 -0.11622671 -0.6276458 0.22547618 0.66044307 -0.6916663 0.68282706 -0.46207032 -0.13187402 -0.7448161 -0.26752156 0.45612013 0.19736259 0.07322464 -0.90014434 0.78030777 1.6275128 -0.23543307 0.19584475 0.46312746 0.008410869 0.09366265 -0.09197315 -0.7740642 0.11658338 0.23456523
49 0.09184442 0.50841653 0.66861343 -0.54659396 -0.5640535 -0.6821466 -0.31516072 -0.08083255 -0.6689544 0.40347892 -0.41636866 -0.625263 0.7905568 -0.21441855 0.33406332 -0.33463988 0.6978441 0.97628075 -0.2585809 0.39261177 -1.2999465 0.50444835 -0.12175824 0.8537844 -0.0772547 0.2570152 -0.13431591 0.8433606 0.56670016 0.37224734 0.76852065 0.46615407
62 -0.9648978 -0.1833635 0.4005433 -0.8910892 -1.1591738 -0.18499216 -0.3953766 0.48460087 -0.31450614 0.3087134 0.21532962 -0.49332687 1.2056292 -0.4277444 -0.121237874 -0.43573025 -0.56175846 1.2111351 -1.0290234 0.5453217 0.15850379 1.0888984 1.6371688 0.36112785 -0.3894286 0.10150083 -0.07289687 -0.043902457 -0.5290943 -0.9378526 0.38739896 -0.4534177
106 -0.52153736 -0.5377556 0.6059315 -0.6989089 -0.79856324 -0.7322482 -0.75868845 1.2163285 -0.3789322 0.81802577 0.45821738 -0.55953294 1.5839812 -0.52026093 0.19923398 -0.6137978 -0.2191128 0.7867032 -0.7490462 0.41949105 0.2537125 1.6003212 1.7676618 -0.14204128 0.12947969 0.7169098 -0.33019906 -0.18941349 -0.512318 -1.1707581 0.47090954 -0.59680265
53 -0.5283489 -0.44263303 0.7391638 -0.8681427 -0.87117136 -0.5049572 -0.30208603 0.94148386 -0.28153732 0.88605976 0.30406603 -0.6606021 1.6822258 -0.6938719 0.065129176 -0.7958892 -0.5144508 1.2468133 -1.0101136 0.23637839 0.23842326 1.2474188 1.7841015 0.036994047 -0.006785687 0.66255534 -0.1774714 0.2559328 -0.60968024 -1.127916 0.34189883 -0.7904576
65 -0.4424628 -0.36273956 -0.10439484 -0.44027188 -1.0397298 -0.7866904 -0.89061946 0.82225394 -0.299748 0.4809104 0.5595778 -0.38880065 1.1520458 -0.61015874 0.6451343 -0.14605367 0.3944257 0.6049936 0.25400883 -0.58788174 0.08886367 1.515813 1.6582357 -0.2924915 0.31438228 0.38838434 -0.48541564 -0.15234613 0.023688266 -1.1925613 -0.015078535 -0.03774382
130 -0.56925046 -0.5181163 1.064747 -0.73121256 -0.90860456 -0.8859175 -0.86038417 1.086536 -0.44912082 0.9499881 0.20448872 -0.7149494 1.5256683 -0.5164232 0.24175946 -0.67183113 -0.40727687 0.9946668 -0.91057146 0.3577368 0.23666212 1.4993625 1.5980406 -0.111039095 0.17377312 0.59161633 -0.17999226 -0.30645645 -0.50830597 -1.1195824 0.397871 -0.43539423
47 -0.2931248 -0.58814234 0.34712183 -0.61214656 -0.9208458 -1.0359114 -1.0541891 0.8189361 -0.24217083 1.0847265 0.7272554 -0.5516525 1.4441168 -0.693815 0.62974894 -0.12969387 0.49554563 0.83247566 0.38548282 -0.5525091 0.18562745 1.8473095 1.4268169 -0.3307663 0.2492636 0.71588486 -0.44572297 -0.13218309 -0.21939753 -1.4646171 0.020236991 -0.5140596
152 -0.044140022 -0.545948 0.076946326 -0.7240715 -0.79775953 -0.9709087 -1.1525102 0.6921861 -0.35974756 1.0717165 0.46066988 -0.6835403 1.4747441 -0.5168646 0.68472195 -0.09261874 0.57894844 0.767342 0.59662896 -0.71892715 0.29332572 1.957596 1.5921894 -0.54010355 -0.11773127 0.68081266 -0.29492238 -0.12087629 -0.0791038 -1.7019619 -0.28732157 -0.34494743
52 0.31010422 -0.20229603 0.97649896 -0.5289947 0.018414143 0.2537161 0.76834375 0.14062919 0.23146714 0.08083238 -0.55561775 -0.41726828 -0.3193385 0.35333067 0.6578342 -0.17918853 -0.07082147 -0.676171 -0.6710035 -0.5120521 0.56944853 1.073631 0.88079077 1.1492311 0.7664013 0.72148854 -0.5913345 0.5807935 0.7661345 0.65160483 -0.15804666 -0.08874363
66 0.39186633 -1.634667 0.52192515 -0.5158491 -0.8242083 -1.2394654 -0.951166 0.25774235 -0.15049247 0.078446575 0.78887945 -0.64357996 0.4540924 -0.7160026 0.36861393 -0.53020006 -0.26613516 1.1682919 -0.65257704 -0.4542675 -0.24909262 1.2345704 2.078619 -0.31687787 0.620883 0.05921325 -0.55054635 0.58689314 -0.34238967 -0.13472858 -0.14214 0.15680626
67 0.023319103 -0.5808948 0.6693137 -0.055793338 -0.113897055 0.64507097 0.42410016 -0.4212154 0.3218851 -0.26173818 -1.2309786 -0.36294207 -0.32501724 0.44280857 0.25367036 0.041201703 0.43507293 -0.6333712 -0.31112865 0.056080673 0.7107712 1.6541879 1.0896571 1.4042913 0.49163103 0.30438077 -0.9802915 0.4901079 0.6391033 0.53983074 0.072484195 0.055193607
68 -0.7180221 0.03056787 0.50741106 0.06617822 -0.44911915 -0.5130875 -0.2808283 -0.8736438 -0.08463641 0.37862083 -0.21509099 -0.6197115 -0.38799924 0.2000681 0.6793061 -0.0024679892 0.4913352 -0.31810766 0.21122721 0.3907097 0.4171041 0.7420352 -0.4209061 0.3119087 -0.06418537 0.6275599 -1.0688034 0.938853 -0.6213362 -0.68805724 0.22074126 0.27152082
69 0.00046857554 -0.5825398 0.655076 0.014385959 0.12963328 0.67590284 -0.019366473 -0.5387802 0.20334461 -0.039492767 -1.1802363 -0.83237576 -0.13209762 0.62585866 0.6422347 0.08618924 0.4295458 -0.44897962 -0.2280436 0.4236605 0.52051824 1.4540062 0.872542 1.3203324 0.39464945 0.53841203 -0.94659007 0.63496745 0.36420318 0.52062666 0.09930019 0.34689087
70 -0.42251873 -0.1751404 0.2640402 0.12896341 -0.2633642 0.39791775 -0.09548686 -1.3815165 0.04572366 -0.094768606 -0.8908522 -0.80671513 -0.1133593 0.7588846 0.6998111 0.24076483 0.5895104 -0.42833737 -0.38585606 0.3618378 0.7395238 1.1971321 0.591398 0.78632414 -0.025149077 0.71985656 -0.9854132 0.93194115 0.14374383 -0.10086588 0.11888617 0.291407
107 -1.5797063 0.0067803706 0.8975796 0.45080498 -0.5863721 -0.64126277 0.08163613 -0.53044134 -0.18674415 0.4117101 -0.284006 -0.67928743 -0.315616 -0.30035672 0.9426804 -0.06907528 0.53186506 -0.14505875 0.25324562 0.54749036 0.54099715 0.6915232 -0.5722421 0.5812866 0.22886157 0.47739413 -1.2662307 1.2264411 -0.6202258 -0.49768484 0.27516675 0.48648414
108 -1.3761277 0.1153002 0.72149074 0.10499425 -0.3550146 -0.36910933 0.07817588 -1.0496441 0.028091779 0.28467333 -0.237442 -0.8418444 -0.4168659 0.06866934 0.65043753 -0.1137246 0.5290733 0.03436951 0.43769643 0.68036807 0.6142593 0.58933425 -0.36316323 0.5635839 0.39249915 0.4736024 -1.248497 1.3076361 -0.70134383 -0.4528241 0.16766776 0.4662943
109 -0.18049076 -0.38637495 0.67129153 -0.06207728 -0.109746486 0.63394296 0.22260131 -0.48948175 0.24743183 -0.025026295 -1.1492591 -0.43330064 -0.0604853 0.5189821 0.44909808 -0.04694836 0.46610487 -0.62996405 -0.35441372 0.19781327 0.6449373 1.6265663 0.99070185 1.3919729 0.39195687 0.2292817 -0.65535957 0.54044247 0.7275274 0.54706204 -0.1727146 0.09740223
110 0.1881232 1.0954431 0.3006586 -0.15487404 -1.3333274 -0.40039602 -0.56567055 0.19606417 -0.9140119 0.46124431 -0.47089723 -0.78415656 0.43430978 -0.26567376 -0.6692463 -0.34188536 1.0051044 1.4626347 0.68464756 0.3732349 -0.50598043 -0.00631333 -0.20617387 0.56528693 0.34100565 1.4179233 -0.84955615 1.9635143 0.46506038 0.20036307 1.3263813 -0.08371343
111 -1.2033442 0.0992478 0.92954516 0.23869379 -0.6878984 -0.662354 0.04110504 -0.6855242 -0.27304202 0.4114732 -0.099017106 -0.7864842 -0.44647965 0.20523328 0.73873216 0.14909069 0.4945514 -0.095614485 0.22220115 0.66714287 0.26852563 0.5886767 -0.6452489 0.30248544 0.061173398 0.329374 -1.1640856 1.0577329 -0.65835667 -0.47388023 0.396438 0.24097283
112 -0.65753245 -0.37489834 0.3126479 0.16291696 -0.26902696 -0.104843065 -0.31176728 -1.2140491 0.067269996 0.08340901 -0.630063 -0.9694094 -0.29987413 0.63050383 0.97799253 0.03603677 0.7082126 -0.36969683 -0.12328705 0.65827423 0.5539836 0.8930928 -0.14425619 0.59401715 0.33213142 0.72259337 -0.95142716 1.065798 -0.095401414 -0.22957768 0.16402242 0.774035
113 -0.8673053 -0.63964045 0.5780021 0.30811477 -0.08421839 0.16465159 -0.31714627 -0.83756477 0.09381874 0.07682956 -0.69272804 -0.78726006 -0.3136142 0.39309093 0.7449442 -0.12881054 0.42895505 -0.07664327 0.10131709 0.6975528 0.46132734 1.011746 -0.18973649 0.5915067 0.07442217 0.7865353 -0.9883376 1.3854903 -0.3589495 -0.22054937 0.27707422 0.62859035
114 -1.4636482 0.15781564 0.9189729 0.4008636 -0.8167787 -0.6481547 0.07538308 -0.70083535 -0.19704278 0.26659575 -0.15239362 -0.67674357 -0.35357958 -0.119255595 0.74413025 0.06638741 0.56818914 -0.07762931 0.33104417 0.5982636 0.42679435 0.6374835 -0.66066474 0.480789 0.18042648 0.50997514 -1.1643931 1.1800889 -0.58267945 -0.5544062 0.44974175 0.37213007
115 -1.2536755 0.5814492 0.6049705 0.21778294 -1.0371419 -0.53797215 -0.1730786 -0.5497321 -0.42107385 0.49445587 -0.14659022 -0.51146054 -0.30348969 -0.36199892 0.6180684 -0.032367196 0.669744 0.35779446 0.51594895 0.50639707 0.014853512 0.28413114 -0.4409902 0.633272 0.24555923 0.17170821 -1.0785558 1.3129857 -0.14578788 -0.1884544 0.5475982 0.14535512
116 0.017546205 -0.5970535 0.54017687 0.07448318 0.028488146 0.64910245 0.20431286 -0.96268475 0.10618475 -0.14083612 -0.9278204 -1.0419512 -0.16200115 0.93409085 0.52640295 0.0996701 0.51899284 -0.50047255 -0.39464992 0.48454958 0.5145803 1.4698008 0.8028555 0.7574235 0.36450347 0.6529299 -0.7381112 1.0172892 0.33302468 0.53496563 0.10953251 0.3649139
117 -0.36056796 -0.6243646 0.21643469 -0.04717938 0.1083542 0.42968345 -0.031677794 -1.1670588 0.14117007 0.09518468 -0.81908345 -0.9311299 -0.19809838 0.81747055 0.95902383 0.061764833 0.52088344 -0.2940672 -0.024668315 0.48405525 0.46076503 1.4124632 0.4984688 0.9176167 -0.0149405245 0.44879848 -1.0041672 1.0016532 0.087433204 0.2416185 0.097689144 0.5705568
118 -0.24195768 0.6259738 0.44704714 0.17300074 -0.8564877 -0.45690927 -0.44390288 -0.33449474 -0.82591563 0.7221681 -0.10718096 -0.54316694 0.17694002 -0.40526104 0.3401038 0.0075629666 0.702024 1.0509079 0.5840998 0.51609015 -0.43899244 0.22849037 -0.45519322 0.39812508 0.27498922 0.5553068 -0.8751573 1.4923241 -0.0208245 0.20590995 0.82727516 0.07515734
119 -0.26533276 -0.44125295 0.36333382 -0.13295013 0.07430128 0.43110076 -0.017627848 -1.3244976 0.06786078 0.297795 -0.6851717 -1.2373608 -0.2651549 1.3058203 0.6055789 0.117562294 0.71932894 -0.3495582 -0.15506433 0.67248493 0.5143036 1.1529902 0.4196833 0.57192236 0.16915701 0.744347 -0.8494527 1.225334 0.06331551 0.2919769 0.082849234 0.62597686
120 0.27020752 1.1685789 0.58228886 0.09864314 -1.0646516 -0.618035 -0.38188884 -0.3389275 -1.2427762 0.52838826 -0.45437428 -0.8072012 0.1907035 -0.23304017 -0.62360686 -0.39968872 0.9068068 1.4923654 0.5818571 0.38655567 -0.33503246 0.33209574 -0.43281323 0.2887024 0.26061934 1.2103792 -0.93658096 1.8789405 0.202632 0.53001577 1.3162926 0.2653829
121 -1.3935239 0.17802078 0.61960036 0.24274816 -0.4878396 -0.54536444 -0.0749996 -0.99453914 -0.049032923 0.25883532 -0.18314159 -0.82434744 -0.15618089 -0.083803475 1.0979853 0.15277107 0.6500883 -0.16480963 0.23365478 0.42301545 0.47438392 0.5312344 -0.38063297 0.6794633 0.24137229 0.5752514 -1.2343247 1.2657192 -0.40487412 -0.3962539 0.32906199 0.46108368
122 -1.4407235 0.16102949 0.7292867 0.40035766 -0.7802194 -0.7608079 0.026538214 -0.6474821 -0.27745426 0.4921867 -0.16740033 -0.74046195 -0.10746272 -0.26164725 0.6855344 0.084487095 0.6973694 0.2966829 0.6446211 0.4789123 0.40327045 0.38731635 -0.49658313 0.42143315 0.20054837 0.33392492 -1.2660035 1.2977201 -0.64365214 -0.37402382 0.34513444 0.2923631
123 -0.29077455 -0.6222645 0.17734526 0.07398855 0.07285885 0.4793796 0.082942665 -1.2892905 -0.0061140284 0.33107874 -0.64772284 -1.1653683 -0.46743116 1.2408597 0.6503487 -0.065903395 0.61528146 -0.13127828 -0.34130803 0.8611918 0.69204843 1.2021493 0.39269516 0.59063977 -0.040943235 0.6580747 -0.75256383 1.2513727 -0.05027119 0.2267204 -0.069670975 0.76370144
124 -0.07780275 -0.8089399 0.27170816 0.057123117 0.1361246 0.64010084 -0.09960787 -1.3053993 0.092302576 0.36165476 -0.85659426 -1.1206498 -0.16789801 1.2397634 0.55149907 0.027598003 0.5999932 -0.12546116 -0.20990172 0.8372852 0.5093392 1.4289333 0.3950162 0.5496364 -0.01630627 0.79295343 -0.6660574 1.223598 0.2335532 0.32311067 0.00032334824 0.69859326
151 0.68700546 -0.95518607 0.5245531 -0.28788927 -1.1444495 -0.761487 -1.052981 0.3150234 -0.092601225 -0.13742341 0.5092874 -0.71043 0.7115537 -0.6840214 0.495338 -0.68264854 -0.098990194 0.8074535 -0.73428655 -0.5991372 -0.31023768 1.3567865 1.8983079 -0.32106337 0.80261844 0.20297132 -0.755285 0.6035161 -0.49462262 -0.34152573 -0.16892041 0.26985982
129 0.25391337 -0.13022034 0.1971777 -0.68673027 -0.9840183 -0.60890865 -0.24827679 -0.49912563 0.0029118801 -0.87934387 0.033065446 -0.6396225 0.4086896 -0.457766 -0.9433665 -0.8686095 0.30883405 0.5786387 -0.7202082 -0.08965337 -0.9457937 0.28173876 1.1829892 0.6517847 -0.50110596 0.34827513 -0.44260365 0.32060245 0.0012939185 -0.67225534 0.29580143 -0.21627992
149 0.065433376 -0.63932925 0.011817894 -0.15774117 -0.64528453 -0.8182008 -0.95934415 0.4135013 -0.17785661 0.4955494 0.9206848 -0.49861896 0.9897943 -0.69862306 0.7001844 -0.00628865 0.48743188 0.83288777 0.15882882 -0.79201955 0.11943501 1.352612 1.6188718 -0.43225187 0.5998258 0.3640693 -0.70824975 0.23933254 -0.3468689 -0.96704614 -0.17304888 -0.14920992
