1 -0.35103056 -0.044056375 0.2141286 -0.67444074 0.25590587 0.11501013 -0.0065270877 0.17179848 0.15786688 -0.20267628 -0.011518427 0.022807885 -1.097207 -0.75361747 0.05428847 0.16099808 0.3218288 1.1651262 -0.55867475 0.35828748 0.4134671 0.68574816 0.8146756 0.4636199 -0.16903964 -1.1532798 -1.0436792 0.16983862 -0.023154294 -0.77988744 0.4957772 0.41641712
2 -0.49734485 -0.19939022 0.49967557 -0.67108625 0.31939805 0.20215476 0.19050255 -0.08662646 0.4220915 -0.8055199 -0.047416173 0.22886917 -0.84834963 -0.810717 0.80304885 0.02524354 0.45815817 0.99118656 -0.6815044 0.34604242 0.7651406 0.30287468 0.6572403 0.58597136 -0.07158929 -0.7767514 -0.9254731 0.20068198 0.3411973 -0.4025405 0.84014213 0.791911
3 -0.026100116 -0.31539983 1.0174959 -0.15896021 -0.8735983 -0.99212754 0.5696032 0.39159998 -0.6382194 0.00310567 0.62809765 -0.20699039 0.66966283 -0.89217067 0.23066956 0.19515191 -0.07834235 0.34875867 0.02270028 0.091999896 1.877927 0.18482044 0.7784721 0.21091847 -0.36279586 0.7497852 0.30464485 0.8019085 -0.34677362 -0.11072366 -0.46441877 -0.63637227
4 -0.3143514 -0.9371242 0.62830055 -1.1360031 -0.34066153 -0.4648293 0.48732978 -0.03380892 -0.37223548 -0.20683372 -0.27668735 0.23209774 0.0076929317 0.40777096 1.1091119 -0.1399661 0.07420006 0.84791714 -0.48309273 -0.27599224 -0.011160716 0.029592639 1.0299224 1.0631992 -0.7055653 -0.44296852 -0.05500099 -0.029143933 0.81544083 -0.81197095 0.7939119 1.0657699
5 0.073549286 -0.80101883 0.20661627 -0.56290966 -0.019869773 -1.0507014 -0.037181832 -0.053328488 0.4676868 0.60316306 -0.23076919 -0.026380582 -0.0033083744 -0.1529065 1.3468742 0.5776138 1.1826546 -0.1341687 -0.5017052 -0.5285841 -0.9167429 0.8563843 0.6727025 0.64910704 0.1880972 0.43610835 0.06116065 -0.53405344 0.5910941 -2.022638 -1.1017039 0.47364846
6 -0.4178776 0.096351326 0.00800441 -1.0338471 0.3501797 -0.17282575 0.08064821 -0.04574992 0.2281563 -0.3182276 0.073635265 -0.32790923 -1.0054637 -0.75711673 -0.0053400807 0.24479383 0.6381183 0.86774534 -0.41924456 0.5820582 0.40991697 0.74257755 1.0064503 0.48942977 0.047865767 -1.2550147 -0.57393444 0.9685787 0.18083759 -0.2658779 0.49989668 0.2836155
7 0.14291947 -0.79258317 0.59308547 -1.1985996 -0.36912975 -0.39808768 0.5490344 -0.11044711 -0.12748432 -0.07976922 -0.25710633 0.17300767 0.20525077 0.60812014 1.0294774 -0.107547134 0.17622624 0.75691336 -0.39646816 -0.04610326 -0.18185066 0.043256585 1.1312112 1.2192765 -0.5823606 -0.13487066 -0.07990369 -0.15623531 0.8515554 -0.77522594 0.6879733 0.9201823
8 -0.27852404 -0.53545094 -0.46630478 0.8865118 0.5254871 0.4620488 1.0256966 0.7286771 -0.6912632 -0.16155289 -0.53640175 -0.1797199 0.5522511 0.28432944 0.22915925 -0.7639662 -0.265957 0.23600395 -0.6619102 0.97230244 0.16509375 1.4106996 1.1106322 -0.8736357 0.41263166 0.51046497 -0.5030757 0.5524932 0.4758502 -0.8443817 -0.3706736 -0.23646912
9 -0.30093512 -0.7918918 0.3253654 -0.56850827 -0.08821564 0.3354716 -0.10780943 0.4365596 0.49694622 -0.15344451 -0.0735597 0.4464436 -0.46147636 -1.0632534 0.77154374 0.3629027 0.2978844 1.3326681 -0.5004856 0.06437481 0.6589711 0.2799461 0.57678634 0.33573675 -0.30227712 -0.42054245 -0.43169352 -0.36971885 0.32910734 -0.57919157 0.6602235 1.1795651
10 -0.014389356 0.53793126 -0.19434515 -0.82381696 0.12909923 0.23490807 0.33027613 0.22382285 -0.023031183 0.09672434 -0.05658973 -0.14514315 -1.0534977 -0.7991332 0.2633749 0.43563205 0.59790844 1.2506334 -0.4911813 0.2653663 0.35389975 1.1485674 1.08368 0.34204492 -0.4825405 -1.463054 -1.0775024 0.4763128 0.41375723 -0.7549796 0.19719529 0.60981256
11 -0.14951223 0.28965154 -0.33682913 -1.6357629 0.4866002 0.000509565 0.7751276 0.58621305 -0.061135687 0.04956336 0.25613865 -0.51103485 -1.3199245 -0.69414663 -0.501144 0.4054154 0.860214 1.2046257 -0.4773779 1.0536091 0.7952651 1.2357762 0.63049793 0.33131605 0.41221112 -1.3153442 -0.59062386 0.8273995 0.23092455 -0.18568839 0.1624248 -0.16549379
12 -0.41571546 0.28804553 -0.28091508 -1.1771683 0.24412885 -0.1833116 0.39516303 0.43391767 -0.055013303 -0.13777958 0.19698475 -0.48639742 -1.3707124 -0.8460099 -0.43898162 0.19690481 0.529002 1.0507021 -0.49510434 0.94451475 0.61959547 0.915236 0.70343995 0.14807491 0.36306643 -1.2454578 -0.9417868 0.7494084 -0.018140977 -0.5018863 0.045741048 0.09911555
13 -0.19212565 -0.4232823 -0.2738002 0.9259691 0.68665874 0.582321 1.4404869 0.7396941 -0.73103386 -0.080291614 -0.71745133 -0.5053076 0.61283207 -0.34483895 0.28875902 -0.66623425 0.10644011 0.14550027 -0.6477255 1.0449394 -0.1333817 1.2523004 1.3063701 -1.0510608 0.57106996 0.5217342 -0.21255754 0.2585566 0.53264564 -0.63981986 -0.25362894 -0.12102583
14 -0.27910727 -0.24433516 0.71823615 -0.72824746 0.46705878 0.08766532 0.110495254 -0.16796795 0.5903302 -0.75694215 0.05908316 0.19743197 -0.69056743 -0.8414341 0.658462 -0.020488648 0.5377334 0.97169715 -0.74051434 0.32552326 0.83260655 0.36797526 0.61868304 0.53482246 -0.09780899 -0.78034246 -0.65797734 0.27732098 0.4668752 -0.40879682 1.0141734 0.88060206
15 -0.4304527 -0.30452552 0.49375954 -0.64087677 0.5521003 0.07623696 -0.14503667 -0.027603358 0.5311868 -0.5147476 -0.039610602 -0.19751193 -0.8610803 -1.1354157 0.36634573 0.21475185 0.33055738 0.97879755 -1.0631372 0.4870562 0.64254683 0.4521916 0.722424 0.58094466 -0.01034935 -0.76725245 -0.53903097 0.4219579 0.39322805 -0.4304347 0.8071388 0.9407733
16 -0.061682325 -0.4364011 -0.11632233 0.9175659 0.6658571 0.2699769 0.9938029 0.47996897 -0.82641846 0.13143232 -0.53012985 -0.17460315 0.4584917 0.07036143 0.26775205 -0.29551104 -0.15246889 0.03681018 -0.48251408 0.74140143 -0.22761753 1.0081279 0.7973486 -0.22401915 0.42488003 0.31470552 -0.21794856 0.51938695 0.28421375 -0.8618997 -0.13519818 -0.3654397
17 -0.3618895 -0.6367259 0.8361128 -1.1585033 -0.28461683 -0.5151066 0.49233142 0.11377769 -0.10673126 -0.18723238 -0.04980453 0.23677035 0.017922964 0.2096313 0.9897202 -0.059126332 -0.16863638 0.7413444 -0.47265452 -0.22561884 0.05431221 0.020709045 0.9037947 1.0721434 -0.4542247 -0.5537667 -0.22463787 -0.05939878 0.72811115 -0.8586662 0.9243384 1.1557571
18 0.9088859 -2.081071 -0.14603466 0.48745927 0.8362887 0.14741449 0.54367906 -0.56022286 -0.13365978 0.2116373 -0.60196483 -0.3856172 -0.41109276 0.522688 1.1794382 1.3482323 0.58581394 0.12120834 -1.5661165 0.073413305 0.3981534 1.041974 0.17354545 0.7667848 0.95123243 -0.2366087 -0.36801344 0.6604678 0.46842337 -0.44409785 -1.4185776 -0.7445758
19 0.113212354 -0.79045767 -0.334181 1.0051829 0.7965258 0.6919051 1.279157 0.75439477 -0.73737997 0.10031737 -0.69080466 -0.32427567 0.5871501 -0.09700303 0.21329644 -0.5380829 0.033595074 0.21750657 -1.1458138 0.8712809 -0.006467579 1.2543417 1.1884588 -0.7877717 0.52453846 0.35086274 -0.26833346 0.110165134 0.49674863 -0.7020938 -0.1681001 -0.24232197
20 0.51516557 -0.5603875 0.60440296 -0.7463567 0.022282716 -1.0102726 0.11927699 0.46532556 0.5123627 0.9117618 -0.04578353 -0.23905903 0.002731864 -0.17454235 1.508257 0.7654571 1.2716641 -0.0024844783 -0.29862905 -0.52196413 -0.547138 0.7586839 0.11591285 0.11165369 -0.11356438 0.14491753 -0.12188305 -0.24062964 0.47694054 -1.9809692 -0.98832726 0.4730163
21 -0.7584478 -0.38237548 -0.04704944 1.1188099 0.21276024 0.5688776 1.0883377 0.54447764 -0.16548748 -0.45488176 -0.19067685 -0.67694503 0.31852767 -0.064367905 0.06866379 -0.5596186 -0.3586945 -0.05359807 -0.6021834 0.8486553 0.34393552 1.3042281 0.93999714 -1.2223618 0.43250522 0.5151672 -0.5106881 0.7510513 0.66309994 -0.3555493 -0.7611751 0.21029502
22 -0.38039094 -0.18688175 0.8255473 -0.640391 0.48135296 0.09760232 0.055085883 -0.12711734 0.4602796 -0.83686036 0.07593742 -0.14161307 -0.9378506 -1.0656284 0.82712495 0.082492426 0.47220474 0.8389863 -0.827862 0.33897313 0.69167906 0.4979934 0.7695472 0.5859089 -0.18315904 -0.7849023 -0.6166932 0.25191414 0.4381721 -0.40239158 1.1863475 0.89520377
23 -0.078998394 0.3582817 -0.27728066 -1.4010954 0.25647542 -0.17680563 0.9136602 0.5448438 -0.03797395 -0.20234391 0.15250672 -0.59760046 -1.2579643 -0.79569286 -0.5949013 0.5688534 0.5632679 1.2231066 -0.5023911 1.0735872 0.6633895 1.193932 0.85764533 0.37616494 0.38400403 -1.458917 -0.7000622 0.6693773 0.08474396 -0.28188756 0.13119243 -0.08851701
24 0.041828357 -0.84327227 -0.08474805 -0.28847638 0.15203968 -1.014402 -0.10362644 -0.20953363 0.33883 0.65387547 -0.12266467 0.3070596 0.089619435 -0.04470947 1.3714952 0.80401546 1.446334 -0.3331713 -0.97726214 -0.621265 -0.32575148 1.3133582 0.42186797 0.48274162 0.20949791 0.32203385 0.16992909 -0.67014766 0.48263142 -1.9478534 -1.0822914 0.05363156
25 -0.52645844 -0.21429941 0.51751745 -0.5998159 0.45396203 0.07160763 0.02640244 -0.10873806 0.78572047 -0.69557774 0.097138725 -0.1201274 -1.0912088 -0.9486224 0.56393117 0.0790594 0.63367516 0.86424637 -0.8074992 0.3973631 0.52368814 0.60798675 0.9182268 0.65067744 -0.18629584 -1.0779974 -0.64797354 0.5265979 0.39699972 -0.22988383 0.7374223 0.5500962
26 -0.7083897 -0.12141814 0.06608388 -0.8757143 0.28998926 0.070154145 -0.24853103 0.54738003 -0.38509402 0.0785968 0.31352043 -0.26919878 -1.6082115 -0.47923213 0.12724957 0.10593677 -0.09643243 1.2501209 -0.12692161 0.15670855 0.1174579 0.70971334 0.9721851 0.40896156 -0.23303647 -1.5863439 -0.9737226 0.6528327 0.2715469 -1.0767604 -0.14119503 0.5201829
27 -0.39061454 0.26546353 -0.27848533 -0.87155074 0.33402294 -0.073608786 0.5857472 0.117196076 0.20614491 0.12178348 -0.050828032 -0.42178842 -1.1673086 -0.60144097 -0.15350175 0.2921141 0.6997188 1.1391649 -0.47606727 0.66247356 0.593092 0.8770584 0.6830183 0.2935345 -0.1277278 -1.541661 -0.93611056 0.79828906 0.19122168 -0.5161276 0.11014417 -0.020835873
28 0.57591164 -1.3213863 -0.042945318 0.20923549 0.40978488 -0.21980587 0.31866482 -0.34234178 0.056054235 0.11267172 -0.50521785 -0.008391304 -0.16585265 0.27006155 1.0487378 1.0656058 0.6817552 -0.030036453 -1.2528534 -0.24545173 0.09899954 1.108131 -0.36955008 0.45870835 0.63892233 0.25857538 -0.332309 0.3507001 0.23807634 -0.7147319 -1.392688 -0.28197485
29 0.5965347 -1.2623838 0.50339955 -0.429434 0.06402768 -0.6345473 0.2898362 0.4100821 0.82065964 -0.19898322 -0.055709187 -0.36500683 -0.52699214 0.5988744 1.0420151 0.4947123 1.2428131 -0.149632 0.070479475 0.84960204 -0.0075632203 0.5426684 0.5233266 0.39554098 -0.095612064 0.7324564 0.22809543 -0.39641815 0.31870493 -1.4078685 -0.024371201 -0.6402547
30 -0.5404914 -0.73268074 -0.6915156 -0.6421513 -0.24067698 -0.044978667 1.041743 -0.7004225 -0.16368033 -0.008851329 0.8744822 -0.7508337 0.18512154 0.13166146 0.36940038 -0.8760263 -0.4250291 0.36854017 0.78497416 -0.48645368 0.12638442 1.7801869 0.35988784 -0.50104713 -0.036679443 0.34242052 -0.8174772 0.26585302 0.57236403 0.04388782 -0.62049305 0.4673637
31 0.051549867 -0.5197891 -0.19389032 1.0742265 0.7030296 0.45042166 0.985518 0.53588843 -0.8054791 0.109482564 -0.5064346 -0.2427773 0.49818602 0.037316483 0.4301131 -0.6526538 -0.12611265 -0.014018252 -0.9042249 0.85104555 0.03499165 1.133474 0.99181426 -0.4347784 0.64790785 0.7384335 -0.45243025 0.33760837 0.17044188 -0.8650621 -0.14046718 -0.30688584
32 -0.040624958 -0.65708727 -0.2731264 1.2781767 0.7657403 0.62033486 1.2708057 0.6041892 -0.6448038 -0.07832515 -0.4832543 -0.10213936 0.55567497 -0.06709107 0.40259126 -0.6174035 0.21539243 0.25947002 -0.79378796 0.9214989 -0.04559917 1.4488384 1.1391035 -0.7072288 0.4076151 0.60185844 -0.33279243 0.41987512 0.4866419 -0.5392229 -0.11872838 -0.3610179
33 0.3258804 -0.74130774 1.0064594 -1.07347 -0.37636194 -0.6045662 0.35057268 0.3460202 -0.08878488 -0.3000787 -0.14817642 -0.08656841 -0.114403866 0.7863502 1.2316972 -0.3019429 0.39019656 0.3492271 -0.040322013 0.13434118 -0.61242026 0.4713922 0.5934651 0.8262542 -0.16062027 0.023456935 0.084477045 -0.33026078 0.62890655 -0.9175801 0.06837036 0.2611888
34 0.83202267 -2.0082595 -0.09188086 0.41151625 0.9493371 0.088181436 0.61131155 -0.53012836 -0.2135917 0.1500144 -0.5676903 -0.30797055 -0.3222899 0.389671 1.2456403 1.450236 0.43480447 -0.058657177 -1.5077077 -0.10386343 0.3884807 0.93914586 -0.06135096 0.53895223 0.9846263 -0.029757911 -0.5926765 0.875058 0.42968246 -0.4364219 -1.2967021 -0.65626025
35 -0.49344593 -0.0429827 0.2714464 -0.88184774 0.35708964 -0.24391557 0.3364714 -0.27929303 0.4904147 -0.59007084 -0.112945795 -0.012573519 -0.9725292 -0.6265213 0.26318768 0.23337045 0.23530231 0.94643307 -0.7406845 0.43535283 0.62582916 0.8512017 0.5541488 0.41324905 0.1075445 -1.1621087 -0.81265503 0.7568068 0.048042927 -0.34670913 0.80961764 0.18549488
36 0.019327164 -0.61804485 0.043548968 1.1790609 0.7158959 0.78962773 1.3199296 0.8489807 -0.556996 -0.13011783 -0.6166885 -0.055526268 0.62046826 -0.12020598 0.15457292 -0.5892906 0.13661422 0.2857919 -0.799796 1.1659598 -0.10177474 1.3397837 1.2662647 -0.6995921 0.50310713 0.51213807 -0.3377108 0.42678067 0.5532137 -0.50745815 -0.23210269 -0.05027627
37 0.40852505 -0.6247924 0.46652985 -0.70223796 0.07669518 -0.96110755 0.24195924 0.30721086 0.7708867 0.9063092 -0.07833788 -0.35590065 -0.06267337 -0.22759329 1.4355147 0.88456416 1.1688979 -0.31709766 -0.4504183 -0.5742075 -0.7429396 0.794985 0.45639476 0.24732198 -0.20468001 -0.018846452 0.016729452 -0.2187961 0.6479437 -2.00899 -0.84401894 0.2807449
38 -0.49462798 -0.8675251 0.23138614 -0.7554415 0.2526175 -0.4368752 0.3984317 -0.43348083 -0.11843289 0.34380838 1.0665375 -0.9360795 0.26998776 -0.10992662 -0.82682556 -0.10628523 0.09227187 0.021463728 -0.29901218 -0.47111142 0.7538678 0.094499335 1.3255332 -0.2968056 -0.39351934 0.7511735 -0.5827846 0.56430066 -0.43624187 -0.20161568 -0.4614076 -0.12498383
39 0.749888 -0.73334223 1.2100272 -1.1358708 -0.37560573 -0.8531895 0.088247284 0.77488333 0.16323039 0.70992094 -0.060401935 -0.010882309 0.01171366 0.07278283 1.1808825 0.2107603 1.003394 0.20050746 0.15786378 0.35590553 -0.9916511 0.45541212 0.29100624 0.7630987 -0.012680467 0.37755117 -0.5033889 0.24752 0.57803005 -1.321004 -0.31859443 0.6649592
40 -0.1503816 -0.8879313 0.55291456 -0.49593413 0.16189362 -0.1741533 0.6626352 0.46065143 -0.25766578 -0.28660324 -0.0050714547 0.06289235 -0.18613519 -0.017578045 0.41140574 0.26878935 0.09047404 0.92686546 -0.5848717 0.14301892 0.52232015 -0.18696204 0.4788279 0.8144565 -0.51936394 -0.46140918 -0.14327076 -0.7590407 0.450434 -0.7276424 0.82981116 0.98049736
41 -0.16631702 -0.44543344 0.93071103 -0.987338 0.14128323 -0.12976936 0.37186015 0.12639984 0.31798002 -0.36980423 -0.19519098 -0.03713418 -0.3909307 -0.37582937 1.0307217 -0.15714462 0.25795612 0.82046086 -0.63311374 0.017879093 0.4895949 -0.010491241 1.1182553 0.6216101 -0.22997162 -0.68651575 -0.21398067 0.014320642 0.79479915 -0.5834724 1.3534963 1.0159333
54 -0.46137223 -0.4075634 0.87355727 -0.7949529 0.15326826 -0.1401384 0.20961846 -0.12711318 0.3324711 -0.5314521 -0.051469855 0.074437425 -0.55994093 -0.72352463 0.772762 -0.0961867 0.3674839 0.9405682 -0.80325323 0.17771062 0.5932168 0.46775195 0.7164102 0.80149126 -0.2847782 -0.7185184 -0.25356504 -0.031401686 0.59956884 -0.51373667 1.022334 1.1890643
55 0.04347563 0.29322037 -0.24122617 -0.6130242 0.28829888 0.47258058 0.19731174 0.14695784 -0.12912259 -0.22369544 0.11855831 0.08184096 -0.8712042 -0.65085953 0.42987216 0.11916972 0.44845015 1.4949131 -0.39044088 0.34740835 0.56836206 0.8620186 0.8606039 0.543301 -0.69660234 -1.3424712 -0.90194994 0.15553315 0.44180998 -0.8632419 0.3026377 0.3969126
58 -0.010956205 0.493533 0.04227931 -0.77572167 0.23025289 0.31165406 0.25754893 0.057328045 0.34955716 -0.10548465 0.21947771 0.09150988 -1.0165035 -0.8716086 0.20904705 0.42068553 0.3283227 1.2184395 -0.35556105 0.21384558 0.4581389 1.2233859 0.9190693 0.56555474 -0.39614797 -1.4147564 -1.0875751 0.38412523 0.26779795 -0.901711 0.22469147 0.257191
59 -0.34390515 -0.2544064 0.10278675 -0.51605 0.21416226 0.29985043 0.24632761 0.26358718 0.28841966 -0.14033884 -0.15446155 0.14126566 -0.6687667 -1.0185412 0.42696944 0.16956116 0.23869836 1.2184923 -0.67413646 0.2739556 0.718592 0.30030972 0.51954406 0.2911454 -0.28494623 -0.8229141 -0.6540991 -0.3318759 0.32752514 -0.7752692 0.7189136 0.5764356
60 0.53921044 -0.94552857 0.95540893 -0.8634313 -0.14898717 -0.40927538 0.15732034 0.38691518 0.17270716 -0.32866704 -0.11225428 -0.29984355 -0.31184345 0.5899411 0.9449068 0.029899305 0.68965876 0.25918067 -0.1663872 0.41415623 -0.32384545 0.6634491 0.44834042 0.7189238 -0.15577348 0.60876167 0.54624605 -0.27201736 0.8380184 -0.97402316 -0.23892032 0.3801518
61 -0.5677008 -0.41600245 0.88854086 -0.7442793 0.10507224 -0.063096195 0.15656473 -0.022952393 0.5607783 -0.7542498 0.041444007 0.28192 -0.64771044 -0.8320727 0.8191345 -0.2215049 0.6241254 0.95184755 -0.87303 0.32370055 0.734195 0.24290694 0.6596583 0.6664328 -0.27133295 -0.5090039 -0.5447569 0.12854479 0.46563342 -0.36058062 1.0232639 0.98488474
83 0.533821 -0.9960249 0.79970443 -1.0778519 -0.03628372 -0.31428468 0.4731767 0.49867117 0.15616463 -0.681236 -0.31725276 -0.61231416 -0.75915706 0.2601466 1.0876992 0.9385811 0.4886373 0.08900479 0.2479485 0.8321476 -0.009552979 0.6162752 0.431566 0.8496801 0.16773531 1.011749 0.83576995 -0.27386388 0.55395347 -1.32783 -0.22692813 0.31996366
84 -0.5976318 -0.014637594 0.15167268 -1.1325146 0.82974267 0.3373386 -0.22925884 0.714909 -0.19433428 -0.17082913 0.7641284 0.05464832 -1.6049209 -0.5996769 -8.986483e-05 -0.07111474 0.034692712 1.2264658 -0.06124227 0.2977841 0.3030513 0.9153723 0.7185967 0.45956075 -0.092530526 -1.611009 -1.1731856 0.86696 0.24846314 -1.2342545 -0.34696224 0.39788672
86 0.46704996 -0.99519324 0.6332039 -0.8114771 -0.23907736 -0.34664398 0.12534767 0.47257558 0.37208495 -0.32432997 -0.13415863 -0.31446874 -0.4597086 0.5297032 1.1219486 0.64231426 0.86564475 0.22274804 0.13743761 0.79408044 -0.2098183 0.6601622 0.42393383 0.5255767 -0.03205063 0.82076293 0.29137713 -0.16736563 0.39875516 -1.2266043 -0.10290698 0.090310335
94 -0.10232717 -0.7384506 0.02209264 -1.0553168 -0.23733582 -0.24859703 0.1421476 0.51807266 -0.2004664 -0.17404515 -0.09181153 0.29844868 -0.1910228 -0.35785118 0.9884015 0.37237576 -0.037506953 1.0490282 -0.77917975 -0.110179126 0.55696386 -0.3239124 0.7482084 0.5670943 -0.17088823 -0.043425318 -0.44896132 -0.21111122 0.62190783 -0.7646253 0.81590223 1.3355131
95 0.4639481 -0.955674 0.32941878 -1.0349373 -0.108137995 -0.3614881 0.43587017 0.42013037 0.004558807 -0.7358116 -0.24359643 -0.52408785 -0.6156531 0.27009475 1.1873705 0.81523347 0.21041037 0.4667314 0.3021459 0.6612018 -0.19925565 0.18220417 0.64629054 1.0302209 0.139966 0.92076206 0.41788644 -0.27208158 0.7149632 -1.0754883 -0.053443186 0.56139165
105 0.43064067 -1.1519377 -0.13008803 -0.22959082 -0.229391 -0.59047973 0.25732502 0.08551374 0.47101888 -0.26590627 -0.07310542 -0.33385593 -0.3748524 0.77971494 1.0590146 0.6620617 1.117565 0.05063184 0.04599927 0.9542315 -0.04168945 0.8715425 0.35972387 0.49059334 -0.18125574 0.7631476 0.06153668 -0.14065295 0.04519576 -1.1112611 -0.127573 -0.65566117
128 0.52845997 -1.0302075 0.80385876 -0.9557943 -0.12756994 -0.20850487 0.49268907 0.5446618 0.18229254 -0.45401734 -0.35022852 -0.6637597 -0.757167 0.1919897 1.0287646 0.7665633 0.4757741 0.41511336 0.25975856 0.69498724 -0.28757226 0.21767932 0.53727907 0.9560351 0.19280826 1.0617896 0.49858004 -0.3696407 0.6082328 -1.2555977 -0.42771387 0.376931
135 -0.659681 -1.146196 -0.20453754 -0.9179132 -0.0044734455 0.12294832 1.4760668 -0.33603042 0.2197408 0.14951347 1.475925 -0.88212806 0.39815375 -0.020674571 0.11789017 -0.21916243 0.016158223 0.038378384 0.51640695 -0.61597294 0.49162906 1.4044513 0.2707775 -0.4816989 -0.4483555 0.73371357 -0.8936294 0.29861313 0.015722062 0.4290621 -0.06728364 0.28376946
136 0.38531777 -0.8780692 -0.6333649 0.23038583 0.18661565 -0.40026373 0.48077604 -0.13958567 0.3155083 0.10797301 -0.21535529 -0.09085582 -0.36209288 0.66001534 0.68654037 0.7475458 0.9934295 0.038870215 -0.45063826 0.5135979 0.23857664 0.5008482 0.335437 0.59265983 -0.17700362 0.7913347 0.023544451 -0.09652784 -0.11272907 -1.2024314 -0.13992266 -0.7534972
137 -0.25843742 -0.74094987 0.7263146 -0.9811503 -0.27471158 -1.278318 0.28356513 -0.025866447 -0.3091033 0.19033957 0.57809496 -0.64430505 0.46510485 -0.4928349 -0.79424906 -0.6046575 0.081042655 0.045481063 -0.58981305 -0.045257147 0.645534 0.68352735 1.3379265 -0.114043884 -0.021360464 1.1024488 -0.97251993 0.72040457 -1.4408275 -0.63658226 0.032408465 -0.8469242
50 0.71795285 -0.91989976 1.2981824 -1.1880549 0.07398472 -0.6836392 0.044851217 0.34130913 0.30513683 0.46245888 -0.24936748 0.16205381 -0.024493234 0.5878857 1.2873094 -0.40568727 1.0481654 0.18647742 0.142227 0.47159067 -0.48118398 0.14185692 -0.03960258 0.52930874 0.11222838 0.31556278 -0.5938418 0.32880569 0.7196702 -1.3753005 -0.3218168 0.6476388
51 -0.33386648 -0.29664132 0.20677438 -0.6480686 0.06682234 -0.0050158384 0.2582888 0.17397296 0.15547308 -0.39947918 -0.13851602 0.25377312 -0.6636459 -0.71518266 0.61232096 0.17532085 0.5328859 1.2532843 -0.30966562 0.27620083 0.8753417 0.27423492 0.6582599 0.35067397 -0.15541862 -0.6502288 -0.5523059 -0.33306327 0.4942751 -0.66105676 0.89731085 1.315176
56 -0.566056 0.13869022 -0.41714114 -0.88129413 0.30604056 -0.13198528 0.53517973 0.21518578 -0.12897666 0.030493338 0.28965613 -0.4180502 -1.0219939 -0.6443145 -0.39373505 0.52510434 0.73688745 1.2339768 -0.36969167 0.8994889 0.46140623 0.9334545 0.70144767 0.5004035 -0.009313682 -1.5673872 -0.79570174 0.72002125 0.060619093 -0.38582036 0.070889376 0.08060449
63 -0.5581637 -0.42996818 -0.39494997 0.8759599 0.82660484 -0.16444553 1.3860949 0.90448844 -1.0062083 0.2647898 -0.045069735 0.016420783 0.16480678 0.25843093 0.3427712 0.4179009 0.5529694 -0.1973888 -0.7828329 0.34290186 -0.48013768 0.53294915 0.22224656 0.7966211 -0.20144643 0.56734186 -0.24746239 0.8781101 0.50716966 -0.9227629 -0.2119025 -0.8264246
64 0.30870557 -1.0874801 0.5239489 -0.63399726 -0.2960968 -0.25364858 0.27671447 0.47299805 0.59207577 -0.36031815 -0.204746 -0.21792214 -0.2800121 0.5924993 1.0452008 0.8156024 1.0115306 0.23553765 0.19869345 0.84417015 -0.110126495 0.6526592 0.5226022 0.43448913 -0.2922846 0.811364 0.41681358 -0.10686351 0.27425742 -1.2821862 -0.24417241 -0.2939112
73 0.33567196 -1.4110084 0.39184174 -0.8382081 -0.23075767 -0.30894944 0.116216 0.46192068 0.46272805 -0.15541054 -0.00045226965 -0.42314297 -0.4181192 0.31142882 1.073313 0.7397785 0.79997826 0.14327013 0.28680784 0.63991123 -0.21847937 0.4725871 0.42498997 0.68161017 -0.06312573 0.70532876 0.35274065 -0.3531394 0.26997948 -1.2059649 -0.049683575 -0.30108032
74 0.18907101 -1.4018693 0.41520756 -1.193204 -0.11104096 -0.51190156 0.18079148 0.63079804 -0.4342988 -0.40989217 0.7941494 -0.66859215 -0.3800728 -0.07029772 1.0914904 0.40017492 0.5479706 0.5256491 -0.71948445 0.2482534 -0.46830404 0.106354855 0.36811075 1.3316438 -0.17271118 0.47802305 0.034667745 -0.5859594 0.7577494 -0.18633325 0.612148 0.9685702
77 -0.41094482 0.094296716 -0.25477794 -0.9691014 0.2491194 0.051386625 0.05887386 0.118155636 -0.1237051 0.13114017 0.21928519 -0.57679963 -1.2547209 -0.8213714 -0.24915569 0.34278873 0.65034443 1.304352 -0.031430062 1.0367707 0.49521214 1.0941178 0.79420054 0.53810865 0.12081088 -1.3085104 -0.8914594 0.44064176 -0.18277112 -0.5672168 0.2878575 0.24448708
81 0.4804937 -1.1297467 0.076661214 -0.44611707 -0.20693095 -0.47795996 0.3126487 0.46630898 0.7127143 -0.33902225 -0.06953707 -0.20244154 -0.47780484 0.5874762 1.0345881 0.59850925 1.3507041 -0.11649605 -0.25460157 1.0878216 0.117896505 0.7372374 0.30918947 0.38806352 -0.06719984 1.0126755 0.20882328 -0.3560102 0.15238586 -1.213701 -0.1917754 -0.4797535
89 0.03353744 -1.1839241 -0.12568487 -1.1285336 -0.07342947 0.055135697 -0.15001692 0.6743372 0.07295878 -0.1341083 0.03228686 0.52743906 -0.13594972 -0.5948342 1.1555343 0.5999984 -0.00015713125 1.0773222 -0.9081519 0.020129642 0.7414801 -0.15356219 0.49605945 0.35352734 0.13088922 0.21174283 -0.55706245 -0.47055626 0.47570813 -0.6363384 0.641787 1.2464867
97 -0.6785284 -0.29269487 0.06443426 -0.40290466 0.22803648 0.33455274 -0.120054826 0.45465863 -0.42179787 -0.15283464 0.5542486 0.027247055 -0.7718867 -0.6770403 -0.14519556 0.36950657 0.55557805 1.557662 0.25801718 1.1962823 0.3360936 0.40912947 0.7911722 0.6374928 -0.21686096 -1.1425842 -1.2383629 -0.1592573 -0.28069776 -0.888598 0.40892464 0.840012
99 -0.8297194 -0.2811963 0.13700268 -0.58203787 0.0106032 0.30935535 -0.16561295 0.4433339 -0.4678773 0.34355655 0.20822054 -0.26972848 -1.2996224 -0.58869 -0.06671144 0.4769339 0.6786937 1.2957872 0.27435607 1.0423542 0.6154676 0.38453233 0.8681595 0.48725706 -0.05474167 -1.2418091 -1.2297829 0.052650705 -0.12957107 -0.90221256 0.40782133 0.8015632
103 0.24187101 -1.280101 -0.2603493 -0.9332129 0.5970895 -0.13870096 0.8907834 -0.77591014 -0.36397514 0.0025441009 1.02678 -1.2533752 0.10407777 0.17465691 0.23659013 0.073990084 -0.046853475 -0.31986222 0.38033822 -0.31221017 0.7593574 1.2082756 0.8762566 -0.66398823 0.076023445 0.70116997 -1.4562242 0.3522466 -1.0345566 0.3916285 0.35054752 0.14707841
104 -1.3120435 -0.5863528 -0.7533153 0.1130327 -0.23223352 0.116360575 1.440738 -0.22768956 0.12648696 -0.09245599 0.179601 -0.34602356 0.38310233 -0.54506195 0.6693507 -0.54613787 -0.3163036 -0.16853006 0.7122443 0.10875903 0.55433464 1.6211253 0.33385015 -0.5462725 0.38634673 0.24460636 -0.3233923 -0.4541197 0.21450245 -0.1097855 -0.37496173 -0.09833012
133 0.15595008 -1.2677345 -0.07330141 -1.2088774 -0.32923657 -0.12315521 0.03580566 0.9370944 -0.06740084 -0.052663065 -0.025154183 -0.02733592 -0.30483457 -0.43954283 1.1890188 0.8321189 0.27032214 1.0094687 -0.6223308 -0.063761905 0.21060054 -0.3611264 0.94852823 0.70352346 0.038047064 0.47778115 -0.22048573 -0.5105095 0.597444 -0.5868238 0.44520563 1.2724558
142 -0.07751117 -0.6446422 -0.7056333 0.7765299 0.53541464 -0.37342155 1.4737172 0.44549394 -0.57305527 0.28361878 0.043082584 0.0068960367 -0.02830909 0.6576486 0.5153402 0.5690944 0.8218998 -0.097904414 -1.1612028 0.31184366 -0.16642463 0.6902598 0.1320625 0.8955998 -0.2042936 0.47796538 -0.28035825 0.5958816 0.4349159 -0.7707128 -0.42963907 -1.0059066
143 -0.32221144 -0.5089094 -0.12898216 0.9960999 0.81463635 -0.2590871 1.9138411 0.88657635 -0.84298605 0.4387914 0.092824034 0.0265353 -0.15977216 0.3210594 0.2438604 0.6019401 0.77258396 -0.24017932 -1.0207542 0.40759322 -0.17199019 0.611292 -0.23683856 1.0845656 0.014273714 0.6117017 -0.35432255 0.4279007 0.45757633 -0.9678861 -0.2566259 -0.8582973
147 -0.37476513 -0.86277395 0.81411535 -0.66102034 0.027341247 -0.76126164 -0.10516922 -0.12026141 -0.1287085 0.045090858 1.0048227 -0.15240811 0.9149059 -0.39540303 -1.2361608 -0.6189342 0.28809726 0.45244214 -0.086899206 0.25890115 0.7121799 0.9079656 1.7117119 0.19699658 0.11939816 1.3836913 -1.2672056 0.7918159 -1.3705091 -0.4799671 -0.057945065 -0.6821244
57 -0.41875327 -0.38397804 -0.11669056 1.0042673 0.81044304 -0.1322455 1.0557406 0.78893715 -1.0179251 -0.17936741 -0.051615834 0.19293028 0.23709802 0.20393853 0.29384595 0.112538226 0.45484033 -0.16930968 -0.6082601 0.5617092 -0.09314965 0.5470198 0.18899757 0.38385078 0.29636803 0.69270957 -0.2037032 0.7304679 0.5264625 -0.8855819 -0.069555014 -0.60855556
72 -0.30031696 -0.67409515 0.83217376 -0.84000736 -0.23826563 -1.168484 0.41951972 0.2427796 -0.32036653 0.2768091 0.56610554 -0.58924323 0.7978173 -0.54685986 -0.8688672 -0.43497917 0.21124266 0.22661185 -0.7110742 0.039549027 0.5758874 0.50530416 1.3602847 -0.14013645 -0.09008267 1.122319 -0.90634227 0.6890647 -1.353103 -0.6379181 0.0634359 -1.188255
127 -1.375195 -0.39131135 -0.5106673 0.825055 0.08946152 0.33860865 1.5538906 -0.20445092 0.22857736 -0.065003544 0.26038644 -0.46449742 0.3940134 -0.91052574 0.5311657 -1.0883081 0.14909938 0.2555494 0.41771978 0.11392332 0.047969893 1.3451452 0.37043217 -0.6891306 0.36519286 0.21220765 -0.5586916 -0.20111766 0.8132949 -0.63011736 -0.2229801 -0.4592167
43 -0.78216934 -0.2760374 -0.6484356 0.8036443 -0.032232862 0.39292336 1.0922543 0.06490475 -0.018625969 -0.5916033 -0.2501996 -0.48092735 0.608949 -0.108259186 0.117168 -0.35506967 -0.40536776 0.17458615 -0.09909098 1.0107082 0.28811103 1.0791315 1.1036037 -0.9429157 0.45301798 0.44824353 -0.3671826 0.3840186 0.4290362 -0.54928535 -0.7613126 0.37827522
44 -0.81665206 -0.28034332 -0.17841588 1.090355 0.64453965 -0.0845524 1.0911897 0.20104018 -0.7760467 -0.22768973 -0.3020726 0.07710293 0.50195444 -0.25526804 0.55307186 -0.24002987 0.2710004 -0.23590235 -0.17543463 0.7268785 -0.029471816 0.5801465 0.76732194 -0.12194463 0.6175587 0.33624536 -0.19752812 0.6989169 0.4920254 -0.6275072 -0.25613594 -0.1537278
45 -0.153629 0.29928792 0.20531465 0.24326545 0.078755125 0.25675353 2.3426163 -0.43210024 0.81171113 0.061380945 1.181042 -0.41415703 0.49056572 0.021135077 -0.37483978 0.44727033 -0.5907834 -0.0032269328 0.46499246 -0.076172285 0.32996273 0.85227007 0.8952852 -0.1730118 0.31511065 0.075408526 -1.0659896 0.026930315 1.1003937 -0.5177581 -1.3779027 0.9030763
46 0.029584674 -0.448285 -0.32712957 1.0007482 0.6538529 0.06155148 0.7588239 -0.14721529 -1.0279862 0.11517759 -0.2081423 0.35672903 0.5111338 -0.004746919 0.6006327 0.278294 0.09284934 0.045947507 -0.5812141 0.5439029 0.14387901 0.81784546 0.27841622 0.70336896 0.58410704 0.309248 -0.26015475 0.6708072 0.2919636 -0.8830078 -0.3469905 -0.4469809
100 -0.2060323 -0.8178301 0.49480906 -0.445659 0.77277553 0.2570206 0.9031139 -0.74679404 0.43412066 0.17604426 1.3066221 -0.7896817 -0.21767493 0.35639012 -0.9450094 -0.28994632 0.056763098 -0.19857034 -0.08649473 -0.26013312 1.6077871 0.11654012 1.4651124 -0.22477938 -0.5191651 1.0015241 -0.5044262 -0.23778008 0.0014803456 -0.5830505 -0.6764516 0.09884127
101 -0.1426619 -0.2759161 0.4028839 -0.15602909 0.33072212 0.18641599 1.844835 -0.39247772 0.7815748 -0.079170614 1.2724962 -0.40792084 0.0027466782 0.22152914 -0.8261648 -0.17066458 -0.22248435 -0.21805443 0.52893186 -0.09071228 0.9835 0.37339702 1.0189456 -0.28124988 0.32687068 0.5203596 -0.94298774 -0.30694744 1.0011641 -0.42022017 -1.2232845 0.8309008
102 -0.24826007 0.065070905 0.1382014 0.20741788 0.09923692 0.15897948 2.5173392 -0.35836488 0.8173804 -0.0971297 1.0563833 -0.44040987 0.41315103 0.015198211 -0.457299 0.39002517 -0.5851712 -0.07305564 0.43399078 0.48883423 0.62230235 0.9252762 0.65592635 -0.31561074 0.62272465 -0.03828492 -0.85373974 -0.09817534 1.1396383 -0.32632935 -1.3968278 0.94263494
125 -0.24176405 -0.3482582 0.48264477 -0.37392375 0.31928712 0.56339884 1.3654901 -1.0319515 0.92590034 0.11257693 1.269113 -0.78513443 -0.036353584 0.15457349 -0.741374 -0.43042293 -0.23030077 -0.07839683 0.34206873 -0.0072607137 1.1203728 0.5547346 1.3851641 -0.14229113 -0.20346528 0.86322874 -0.9244674 -0.43631375 0.3902752 -0.5839787 -0.88516665 0.23016874
126 0.4977411 -0.52828074 1.1527613 0.0014717209 -0.18800287 -0.93818915 0.34457538 0.22008522 -0.75366193 0.36727148 0.60146236 -0.83452356 0.44872338 -0.32163814 -0.2877409 -0.34739992 -0.4113726 0.5534635 -0.3746499 -0.3426098 1.2964984 -0.059119023 1.2003922 0.15404508 -0.007877494 -0.006692863 -0.40750793 0.7800568 -0.3174656 -0.068740875 -0.797404 -0.6945594
131 0.5029498 -0.95162356 1.1874177 -0.06618088 -0.35459277 -1.191215 0.24020326 0.46488395 -0.92666125 0.23455045 0.6314848 -0.6544518 0.3555105 -0.33400142 0.20362805 -0.6135361 -0.31719455 0.96116203 -0.52271783 -0.3726826 1.9985794 -0.4351273 1.2486429 -0.017888157 0.5753875 -0.3784253 -0.68641466 0.84335345 -0.13469 0.06676558 -1.2724322 -0.5935833
138 0.34044158 -0.8516366 1.0035499 -0.03993252 -0.51491946 -1.3266116 0.2640251 0.47485206 -0.8791986 0.3173624 0.59578013 -0.62520295 0.3531559 -0.28500018 0.44126147 -0.76498103 -0.37828004 0.8937894 -0.54223335 -0.6296962 1.9828527 -0.15350296 1.2148639 -0.15831676 0.3313254 -0.6247111 -0.6033227 0.9936715 -0.054868285 0.04801912 -1.2668128 -0.7831659
139 -0.19359508 -0.79822093 0.4491883 -0.3747398 0.5544808 0.07719229 0.9482053 -0.84863883 0.48718196 0.075052775 1.3719286 -0.99011165 -0.29459143 0.18930379 -0.9385544 -0.45063037 -0.04960948 -0.13509877 -0.08745694 -0.21805918 1.4414235 0.44825888 1.1329404 -0.070900485 -0.3654837 1.0876364 -0.5758143 -0.29721424 0.22494657 -0.44065267 -0.7844603 0.36353663
140 -0.35239127 -0.31339505 0.054974645 -0.36374405 0.14022197 -0.029788861 1.4203382 -0.54826504 0.56276333 0.19375502 1.0925206 -0.703948 0.34316126 -0.19622964 -0.3477958 -0.14115962 -0.31658483 0.04503444 0.4044036 0.06449644 0.35878628 0.8254454 0.2624934 -0.45892173 0.2749655 0.36922225 -0.997685 0.1858427 0.51413083 -0.02044662 -0.6778021 1.0241169
144 -0.12028087 -0.79760945 0.35141462 -0.5635575 0.67617524 0.045423772 0.6336141 -1.1420741 0.27862525 0.30157635 1.0771359 -1.101274 -0.2360527 0.24021874 -0.97581476 -0.23978774 -0.13317072 -0.25471237 -0.32135946 -0.4940184 1.6192981 0.34143487 1.8997171 -0.06013107 -0.48459592 0.92137766 -0.31951782 -0.1942792 -0.3185564 -0.70840967 -0.471308 0.040081944
145 -0.17320213 -0.83479244 0.5146661 -0.5603705 0.78749347 0.42062327 0.864224 -0.859791 0.49403664 0.29047796 1.3163805 -0.993162 -0.41912854 0.24113277 -1.0316458 -0.30442062 0.023553027 -0.3481715 -0.10323563 -0.33656654 1.5122799 0.2980143 1.6235529 -0.105514124 -0.34679592 0.8950071 -0.61928964 -0.2581656 -0.09106025 -0.6354823 -0.80991113 -0.027397426
150 0.5453005 -0.5710995 1.119258 0.0139125725 -0.7949603 -1.0369828 0.33961114 0.26930016 -0.6719314 0.31019017 0.70731735 -0.2732838 0.49911392 -0.70764744 0.99504817 -0.36030543 -0.3571259 0.85190004 0.121358335 -0.30444977 2.131639 -0.07159311 0.9338075 0.111551575 0.22109737 -0.24461287 -0.22093192 0.3142586 -0.04461001 0.032751493 -1.0482599 -0.5681275
71 0.18597846 -1.1143929 -0.20601681 -1.034765 0.48912632 -0.092002526 0.77261925 -0.78661543 -0.3443905 -0.034129433 1.0729513 -1.1871387 0.2231002 -0.09906121 0.38900602 -0.10188465 -0.12360329 -0.18282795 0.6747951 -0.30621424 0.67313534 1.4690346 0.92848045 -0.7634934 0.13241026 0.82154274 -1.5909597 0.4444378 -1.1075928 0.26014647 0.40204972 0.0780175
76 0.3842187 -1.2814356 0.0914441 -1.1279174 -0.4925307 -0.25457752 0.2740006 0.76371735 0.2886463 -0.47556823 -0.095301114 -0.2494752 -0.24919218 0.0006078019 1.4910185 0.9427355 0.37458 0.45823523 -0.2466005 0.6050369 -0.20107059 -0.033441413 0.55522245 0.59801805 -0.1034157 0.5101658 -0.25678232 -0.19724302 0.43453783 -0.6036031 0.21624902 0.66865593
79 -0.08867517 -0.64629775 -0.2490955 -0.05785205 1.0194136 0.43600196 1.5372689 1.0379086 -0.81965625 0.632802 -0.20358154 0.16802481 -0.4689525 0.6350281 0.7302125 0.460082 1.0349748 -0.14666744 -0.8000518 0.085696325 0.23129787 0.48836884 -0.21440265 0.48963952 -0.055407993 0.84290946 -0.34908924 0.40870574 0.51563793 -1.2231566 -0.57249886 -1.2165055
82 -0.36835915 -1.0714598 1.0143096 -0.17758831 0.5437523 0.108999215 1.0825435 1.1352993 -0.6201381 -0.2840468 0.12270712 -0.42618746 -0.61428946 -0.40775192 -0.078703426 0.6300319 0.013244002 1.197123 -0.79211336 0.64851385 0.90696305 -0.22232461 0.11392487 0.67855 -0.59753585 -0.35762513 -0.4377672 -1.0444881 -0.06637443 -0.91680694 0.9452394 1.3529204
90 0.06472366 -0.37587106 -0.028005978 -0.71942157 0.85757667 0.37031415 1.0511401 0.85153234 -0.38744834 0.2620533 -0.20986475 0.14670527 -0.67137545 0.7431577 0.93382955 0.7186576 1.2466574 -0.1931278 -0.45613906 0.13489473 0.30108193 0.3755693 -0.19992594 0.2656497 -0.19697942 1.0799471 -0.2978572 0.34119102 0.3140523 -1.4468178 -0.59026486 -1.1841376
92 -0.513369 -1.0723579 0.9452942 -0.2500443 0.7074003 0.42257583 0.72519565 0.8810642 -0.69441855 -0.14899985 0.1564565 -0.3060445 -0.6944864 -0.50493175 -0.010803074 0.41652966 0.088174134 1.236677 -0.5030537 0.5418066 0.8889945 -0.13938008 0.1555979 0.6590643 -0.4865888 -0.59604144 -0.5199016 -1.0829527 -0.22199543 -0.919489 0.6976232 1.1825086
93 -0.24100299 -1.3236035 1.0853829 -0.45297822 0.555151 0.14542758 0.9497775 1.070484 -0.9270437 -0.3459099 0.48704162 -0.19259188 -0.39301288 -0.08047512 -0.061023477 0.6145249 0.08415525 1.046922 -0.33639732 0.60265285 0.6709641 -0.17537901 -0.026490748 0.89022046 -0.55740535 -0.31318414 -0.22205143 -1.0880235 0.030316122 -0.7581159 0.57071567 1.3428676
98 0.48734948 -1.2313343 0.42753184 -1.383166 -0.34482074 -0.290492 0.13754673 0.93611866 0.48118812 0.018432615 0.37916598 0.15447971 -0.28604358 -0.10430545 1.3133442 0.5701798 1.0560955 0.13968308 0.1729898 0.595266 -0.22544421 0.66136056 0.04429384 0.5668763 0.2564177 0.5523166 0.2252356 -0.34046853 0.6020615 -0.7417339 -0.024759164 0.16416089
132 0.5540112 -1.0896955 0.5089308 -0.76850307 -0.33956057 -0.33005455 0.20717654 0.6600535 0.62443453 -0.04630837 -0.26791668 -0.54878885 -0.39774957 0.34814468 1.255281 0.65890104 0.9369488 0.1394392 0.11557109 0.8618403 -0.12242065 0.37795466 0.4346554 0.27519122 -0.1893574 0.6714463 0.046979543 -0.17428102 0.24091247 -1.3317593 -0.010708241 -0.14900766
146 -0.20064606 -0.7461597 1.0362296 -0.669539 -0.2468394 -1.1181321 -0.07416331 -0.014991041 0.07845964 0.19448438 0.73153096 -0.028912518 0.93433136 -0.40557465 -1.0884434 -0.73415744 0.23271011 0.5001263 -0.44724712 0.14996712 1.0635284 0.9922087 1.5432324 0.3505568 0.009360223 1.2545131 -0.9076174 0.75679797 -1.4125156 -0.6245039 0.004613723 -0.8934498
48 0.5165355 -1.0574149 1.1378375 -0.91564673 0.18017523 -0.7308358 0.20880976 0.6705846 -0.19139716 0.2576853 0.15378909 -0.1878181 -0.06670866 0.2110608 1.1422935 0.035778604 0.84643465 0.08150846 -0.12157516 0.43419164 -0.47828284 -0.05841032 0.083055235 0.6380545 -0.09885885 0.17064586 -0.3025171 -0.1319397 0.6478709 -0.89836496 0.2041513 0.9141988
134 0.24634816 -1.3494354 -0.07891353 -1.0883656 0.38686442 0.09443322 0.8296719 -0.75143474 -0.22611882 0.07409903 1.3363651 -0.8595617 0.39941645 0.054169394 0.36838576 -0.1974073 -0.16818595 0.015786191 0.79129905 0.024822399 0.7260862 1.8217962 0.2726736 -0.8084862 0.014321524 0.9574586 -1.6881355 0.6061466 -0.6363175 0.23944013 0.18026775 0.33275703
80 -1.7917991 -0.6595514 -0.51232105 0.54360664 -0.28960633 0.23762326 1.8480833 -0.32054427 0.35484502 -0.21342874 0.2829349 -0.7792673 0.17365192 -0.5216552 0.8084941 -1.4088281 -0.15401888 0.33031276 0.73878074 -0.1853762 0.15843728 1.6942778 0.82347804 -0.8381003 0.036025286 0.20333329 -0.74264747 -0.79976296 0.6281414 -0.6715316 -0.37970263 -0.50131655
85 -1.8428564 -0.70031804 -0.5103815 0.7833559 -0.13109753 0.28272793 1.92966 -0.1754116 0.360809 -0.18766849 0.27713552 -0.83315027 0.1970312 -0.7423474 0.8550022 -1.3973718 -0.16372412 0.40660277 0.5270996 -0.07984533 0.1293014 1.8108842 0.5751727 -0.5482583 0.049646392 0.12704116 -0.6150882 -0.89221686 0.8381506 -0.6074849 -0.16871372 -0.7064811
87 0.06715319 -0.3410555 -0.122935586 -0.36647302 0.8448827 0.4456763 1.4879041 0.78373677 -0.39531216 0.76820046 -0.46395165 -0.1345547 -0.7304581 0.45769933 0.9919114 0.74355537 1.1802408 -0.2458006 -0.76261824 -0.11894908 0.03401534 0.28232655 0.16957387 0.32970628 -0.10439009 1.1062057 -0.5450182 0.34392124 0.28181773 -1.5465477 -0.36338127 -1.5188534
88 -0.12353271 -1.6051948 0.4252123 -0.7229355 -0.041504618 -0.94815415 0.15876038 0.5671177 -0.36023676 -0.37483817 0.58830225 -0.7277832 -0.11109383 0.12169385 0.86213726 0.7730528 0.90069616 0.49266446 -0.36103252 0.6037685 -0.68864435 -0.020028004 0.2163968 1.2578806 -0.51634824 0.036879726 -0.073389865 -0.6063779 0.5228706 -0.57884526 0.48479924 0.8173323
91 -0.88947225 -0.7089978 -0.4061374 -0.43970677 -0.32276464 0.10095698 1.488966 -0.4122248 0.5016536 -0.4718708 0.9178395 -0.094874464 0.25554124 0.33838558 0.50399595 -0.875051 -0.057635725 0.19214873 0.8920055 -0.3027169 0.3250668 1.4406861 0.3249208 -0.56917745 0.037085827 0.6186565 -1.0804552 -0.31700066 0.42551765 -0.06305687 -0.30836126 0.009621806
141 -0.85537153 -1.6105053 -0.052218933 -1.1613171 -0.018708343 -0.16147424 1.2551908 0.08379906 -0.2173282 0.4552691 1.5705239 -1.2091371 0.18889216 -0.14145799 -0.12689334 0.108812384 0.28664955 0.031986296 0.052570682 -0.6413761 0.7174541 1.1578734 0.36279535 -0.5051555 -0.80686796 0.78356063 -0.45692536 0.7723774 -0.17731471 0.5963573 -0.24633941 -0.14146534
78 -0.5757696 -1.2300075 0.32887375 -1.0638258 0.07459215 -0.6396611 0.7445525 0.4407038 -0.49446118 0.59507126 1.3154554 -0.49384552 0.7178165 -0.25491855 -0.9032393 0.16829017 0.43512008 0.1750173 -0.31389546 -0.078277476 1.0574886 0.41175416 0.70233774 0.012060512 -0.42196515 0.92393756 -0.36608618 1.1005816 -0.6713007 0.25658232 -0.4019561 -0.5161461
96 -1.019758 -1.6487956 -0.0513116 -1.1291198 -0.0770842 -0.26575345 1.3070323 0.1408676 -0.23612154 0.5222723 1.481571 -1.058913 0.34832186 -0.17908455 -0.26529068 -0.042572808 0.21184623 0.08125916 0.07145951 -0.6832659 0.63727874 1.1007051 0.29751065 -0.40399238 -0.6414734 0.66945946 -0.7471699 0.6498521 -0.43223912 0.44325462 -0.19255681 -0.13086265
42 0.48357692 -0.8213467 1.1520976 -0.15131111 -0.51609826 -1.2723374 0.38863534 0.53159374 -0.71014565 0.31684983 0.6028324 -0.6707301 0.4763841 -0.25995177 0.28180957 -0.69022846 -0.36553806 0.8709972 -0.5921852 -0.4983758 1.834811 -0.19934283 1.2711858 -0.0910398 0.23819831 -0.4112026 -0.5269288 0.75961053 -0.036376122 0.102001846 -1.0331805 -0.724216
75 -0.82491547 -1.5967358 0.033132948 -0.8068808 0.033625614 -0.5249773 0.8125475 0.17118675 -0.42990702 0.5156357 1.331457 -0.991156 0.6062823 -0.16160288 -0.50342566 0.47858235 0.3765497 -0.011881255 -0.07866761 -0.619719 0.5216156 0.6097596 1.0457497 -0.1637081 -0.791701 0.52133965 -0.39214063 1.0629233 -0.5647986 0.5428707 -0.288057 -0.4422975
148 -0.16209666 -0.6910627 0.6586686 -1.0205929 -0.76666176 -1.0280187 0.78823113 0.55135906 -0.4945715 0.73496 0.8287112 -0.29138327 0.9885117 -0.63793594 -0.44221136 -0.049554553 -0.38596362 0.3028492 0.040935565 -0.23396125 1.1244733 0.06789709 0.8908072 0.33036682 -0.24178341 0.62096107 -0.22464536 0.5662745 -0.60651195 -0.2878752 -0.17398813 -0.81168324
49 -0.03545414 -0.61449015 -0.13823871 -0.2440233 0.41868615 -0.21402982 0.97309625 -0.72331566 -0.08440863 0.13245113 1.2685627 -1.0084256 0.41444495 0.008330544 -0.54617256 0.15710968 -0.3040681 0.070373535 0.17065467 0.07777872 0.43460342 1.0749019 0.4376893 -0.28933865 -0.29930684 1.0362582 -1.0373065 0.43237922 -0.23741075 -0.07177218 -0.22607674 0.56318885
62 0.44471905 0.68417 0.8827314 -0.26458102 -0.29121143 -0.6700989 0.85592073 0.49305305 -0.4598309 0.27401245 1.457723 -0.666279 0.34421897 -0.7944103 -0.06483078 0.02177531 -0.022755768 0.4632086 -0.039353002 -0.99649185 0.71152574 0.007518771 1.4036344 0.4765256 -0.33989897 0.8404785 -0.96912795 0.45291525 -0.23330335 -0.4811182 -0.3221241 -0.9954543
106 0.3273696 0.5266162 1.3374842 -0.3716868 -0.9693944 -1.1108029 1.0177184 0.6538244 -0.23711403 0.26805726 1.2679312 -0.8924062 0.40576237 -1.803082 1.0177023 -0.27574852 0.14497305 0.3938612 0.106415726 -0.5687303 1.4675986 0.590189 0.97306937 0.34183913 -0.13853368 0.8158471 -0.21233691 0.42319104 -0.24233216 -0.10028152 -0.18497866 -1.2261889
53 0.5408778 0.6622801 1.379377 -0.27140647 -0.6861844 -1.0205168 0.8770132 0.7853244 -0.36538094 0.15085603 1.3775645 -1.0176541 0.31809574 -1.5689923 0.8674174 -0.53798884 0.14463094 0.48035327 0.056964025 -0.50979173 1.0571584 0.44251886 1.1173623 0.3126127 -0.15981318 0.9644022 -0.47074553 0.22615701 -0.08045864 -0.20168997 -0.0754471 -1.2238652
65 -0.07744043 0.03339254 1.2621796 -0.17123893 -0.99770266 -1.2832636 0.7828094 0.27141273 -0.40349615 0.54601276 0.4539236 -0.48844513 0.68277776 -1.3324393 0.7192971 -0.07013197 -0.15094717 0.41024283 0.19478585 -0.105798595 1.5210348 0.28824982 0.8138413 0.38540763 -0.32286713 0.29830155 0.33200178 0.73049253 -0.32339075 -0.18664354 -0.8789004 -0.5103095
130 0.44622618 0.85085976 1.2959383 -0.22891653 -0.9832805 -0.9130155 0.7694229 0.5818504 -0.26823908 0.07708775 1.3129078 -0.46668905 0.42313454 -1.7544655 1.0087938 -0.20909095 0.31063986 0.78047985 0.32681817 -0.4229072 1.4601384 0.73944885 0.86391175 0.45503405 -0.21104503 0.9322279 -0.47972012 0.50300694 -0.22356753 -0.36155844 -0.3218944 -1.415097
47 0.010646578 0.47844556 1.3127667 -0.042368047 -0.90391266 -1.26355 0.6637163 -0.23969048 -0.6272393 -0.08186401 0.42011917 -0.56933 0.46206808 -1.8856302 1.2884238 -0.10295203 -0.11769878 0.6177748 0.15287226 -0.28707206 2.1083372 0.43502748 0.75202423 0.6566198 -0.20128855 0.66544145 0.5716979 0.89083755 -0.1875063 -0.39569855 -0.610729 -0.65408915
152 -0.23192002 0.11804436 1.0168409 -0.005959262 -1.4144843 -1.568197 0.72062576 0.0028240886 -0.6653242 0.12799856 0.4002564 -0.6282034 0.69302523 -1.9031854 1.4641377 0.34481362 -0.13400294 0.69707775 0.11525519 -0.5718722 1.877775 0.24844338 0.8689796 0.4940093 -0.26629704 0.5586396 0.3801098 0.7070002 -0.17241147 -0.55109555 -0.5395313 -0.46708637
52 0.63788176 -1.2802926 -0.31805944 0.6837142 0.80957115 0.3216769 0.30612478 -0.47566062 -0.31746417 0.38516095 -0.23876679 0.3093947 -0.18813416 0.33241236 1.0008446 0.5543578 0.650168 0.13505343 -0.68675846 0.21127106 0.55717355 0.76327735 0.066680394 0.73075974 0.7628601 0.1217897 -0.28659973 -0.072716236 0.20328726 -0.8093248 -0.788377 -0.6793378
66 0.3835678 -0.60076886 0.6230561 -0.13740817 -0.7118821 -0.899893 0.2857945 0.49547955 -0.33743992 0.3671693 1.2902638 0.111505315 0.4897019 -0.70362234 0.81690747 -0.5034995 -0.04613133 0.6589451 0.20940974 -0.19228481 1.896172 0.105289675 1.561171 0.055141296 0.25570703 -0.15316415 -0.4434557 -0.09788611 -0.2230755 0.043888386 -0.9294834 -1.2854519
67 0.50867295 -1.0462677 -0.5055431 0.9181393 1.1337851 0.41790965 0.43556207 -0.35007244 -0.5338063 0.50233805 0.06199015 0.4588509 0.2733083 -0.21791196 1.1505996 -0.23424518 0.5502736 0.2285517 -0.1817552 0.6068398 0.70020556 0.6516909 0.30038896 0.9231822 0.88544834 -0.11569566 -0.13930309 0.35252535 0.5620048 -0.80059355 -0.4564064 -1.0025339
68 -1.2291714 -0.22316365 -0.3731885 0.6361139 0.2251397 -0.14794895 1.0170556 -0.043631807 -0.07132568 -0.40028766 0.02379401 0.17851393 0.5711571 -0.63774794 0.29252917 -0.43443003 0.39992875 -0.19039436 0.28250077 0.7872516 0.4061739 0.7280175 0.6174027 -0.45317185 0.76244277 0.3863961 -0.12901263 0.42898208 0.53533685 -0.39231277 -0.8353385 0.13105656
69 0.38043004 -0.7830366 -0.09167043 1.2845763 1.1843531 0.27878264 0.5734917 -0.29714975 -0.83116114 0.38140193 -0.037100155 0.60617906 0.47782427 -0.3361243 0.90194 -0.057675716 0.3829543 -0.015664024 -0.2964583 0.63876665 0.46916968 0.885797 0.60904145 0.82076395 0.73934734 0.06886026 -0.19371058 0.4477723 0.4192038 -0.94080794 -0.49794638 -0.7418373
70 -0.34024128 -0.5457583 -0.053001046 1.0592331 0.9979652 0.091267236 0.7488059 -0.053386755 -1.2241309 0.35686046 -0.20884037 0.33011404 0.6030591 -0.43453974 0.99119973 -0.1749414 0.33778933 -0.2693913 0.09314592 0.7898711 0.36234742 0.52406317 0.5708765 0.15071023 0.5152107 0.06990739 -0.078368 0.79923856 0.43430704 -0.9662679 -0.2816644 -0.24804269
107 -1.3910364 -0.32900295 -0.38123372 0.85357654 0.14640225 -0.42351255 1.1087184 -0.493186 0.0025836 -0.56513476 0.13924609 0.122682564 0.48748368 -0.6048973 0.62862545 -0.31355032 0.46759853 0.04148236 0.6401146 0.5766785 0.16060814 0.29822227 0.93721473 -0.2176952 0.991493 0.27138972 -0.6751977 0.42842576 0.6069679 -0.50106835 -0.98253554 0.611798
108 -1.357739 -0.486601 -0.14630847 0.9043462 0.45492956 -0.35693666 1.1237949 -0.3517658 -0.18286037 -0.059233837 -0.12939309 0.038369797 0.5722484 -0.6740939 0.5781765 -0.38232794 0.5091918 -0.13704897 0.59253085 0.5928142 0.057042066 0.3144996 0.8631607 -0.27955958 0.98063165 -0.042558033 -0.50958014 0.6631841 0.72437304 -0.53493315 -1.014789 0.5984536
109 0.5369614 -1.1632954 -0.14578298 1.1359497 1.4725405 0.22272381 0.44177827 -0.2096323 -0.6532055 0.5500231 0.018164096 0.60409963 0.35104695 -0.14303641 0.9998937 -0.21302053 0.5790486 0.0013524252 -0.322932 0.47428864 0.6447127 0.50079477 0.43584993 0.7067955 0.767796 -0.06132689 -0.19606113 0.22998752 0.36454013 -1.0611994 -0.38821837 -0.8409046
110 -0.94649243 -0.49047965 0.30747214 0.26819292 0.8083908 -0.35031655 1.2546252 -0.81058055 0.09651551 0.12976225 0.9462225 -2.0482683 -0.39769503 -0.6053587 0.23979661 -1.0307677 0.091615535 0.19808465 0.18780589 -0.39413932 -0.045306858 0.23447269 0.08529863 -0.27212772 -0.51532894 1.3993431 -1.6672639 0.42060056 0.6451514 -0.3685792 -0.60456246 0.964958
111 -1.2951128 -0.43165737 -0.08608014 0.8178989 0.21927553 -0.2660789 1.1827848 -0.28357878 0.23097378 -0.4657029 0.22673897 0.09145842 0.58704287 -0.5682021 0.30069563 -0.4438514 0.30809873 -0.108530454 0.50834244 0.7103674 0.31564474 0.57185453 0.5374159 -0.42257947 1.008999 0.2741375 -0.55030996 0.2115431 0.71872056 -0.4628808 -1.0108774 0.59447014
112 -0.78528386 -0.3721337 -0.14375006 0.94981116 0.91053724 -0.20084469 0.8721488 -0.17974426 -0.7325675 -0.2821154 -0.0058762743 0.30906954 0.4551882 -0.5934973 0.7532641 -0.06634792 0.37407988 -0.40687865 0.5520043 0.77665186 0.25581402 0.4693661 0.878508 -0.059841916 0.8965375 0.07947294 -0.006815879 0.6294939 0.6848836 -0.7179852 -0.24381113 -0.14636336
113 -0.6244136 -0.23267055 -0.030462205 0.9908221 0.66617036 -0.21236525 1.0410714 -0.2422248 -0.7108595 -0.19345349 -0.018038629 0.49393573 0.77866334 -0.5321698 0.835675 -0.15933427 0.35514015 -0.22950506 0.55899817 0.74841017 0.07083712 0.47576258 0.85854995 0.03277777 0.96529835 0.07349228 -0.3487318 0.8339716 0.4949823 -0.74836725 -0.34180197 0.1601092
114 -1.3236372 -0.3491538 -0.2933738 0.7605008 0.27404553 -0.47097665 0.85722196 -0.41044012 -0.081564724 -0.45960364 0.27335125 -0.03291113 0.4103989 -0.71150255 0.60264534 -0.438295 0.4469934 -0.020715687 0.54451513 0.61235344 0.17574868 0.38343593 0.7574575 -0.43596068 1.130791 0.47698334 -0.76086015 0.492898 0.6487841 -0.50282615 -1.2509474 0.91652083
115 -1.2801995 -0.32602206 -0.31269434 0.36925846 0.33573553 -0.4405972 0.75822103 -0.55458397 0.044298194 -0.39911306 0.67025554 -0.08399478 0.4897562 -0.7797381 0.363093 -0.70382565 0.13686754 -0.059253868 0.3730761 0.35072246 0.50301486 0.55763423 0.33798167 -0.2930632 0.76207227 0.80286443 -0.55730677 0.49359912 0.77417153 -0.352324 -1.1499227 1.3709947
116 0.21225801 -0.613615 -0.1218286 1.2342932 1.1354756 0.19539188 0.6356512 -0.30538905 -1.08786 0.50409794 0.020937428 0.62056154 0.6042195 -0.2984447 0.99239653 0.08814658 0.30232176 -0.042127714 0.10755315 0.6360139 0.5715104 0.8996491 0.4179541 0.7082316 0.5665062 0.066585936 -0.19515514 0.71720093 0.48597288 -1.0463021 -0.1976151 -0.47108543
117 -0.07650162 -0.5622284 -0.019050613 1.003613 1.2335336 -0.08019243 0.8888177 -0.2626926 -0.9584547 0.3186841 -0.15578575 0.29793954 0.7114705 -0.49479425 0.8274183 0.039311867 0.21320184 -0.399375 0.40877864 0.6807632 0.11842298 0.7496119 0.88509464 0.33245203 0.98129296 -0.18823062 -0.14033803 0.9523969 0.6010481 -1.0251217 -0.24886769 -0.3100549
118 -0.80669546 -0.079156995 -0.2285902 0.58955747 0.39630905 -0.31418434 1.1702235 -0.718673 -0.014975758 -0.27562234 0.9092355 -1.0832074 -0.13297327 -0.6991193 0.015497827 -0.26639286 -0.22469777 -0.021460142 0.29431984 -0.10397124 0.12119137 0.6534818 0.3913191 -0.02092792 0.119849496 0.98401654 -0.8199267 0.21059856 0.3313036 -0.24930538 -0.6794986 1.0381058
119 -0.06485735 -0.417877 -0.00714749 1.1976887 1.0350065 0.13442673 0.87658995 -0.17577806 -1.0916563 0.4015868 -0.22268148 0.46949646 0.8885456 -0.7088247 0.9612238 0.36318603 0.29654676 -0.5139769 0.4336791 0.80835 0.391363 0.88644624 0.9913183 0.18572994 0.68715334 -0.00021405671 -0.1700091 0.8827569 0.5944583 -0.973548 -0.099821985 0.037655726
120 -0.79870266 -0.35368168 0.48982945 0.20444745 0.9513645 -0.28503242 1.1605062 -0.5655947 0.0051669395 0.111876555 1.1713139 -2.0305636 -0.44596288 -0.91813725 0.2574874 -0.9367301 0.18100014 0.13573097 0.1919437 -0.30714536 -0.0590574 0.14433497 0.028482731 -0.27457067 -0.2370008 1.39201 -1.5652798 0.44661826 0.73516214 -0.30011263 -0.67655593 1.0195708
121 -1.0979508 -0.3054861 -0.31435516 0.8504783 0.45227554 -0.5662256 1.0808022 -0.50624245 -0.22793667 -0.47884214 -0.07621272 -0.02357257 0.50333774 -0.6579241 0.6611254 -0.4106756 0.35756865 -0.23454463 0.39434597 0.6318432 0.078546055 0.2770913 0.983701 -0.087797605 1.0761448 0.16227204 -0.49020958 0.73799103 0.8062766 -0.39294735 -0.99324435 0.4761543
122 -1.272228 -0.33217284 -0.20458639 0.52091634 0.23333219 -0.37241936 0.94934046 -0.46026197 -0.06870044 -0.38542622 0.25287426 -0.19336784 0.4672319 -0.71992654 0.41763172 -0.31454128 0.1369011 0.04292635 0.6825602 0.36613292 0.26582 0.4164351 0.5979945 -0.22669582 0.85125446 0.46970075 -0.6095051 0.57580906 0.5599106 -0.5283099 -1.3437018 1.2021587
123 -0.061297964 -0.6312361 0.1551004 1.2528375 1.2261242 0.00066631765 0.90145725 -0.340014 -0.9259388 0.4190314 -0.07484794 0.27884203 0.984552 -0.8368208 0.8853468 0.24003775 0.14865123 -0.2649954 0.46810487 0.8340827 0.21035819 0.90739167 0.7264822 0.021646518 0.71503526 -0.044851467 -0.09752437 1.0029839 0.6263998 -1.0914346 -0.11119114 -0.15747343
124 -0.17704172 -0.4291846 0.13913013 1.0217234 1.2444383 0.00916773 0.99964434 -0.22609618 -1.1397328 0.09607407 -0.26176128 0.43257257 0.76105154 -0.55806035 0.9615018 0.16571775 0.10196679 -0.43122104 0.3169766 0.6995017 0.44768503 0.80278176 0.7923686 0.21192211 0.8162074 0.064410955 0.09594888 0.9003348 0.7030151 -1.0839617 0.05283566 -0.284518
151 0.35717764 -0.53570616 0.8783334 0.04047866 -0.66949415 -1.0820643 0.12220961 0.5170841 -0.2685661 0.5606982 1.2260938 0.17168556 0.46417347 -1.0554084 0.99184847 -0.5232197 0.22878319 0.66484374 -0.1927812 -0.33105764 2.123236 0.18561304 1.5051486 -0.023289412 0.23035726 -0.3382403 -0.17246754 -0.25120232 -0.04060606 -0.039889116 -0.8804773 -1.4307559
129 0.02837854 -0.75959724 0.101666346 -0.32130343 -0.002915359 -0.7116719 0.1701416 -0.0802327 -0.7320538 0.23315196 1.1408213 -0.6706173 0.13447818 0.21281515 -0.69799984 -0.66763526 -0.53793496 0.4615319 -0.37824646 -0.49967766 1.5377222 -0.050574273 1.2500932 0.09279445 0.024322366 0.9499145 -0.633344 -0.16188687 -0.4601567 -0.44152367 -0.54702306 -0.1311044
149 0.0733061 -0.20933214 0.7812447 0.027405906 -0.73569936 -1.1806139 0.4906217 -0.02014647 -0.56551945 0.2906551 0.3572907 -0.6221413 0.2834637 -1.0887892 1.0918621 -0.059492767 -0.15368491 0.5129344 0.048791632 -0.39428696 1.7234882 -0.039394733 0.93777114 0.29598287 0.05127528 -0.049608357 0.2240877 0.4885475 -0.11574638 -0.08730759 -0.8839287 -0.8761307
