1 0.45862406 -0.69315815 0.4164161 -0.17937784 0.16400453 -0.6389937 -0.5249978 0.33822417 0.46850187 0.061073963 -0.4659148 -0.99492335 0.5211809 -0.15197884 0.4437624 -0.5885993 -0.21848062 0.40730804 0.4694811 -0.6148448 -0.24607663 0.6559786 0.042156786 0.33711618 -0.15343815 0.32547653 -0.84780276 0.93178433 0.7285331 -0.3817895 0.24035048 0.14535107
2 0.41419092 -0.5363821 0.33555898 -0.44518095 0.3656531 -0.63088334 -0.6378449 0.4909799 0.8596008 -0.13052882 -0.5330582 -1.2381046 0.99185264 -0.20951271 0.3268676 -0.7375403 -0.25627753 -0.13355611 0.4330056 -0.7419001 -0.24310912 1.0093185 -0.03336534 0.19785228 -0.29789466 0.20138313 -1.2269903 1.0239592 0.58989245 -0.35421106 0.26294017 0.51090676
3 -0.096825145 -1.1261632 -0.16965404 1.0317936 -0.073146254 -0.5551352 1.1838839 -1.2251277 0.16825572 -0.47553873 0.14310698 -1.5508977 -0.19376013 -0.11177124 -0.4567371 0.42668912 -0.2406225 -0.5394157 -0.16082148 0.77627033 0.22067547 0.24500185 0.5510303 -0.14079426 -0.4283547 0.9826018 -0.34541774 0.95371103 -0.40831172 -0.566043 0.29123592 -0.18631586
4 -0.25405207 -0.015595668 -0.30812165 0.37935805 -0.23384726 -0.012519506 0.116470814 0.8480799 -0.5500553 -0.2793703 0.4786883 -0.49975812 0.42595533 -0.4872045 1.0121975 -0.60619533 0.35757405 -1.297536 -0.17738836 -0.9239783 -0.46690562 1.6267602 -0.2695933 -0.15071422 -0.22975309 -0.08785149 -0.16666839 1.5554612 0.46133527 -0.31763613 -0.49047735 0.6047465
5 0.42339504 0.353827 0.78158516 -0.68205464 0.8354251 -0.7398342 1.0769384 0.5830873 0.03451243 -0.11361767 1.588858 -0.21266656 0.41497803 -0.38584766 1.2714763 0.13438368 0.7396618 -0.7923707 0.5749986 0.3794611 1.043145 0.7552716 0.44259277 -0.13060091 -0.07082761 1.8227051 0.64622706 0.20650806 1.1061416 -0.18151131 -0.11382114 0.6255004
6 0.28930587 -0.37668014 0.8152945 -0.048642848 0.11636624 -0.7633866 -0.5570714 0.58967173 -0.3703928 0.25291 -0.21101367 -1.3602252 0.42994633 0.55686206 0.42894775 -0.40924385 -0.46110576 1.0294255 0.30116427 -0.28624526 -0.30528665 0.8554276 0.03340178 1.1050651 -0.33564883 0.33300546 -0.7491488 0.85873115 0.71541125 -0.41718334 0.4683251 -0.07370234
7 -0.22681595 -0.6424627 -0.23295367 0.45336816 0.1456238 0.09303715 0.22473004 0.7613437 -0.5478818 -0.03633873 0.10339197 -0.6942874 0.7377907 -0.37217534 1.1936154 -0.44669917 -0.07855057 -1.0695025 -0.32149243 -1.3094236 -0.20612404 1.3121749 -0.1433202 -0.58592993 -0.2664402 0.12514031 -0.4358114 1.4709791 0.5400212 0.005141434 -0.41677576 0.4742499
8 1.2787864 0.17851062 -0.17772576 -0.663916 -0.45105046 0.41513625 0.798868 -0.5399995 -0.88468635 -0.28090864 0.34892395 -0.7782108 0.8332973 -0.8922279 0.26024267 -0.09711453 -0.09773018 0.09002323 -0.19485305 1.21573 0.09595558 0.807223 0.68575805 0.0055190977 0.047158588 -0.1258461 -1.3912134 -0.6999993 0.17866415 -0.5115462 0.41569602 -0.10580011
9 0.5851197 -0.71636593 0.20500968 -0.24526487 0.40920842 -0.9041352 -0.5070601 0.5657768 0.7555976 0.1329671 -0.27566093 -1.0356073 0.520501 -0.21886939 0.5898462 -0.99504423 -0.21040995 0.51784384 0.47739422 -0.6538396 -0.010971125 0.68594867 0.028620798 0.3603558 -0.11961666 -0.084885694 -0.8381339 0.8823093 0.6967997 -0.3066218 -0.03690006 -0.19725688
10 0.5281628 -0.537187 0.6243949 0.34299457 0.38849866 -0.6476177 -0.5619677 0.7220771 -0.48185608 0.28766814 -0.8555715 -1.4087399 0.19619767 0.38620457 0.8928512 -0.61274886 -0.01135126 0.9330869 0.5005148 0.1822099 -0.22378524 0.9345535 0.45026565 0.7462298 -0.41586715 0.12044358 -0.5513544 0.98141843 0.9931783 -0.5790381 0.120249376 -0.10692786
11 0.4229284 -0.67595005 0.7640109 0.4165555 0.08378841 -0.3379254 -0.4906332 0.8143094 -0.58984226 0.3345395 -0.2719707 -1.6653914 0.05843806 0.65120894 0.7884779 -0.13343002 -0.033876985 1.1347244 0.44363818 0.27894655 -0.36883646 1.2322025 0.5716412 1.1849567 -0.39849713 0.30990326 -0.195973 0.7168406 1.0203142 -0.7090477 0.19446775 -0.022230789
12 0.612242 -0.6660801 0.7589971 0.07343359 0.21944618 -1.2299485 -0.37606308 0.70840585 -0.26576355 0.25712612 -0.46686625 -1.1836616 -0.16663945 0.44583848 1.1947029 -0.46228656 -0.3621703 0.95465887 0.18167631 0.031461827 0.033091426 1.1443467 0.46459812 1.2739214 -0.4881802 -0.2742154 -0.23189087 0.93840617 1.230405 -0.40740052 -0.23463932 -0.66131985
13 0.92692465 0.17415719 -0.084891915 -0.618387 -0.7248207 -0.024916062 1.0425476 -0.47732198 -1.0926052 -0.36935782 0.22106303 -0.33056793 0.949297 -0.55596507 0.47872853 -0.20441484 -0.019818561 -0.1713406 0.0054335445 1.1918312 -0.013192117 0.9769756 0.42773122 0.13308918 -0.037916113 -0.34337616 -1.3569967 -0.8400421 0.20756029 -0.42291036 0.29318643 -0.21127039
14 0.45718113 -0.68086827 0.25003722 -0.31949705 0.17605321 -0.6817133 -0.5490597 0.61144155 0.7663266 -0.28420398 -0.5188135 -1.0236647 0.8200634 -0.24390037 0.17757435 -0.68697643 -0.3153846 -0.060239624 0.44006434 -0.67832047 -0.20863488 0.94240105 -0.025154183 0.17031297 -0.31032237 0.3125871 -1.2029133 1.1994047 0.5352333 -0.22283593 0.44319075 0.3218141
15 0.61214143 -0.9479182 0.62222606 -0.47341266 0.13109551 -0.81798714 -0.40119824 0.7114438 0.62779623 -0.14473279 -0.5428216 -1.2788866 0.75954443 -0.017577952 0.08943378 -0.5803865 -0.26540318 0.27323657 0.46229723 -0.7669177 -0.4745691 0.821502 -0.18473502 0.41161767 -0.4189826 0.45213464 -1.075686 1.1450155 0.8544633 -0.17505746 0.47602513 0.22866772
16 0.42856872 -0.39428285 -0.029258557 -1.2169806 -0.15629543 0.30524403 0.7322294 -0.5653513 -1.2923292 -0.4762744 0.65462035 -0.53559715 0.59911513 -0.5986372 0.5639115 -0.021087801 -0.47189677 0.11568721 0.39649385 0.61541003 0.0638959 0.41235024 0.5526891 0.20647036 0.28968576 -0.29247746 -1.1786437 -0.35926586 0.050855767 -0.33923766 0.40086496 -0.2756807
17 0.004188257 -0.51060826 -0.15455702 0.68029267 -0.096096605 -0.045195486 0.33129245 0.830602 -0.3166173 -0.29536626 0.27840897 -0.5101616 0.70774907 -0.5587915 1.2063899 -0.6308734 0.059953805 -0.96253574 -0.3086416 -1.181678 -0.09822976 1.4566364 -0.115611255 -0.4830381 -0.23691262 -0.05695819 -0.2898248 1.4438124 0.39442027 0.029018087 -0.5147814 0.43102103
18 0.5896274 -0.0074286438 0.047416825 -0.36765304 -0.3122811 0.38091573 0.97028863 -0.26217934 -1.7102776 -0.08967695 1.1049169 -0.31529206 0.68721926 -0.33167258 0.78091323 -0.1326106 -0.4312891 0.20956045 0.14642817 0.9185464 -0.17349222 0.40908316 0.27713078 -0.4726644 0.15772896 -0.19112824 -1.4379702 -0.3154315 0.5408977 -0.36912897 0.570266 0.3599501
19 0.976004 0.08882762 -0.13403206 -0.7457973 -0.3318957 0.22743396 0.81646836 -0.6844443 -1.4472954 -0.351941 0.66747355 -0.540498 0.9437711 -0.52437896 0.581176 -0.22476064 -0.1811123 0.038565557 0.3369268 1.1194808 -0.22588392 0.6784987 0.50918394 -0.052432433 -0.13208592 -0.20115267 -1.0733185 -0.45020378 0.25125492 -0.5081702 0.5021001 -0.09057253
20 0.22224794 0.5543299 0.88018703 -0.8563768 0.9862195 -0.12228876 0.7330168 0.38335282 -0.036177643 -0.19303675 1.2989513 -0.3334901 -0.017575074 -1.0900251 0.74266505 0.62173533 0.5831259 -1.035179 1.2761796 0.07933643 1.6411268 0.89153636 0.6125621 0.20693581 0.17425558 1.5186065 0.46525115 0.8483946 0.8065956 -0.1276904 0.551992 0.49451905
21 0.97023857 -0.0038631898 -0.10646127 -0.8195249 -0.5776478 -0.08840744 0.93391395 -0.17266175 -0.706013 -0.44518515 -0.054279163 -0.52041817 1.0960412 -0.35696676 0.46114787 -0.32111713 0.32245296 0.07038408 -0.27853385 1.3040109 0.4444786 0.93871534 0.1773551 -0.038094133 0.16262804 -0.24440281 -1.3975928 -0.75350744 -0.24066421 -0.6885313 0.51186246 -0.3072665
22 0.38476056 -0.5234034 0.53712994 -0.20192145 0.1750414 -0.6978872 -0.46651706 0.48225766 0.59700483 -0.09677542 -0.62684417 -1.2637845 0.64104754 0.16562243 0.21145217 -0.81902844 -0.5099427 0.32154655 0.4386131 -0.6724691 -0.31504485 0.82739884 -0.13988358 0.58981353 -0.5762051 0.23762919 -1.1764556 1.0439017 0.8801321 -0.4114914 0.39060682 0.4269647
23 0.36680877 -0.85058916 0.5887279 0.2150188 0.18667328 -0.007863828 -0.47504696 0.6811527 -0.716917 0.32520664 -0.55371016 -1.5830973 -0.045241836 0.68828845 0.61063457 -0.14491796 -0.13396366 1.2348841 0.4285704 0.1553837 -0.25881794 1.2450807 0.57480115 1.152676 -0.4496965 0.09795673 -0.34260866 1.0547955 1.1213298 -0.85513645 0.272441 -0.16110727
24 0.34430796 0.3592344 0.7187786 -0.62816197 1.1181158 -0.60819256 1.1253283 0.7034632 0.049321 -0.16787732 1.7497014 -0.22780126 0.2305091 -0.32029474 1.1216545 0.22963662 0.6186948 -0.7269186 0.7616616 0.29335144 1.0791224 0.8802431 0.3564758 -0.0067254486 0.11561548 1.8020381 0.42245764 0.32076284 1.0963362 0.011256978 -0.08053943 0.49951702
25 0.4194251 -0.3176061 0.8436928 -0.20107706 0.3639283 -0.91175294 -0.87783486 0.6659794 0.037768062 -0.21277228 -0.6620049 -1.206683 0.5632183 0.24014251 0.16252619 -0.38263297 -0.534193 0.3665172 0.5209283 -0.20351684 -0.08786946 0.75940317 0.13009039 0.70635617 -0.37447867 0.4271411 -0.84436256 0.8700746 1.018205 -0.45902547 0.39322096 -0.017414892
26 0.79479146 -0.34817845 0.7367126 -0.018024331 0.30139914 -1.4337078 -0.33186772 0.6663889 -0.37005848 0.42560405 -0.5584672 -1.1563239 -0.0038958213 0.29682237 1.0622113 -0.76382136 -0.24209757 0.96542186 0.40230608 -0.16828002 0.1782262 0.7704258 0.24711679 1.0217655 -0.29890928 -0.20971613 -0.38936463 1.0898132 1.3239663 -0.5160581 -0.36232123 -0.97725487
27 0.5275028 -0.59857523 0.62306803 0.33213603 0.09468818 -0.4798797 -0.54621625 0.79069525 -0.6037412 0.30781627 -0.59256583 -1.5480477 -0.059124954 0.4607317 0.76503044 -0.475882 -0.14258698 1.1492366 0.596982 0.2512832 -0.21424776 0.9881097 0.6251076 1.0290424 -0.37231502 0.22496152 -0.2996964 1.0950232 0.9673913 -0.7202086 0.33294353 0.05979874
28 0.44642872 0.055991895 0.18744895 -0.41911536 -0.18985501 0.32989243 0.7620178 -0.18432525 -1.5231359 -0.42112318 0.9712697 0.10028285 0.36399674 -0.078696884 0.28107423 -0.18515372 -0.14033519 0.36442915 0.49913883 0.8375128 0.017403103 0.27321854 0.21608058 -0.4902643 -0.2220789 -0.026326912 -0.8004999 0.28122142 0.482961 -0.67808455 0.97363734 0.6045304
29 -0.13899021 -0.3216481 0.44022352 -0.573679 0.09442317 -0.27362487 0.6239384 0.47082642 -0.69957423 -0.17967603 1.7276496 0.083632275 0.22031362 0.059332013 -0.14568466 0.253045 0.25206724 0.17859598 -0.13297483 -0.01119753 0.84962213 0.4433605 0.37202132 -0.54878944 -0.45819676 0.66553193 0.07271441 1.2654314 0.9774266 -1.031245 0.3724289 1.4399176
30 0.019415706 -0.0031199455 0.9297731 -1.0621319 -0.2556569 -0.8814053 0.36189896 -0.69951165 0.1620407 0.23970267 -0.18999606 -0.23725094 -0.05841817 -0.02079492 -0.30003077 0.6332659 0.42492846 0.44112942 -1.4738454 0.8282333 0.22781168 0.845282 0.09186152 -0.2642066 -1.1979257 0.4441848 -1.1700062 -0.083329685 0.2726313 -0.35042226 -0.3048754 -0.016956666
31 0.9902917 -0.30077186 -0.128104 -0.9194948 -0.60406834 0.18629816 1.0459665 -0.4558568 -1.1953766 -0.58940387 0.829897 -0.51326245 0.870765 -0.20524046 0.4723819 -0.075677454 -0.37400576 0.21054436 0.24813993 0.93440074 0.24261059 0.59942466 0.49830356 -0.020633072 -0.006504099 -0.2564443 -1.1528202 -0.6488564 0.2222577 -0.5827446 0.46835428 0.0330647
32 0.8565918 -0.18302993 0.11369 -0.53622854 -0.5599433 0.39729047 0.9851732 -0.5552621 -1.3127248 -0.36910126 0.50296044 -0.24736673 0.82012105 -0.5178316 0.44006366 -0.38053513 -0.3381436 0.059444938 0.3534186 1.2163264 -0.15947679 0.9247042 0.44231904 0.048208423 -0.073751114 -0.2650412 -1.2531521 -0.7001433 0.41468126 -0.5132665 0.23221992 -0.13923098
33 -0.030590141 0.4372029 0.8143692 0.039977804 0.3482215 -0.13256991 0.434073 0.69130397 -0.5294097 -0.17058899 0.9103999 0.17097212 -0.006082106 -0.5845469 0.058709703 0.09839786 0.6165356 -0.1092328 0.53754824 -0.13584462 1.1052527 0.989257 0.37456217 -0.13596195 -0.4721291 0.46770152 0.20500197 0.9256835 0.8041182 -0.46668535 0.43962327 1.0797801
34 0.9398366 0.34554148 -0.27322966 -0.6189783 0.042969454 0.42132968 0.90442234 -0.36692384 -1.6310747 -0.22495605 0.7859074 -0.63396907 0.7616107 -0.46185383 0.36742413 -0.21507695 -0.187783 0.12808779 0.35393003 0.94431555 0.22839084 0.31199905 0.43764284 -0.18786792 0.11389847 -0.07718713 -1.2910935 -0.20031479 0.31397632 -0.57215536 1.0207566 0.58762425
35 0.21255583 -0.34294814 0.8111804 0.13820213 0.30278525 -0.4503665 -0.60584104 0.74655706 -0.5771014 0.26229483 -0.5320767 -1.61204 0.18872377 0.57475686 0.6156798 -0.28796965 -0.2873309 0.7838746 0.4366833 0.01951237 -0.24294086 1.1473371 0.2719568 1.247647 -0.43036845 0.3216119 -0.44553638 0.9045472 0.92617804 -0.4719371 0.27920398 -0.29623002
36 0.8642568 0.023724664 0.016502196 -0.40392214 -0.5746086 -0.012267101 0.9663341 -0.27826673 -0.97056544 -0.27110454 0.057456695 -0.40230432 0.8729118 -0.54214674 0.6775591 -0.50349075 0.12107882 0.0521175 0.109749265 1.3351905 -0.025432717 0.8788807 0.41786286 -0.109861486 0.07519252 -0.38393316 -1.35414 -0.8054722 0.20280491 -0.5339223 0.3949283 -0.3412638
37 0.1914046 0.66283995 0.8605343 -0.9099251 1.0518833 -0.20112213 0.8643536 0.3446256 -0.1438267 0.09825269 1.4650102 -0.29631868 0.11518784 -1.0346955 0.8318477 0.3537888 0.48084295 -0.8940128 0.9665312 -0.037381448 1.5921303 0.8084874 0.6745642 -0.08216424 0.07211886 1.6971889 0.35974526 0.7716073 0.8947296 -0.11816088 0.6114363 0.5931482
38 -0.41342917 -0.030879544 0.916952 -0.5255196 -0.22468178 -2.2291698 0.8235483 -1.4221878 0.40202835 0.40453723 0.17749842 -0.7535845 -0.031140365 0.11587114 0.08780516 0.7998122 0.9876364 -0.24519922 -0.41740066 0.58324564 0.021431243 0.63533646 0.044183142 -0.43390548 -1.297768 0.4407847 -0.9087104 -0.7801157 0.5237061 -0.7354255 0.10993873 -0.17476927
39 -0.39350012 0.2075559 1.0127473 0.13152649 0.2683728 -0.58838385 0.09185953 0.736439 -1.0737197 -0.11842818 0.57917213 0.41276148 0.051804285 -1.2238195 0.13439825 -0.2416089 0.7762748 -0.40511194 0.8184372 0.4305919 1.3061801 1.0080339 0.002945335 0.047317352 -0.35157293 0.45662406 0.06920655 0.911247 0.9642374 -0.12111742 0.504492 0.59877735
40 0.25839484 -0.7657873 -0.10660366 0.012375589 0.0726709 -0.58700186 -0.6141931 0.20297207 0.01973147 -0.4771457 -0.33940807 -0.4823357 0.5616843 -0.7237978 0.38376853 -0.35262102 -0.23337245 -0.38780615 0.3057937 -1.0476698 -0.17969356 1.2757975 0.3546088 0.21274857 0.22228786 0.25314265 -0.88440984 0.9409619 0.6605361 -0.15224719 -0.26887727 0.7177189
41 0.2506605 -0.7904885 0.18415539 -0.20560417 0.051601168 -0.6505279 -0.43049067 0.57836765 0.7259692 -0.42826238 -0.15092377 -0.8864971 0.9428752 -0.20412083 0.5590326 -0.46042013 -0.24767454 -0.13980483 0.16356823 -1.0018133 -0.46142614 1.080202 -0.29545447 0.056182224 -0.07361399 0.1730403 -1.2611738 1.3810977 0.5330418 -0.26703402 0.08378161 0.46020135
54 0.23016408 -0.8641271 -0.110950805 0.14725842 0.14276083 -0.5534516 -0.24544643 0.20566079 0.32090226 -0.13966101 -0.4221873 -0.37976316 0.69467247 -0.6204301 0.5599058 -0.45221516 -0.08710509 -0.038777906 0.18132226 -1.2571322 -0.36060372 1.2402947 0.3921034 0.26101667 0.23233321 0.26618123 -1.2046424 0.6566756 0.7568203 -0.20203076 -0.131513 0.70230186
55 0.836248 -0.7255899 0.49113417 0.26969755 0.065156266 -0.55334604 -0.5452877 0.6102461 -0.12673709 0.19118199 -0.74649584 -1.0964916 -0.028523358 -0.028300606 0.60089976 -0.8990647 -0.010867524 0.9875398 0.6269361 0.0018319797 -0.19581507 0.96517736 0.40553093 0.8512618 -0.36324868 0.3421377 -0.422375 0.82865614 1.0778259 -0.5384555 -0.012989504 0.0138012385
58 0.5739644 -0.7331474 0.7292786 0.31604207 0.26890022 -0.36942765 -0.58981854 0.84172887 -0.6103588 0.20772952 -0.80784154 -1.6195937 0.21392861 0.59339833 0.620961 -0.33474118 0.04271897 1.0551499 0.3965102 0.3162333 0.020612543 1.0851725 0.45184457 0.95489985 -0.2992753 0.16588162 -0.36183888 1.0065465 0.815832 -0.7134112 0.24531141 -0.034748703
59 0.77176446 -0.8294827 0.59615415 0.11494827 0.14753146 -0.42326793 -0.5609936 0.61278874 -0.19341011 0.058738306 -0.77590656 -1.2884656 0.18831302 0.30582118 0.63352627 -0.56294686 0.058288418 0.7351271 0.57198393 0.15824601 -0.1426675 1.1129255 0.42119882 1.0007674 -0.31258038 0.31095034 -0.24960418 0.6923658 0.98413455 -0.5219086 -0.05438047 0.15803249
60 0.45178756 -0.73218864 -0.036559112 0.011637555 -0.14737004 -0.48047403 -0.46236107 -0.052305393 0.30012804 -0.38430524 -0.6657721 -0.35628343 0.6893602 -0.9252925 0.7019268 -0.25425854 -0.21937974 -0.4748799 0.22341663 -0.98479193 -0.2567703 1.478998 0.31241876 0.21579084 0.08390703 0.07320614 -1.0892853 1.0502136 1.05982 -0.047754914 -0.04246671 0.47981808
61 0.4417046 -0.7747155 0.07791934 -0.42452163 0.13938457 -0.31067562 -0.19625363 0.3962779 0.864672 -0.18673353 -0.5188405 -0.9083493 0.913546 -0.2313035 0.33812472 -0.3795579 -0.32770032 -0.18495937 0.31867385 -1.0138457 -0.3268652 1.084427 -0.059011757 0.24009246 -0.23588699 0.13163659 -1.2854558 1.1675428 0.88910997 -0.2564913 0.38815302 0.566573
74 0.4524647 -1.004836 -0.33242017 -0.31351063 0.094708726 0.18680201 -0.10499108 0.2450837 0.7364587 -0.34191313 -0.576999 -0.030350799 0.66480625 -0.95916086 0.87940633 -0.19271253 -0.36666393 -0.24297442 0.35884228 -1.0616583 0.13675296 1.5441606 0.0046613985 -0.25141364 -0.13228895 0.21978003 -1.2223319 1.6134042 0.7010804 -0.020620119 0.07431248 -0.030022413
83 -0.10917882 -0.19975436 0.8202197 0.20209108 0.0017706405 -0.206653 0.6788024 1.0278624 -0.6327901 -0.27577543 1.1589983 -0.12659074 -0.08688748 -0.014694584 -0.25152823 -0.4879211 0.2626539 -0.09094575 0.6579022 -0.5126931 1.1258106 1.0325804 0.1901549 -0.49266338 -0.5862349 0.48871982 -0.078466766 1.1476463 -0.0032641247 -0.36628786 -0.45757207 1.322615
84 0.9446931 -0.6621399 0.8190301 -0.062781036 0.4127153 -1.3816389 -0.3806744 0.76174843 -0.022365872 0.060812052 -0.2612742 -1.1319498 -0.2036891 0.3427399 0.9707248 -0.75953496 -0.39133096 0.97492266 0.37907007 -0.11169195 0.185953 0.887244 0.35857838 1.0386221 -0.34235135 -0.19521025 -0.33336225 0.9534906 1.2462646 -0.42216194 -0.42405912 -0.9580029
86 -0.16261606 -0.036876425 0.21256535 0.49328002 -0.22667487 0.17430802 0.49930567 1.0088114 -0.6540903 0.049032923 0.78286374 -0.27707377 -0.27027318 -0.50985974 0.11270353 -0.6400797 0.26483384 -0.40514565 0.53732425 -0.7872292 0.4392638 1.3162518 0.25388238 -0.6727592 -0.58740395 0.039839055 -0.21333238 1.1682054 0.11737051 -0.25014108 -0.55310494 1.1091785
94 0.27208555 -0.830809 -0.53228945 -0.2998333 0.23897438 0.008927112 -0.07099468 0.2801479 0.8263553 -0.064567916 -0.38565272 -0.06323342 0.46890652 -0.79774207 0.88646984 -0.22012208 -0.23639463 -0.20119153 0.4602521 -1.1379702 0.038553864 1.5269369 -0.015184925 -0.24741411 -0.0833076 0.35269752 -1.2076094 1.6661868 0.59940803 -0.17245999 -0.18200456 -0.014091903
95 -0.08097524 -0.17273214 0.57174724 0.6114018 0.116497196 0.11487178 0.7038103 1.0211613 -0.61920744 0.045496095 0.9302444 -0.47844452 -0.13742793 -0.26504058 -0.15950018 -0.64510787 0.27718377 -0.0056986376 0.62786466 -0.6667309 0.95611316 1.1344991 0.3965353 -0.65653086 -0.6696857 0.2941941 -0.110272616 1.1001306 -0.051522914 -0.17189176 -0.6091388 1.3525505
105 0.0146846725 -0.057162218 0.09646052 -0.56395537 0.44175464 -0.3388775 0.7359971 0.19796927 -0.8869639 0.084927395 1.5385156 -0.045111287 0.32010037 0.223513 -0.15714991 0.35151955 -0.123700395 0.34934258 -0.13102521 0.31185222 1.091146 0.3603108 0.77882683 -0.86069417 -0.056612562 0.4173832 -0.21689019 0.97064185 0.6775601 -1.0797844 0.6865633 1.5673985
128 -0.05453297 -0.3065796 1.0243448 0.06723083 0.058896452 -0.46246532 0.45420554 0.97675085 -0.74447703 -0.13624983 1.1754279 0.0016796147 0.08703591 -0.20288004 -0.21745318 -0.106032506 0.4715137 0.11158729 0.5471027 -0.35783574 1.2424649 0.8513961 0.5991263 -0.8221758 -0.6622736 0.692756 0.09966927 1.1744212 0.0874319 -0.41691452 -0.35884333 1.4317362
135 0.72439843 -0.09229505 0.32561758 -1.4861892 0.5452029 0.18032824 1.0572101 -0.21637471 0.20976466 -0.45417222 -0.46987253 0.0009357534 0.029768031 -0.60252786 -0.010647877 0.35183814 0.6341953 0.16004331 -1.0963281 0.99456346 1.101357 1.0145301 0.45223668 -0.6407712 -0.66280556 0.3516926 -1.6224213 -0.040098753 0.31108126 -0.30086473 -1.3018624 -0.4806859
136 -0.093276076 0.06443607 0.34820655 0.55661094 0.0064671887 0.30815578 0.6497492 0.9087696 -0.44916323 0.26532212 0.9978057 -0.5888055 -0.4777098 -0.58577347 -0.25361592 -0.5858618 0.27009854 -0.14591105 0.7829218 -0.6437422 0.9813483 1.2981464 0.16157131 -0.70073456 -0.5200515 0.24768238 -0.35732305 0.8058682 0.23342581 -0.0061940327 -0.34760618 0.99129945
137 -0.5236373 -0.71239275 -0.031443942 0.8676508 0.122100376 -1.5910904 0.7405499 -0.6926073 0.425125 0.1384472 0.8292138 -1.0319203 -0.1935355 -0.48033744 -0.60415673 1.094958 -0.11336967 -0.65242326 -0.18256731 0.038354374 0.03787088 0.8405249 0.9062446 -0.40520972 -0.28726655 0.7969156 -0.7956233 0.4058071 -0.5047649 -0.8545549 0.48423326 -0.7373281
50 -0.29395163 0.17255111 1.1951367 0.15154317 -0.00769742 -0.4361154 0.25021443 0.4080409 -0.8974855 -0.34745765 0.94651 0.6599171 0.21810097 -1.2268049 0.18990575 0.16989648 0.5863589 -0.2537269 0.5264133 0.34782445 1.2325945 0.952823 0.5967627 0.380921 -0.1759701 0.42314503 0.3947898 1.00579 0.85235465 -0.45976886 0.75279427 0.81394374
51 0.102984756 -0.7764615 -0.15802705 0.04480109 -0.023201756 -0.10611425 -0.21083245 0.30770516 0.44946337 -0.29688388 -0.38684046 -0.2169472 0.78275555 -0.7125133 0.7426902 -0.3677547 -0.16526645 -0.3326057 0.26880258 -1.0906879 -0.16533017 1.423449 0.011513742 -0.015032612 0.04221701 0.19912547 -0.9538122 1.4048419 0.530278 -0.15610966 0.17604034 0.11736791
56 0.32925949 -0.6852211 0.8617151 0.1270805 0.27338487 -0.42144284 -0.4171444 0.7139993 -0.5096982 0.25128224 -0.3755244 -1.2979544 -0.034839947 0.623582 0.805665 -0.042707007 -0.10397988 1.0092074 0.21121939 0.14712462 -0.18293293 1.0902116 0.40109822 1.1254599 -0.4410037 -0.10654705 -0.15851276 1.0890476 1.0357481 -0.6503902 0.08872573 -0.5580228
63 -0.31636253 -0.67399716 0.76403296 -1.5610285 0.22960831 1.0159295 0.05112204 -0.7115152 -0.9974979 -0.9222239 0.44981793 0.2086068 -0.09944031 -0.405617 0.46226493 -0.37924135 -1.1386079 -0.24373908 0.72547776 0.64685273 0.3240482 0.80377895 1.441062 0.1864861 -0.37843803 0.06105038 -1.1433357 0.22533864 -0.49716127 -1.2599902 0.0020079436 0.029049002
64 -0.10130515 -0.11212475 0.3879607 0.5370844 -0.12695979 0.25264102 0.71220195 1.204641 -0.5060543 -0.062489063 1.1886578 -0.214026 -0.5238139 -0.6580318 0.23666318 -0.8504924 0.06594576 -0.33537573 0.45642462 -0.5802209 0.5912212 1.4126766 0.10003842 -0.78713274 -0.7087178 0.13845561 -0.40928915 0.8514236 0.61972755 -0.030997142 -0.23991509 0.8920743
73 -0.35476714 -0.21064414 0.52527905 0.52574134 -0.23794897 0.21950907 0.89404184 1.0358769 -0.5148914 0.26457658 1.2271835 -0.2473017 -0.40775186 -0.6552021 -0.1241629 -0.8308475 0.10287097 -0.06653372 0.4757542 -0.63542205 0.93352216 1.3148993 0.31428137 -0.762989 -0.6504079 0.28490055 -0.14317022 0.8107543 0.6829782 -0.15636119 -0.2449815 0.945572
77 0.6153457 -0.45407483 0.67979723 -0.037216026 0.31916675 -0.9328077 -0.5296066 0.6180173 -0.41639555 0.24159339 -0.5159919 -1.3760582 -0.030229257 0.4550721 0.7600444 -0.50043905 -0.27022174 0.9612355 0.43742242 -0.0736876 -0.029026432 0.7734441 0.2930805 0.9302567 -0.23015086 0.12535699 -0.45889804 0.87174934 1.0433419 -0.49248642 -0.040380564 -0.48757917
80 -0.33585396 -0.36839432 0.44414982 -0.617521 0.1513098 -0.6807511 0.7579466 0.37688732 -0.75006944 0.0038031836 1.7704444 0.44132683 0.007215555 -0.042378295 -0.017813541 0.42836857 0.4094305 0.3116125 -0.022099916 0.045050066 0.96946645 0.6488211 0.32742617 -0.4639747 -0.15695712 0.4552829 -0.18226548 1.1045604 1.2987 -0.79987276 0.32744336 1.2669932
81 -0.14379705 -0.5345082 0.029503468 -0.8164888 0.07525243 -0.3731181 0.698039 0.09597079 -0.995942 0.21051346 1.7419348 0.27008966 0.12044699 -0.05086482 0.007626352 0.266088 0.15658014 0.24215928 -0.28789896 0.12372355 0.8812923 0.3915432 0.503138 -0.5901137 -0.15386303 0.7253471 0.053332154 1.3077382 1.3785099 -1.0409535 0.21893553 1.3503848
89 0.81247693 -0.45225412 0.06652711 0.472237 -0.0376022 -0.5977346 -0.67295295 -0.4748925 0.03655277 -0.5849208 -0.93286586 -0.1029845 0.9695792 -1.3060068 0.28591618 -0.31826657 0.08293195 -0.2928151 0.19097017 -1.2447705 -0.036761712 2.0606623 0.5846797 0.63448143 -0.07524213 0.06649626 -0.8867934 1.1932892 0.9804861 -0.26571506 -0.08931341 0.44025967
92 0.7464216 -1.4444807 0.09778825 -0.02219869 -0.094575286 -0.92356884 -0.7748015 -0.1393226 0.2215751 -0.15366346 -0.77254707 -0.70323426 0.4510867 -0.95342046 0.4248222 -0.78205913 0.3036777 0.44678444 0.5320718 -0.5027079 0.050456803 0.7644293 0.5124369 0.498381 0.31883535 0.46221113 -0.94516623 0.5436542 0.97673154 -0.26036924 -0.5702158 0.79234886
97 0.65128183 -1.266547 0.018563064 0.25608897 -0.024803134 -0.7571379 -0.7578051 -0.0045573553 0.30565262 -0.1324124 -0.6415198 -0.70060444 0.31734353 -0.9771156 0.3926336 -0.70439154 0.19121045 0.5357209 0.52199614 -0.47598237 0.06994459 0.9063332 0.4773381 0.5089896 0.46342373 0.37499535 -1.1889778 0.723187 1.0408973 -0.20682019 -0.36993665 0.77874714
99 0.9139747 -1.2266762 -0.11228735 0.2162256 -0.050857797 -1.139423 -0.60236686 0.00047468767 0.2883091 0.080062196 -0.6960934 -0.72699845 0.55297244 -0.9443226 0.49619666 -0.6629665 0.13785541 0.4097312 0.5060138 -0.6837707 0.008189226 0.9476467 0.7476376 0.48503512 0.4151081 0.32877365 -1.120022 0.4242917 1.1562929 -0.31727955 -0.7506033 1.0078202
103 -0.42157176 0.79760194 0.62743074 0.326102 0.33289036 -0.6396268 0.3181488 -1.209212 0.42263752 0.11928524 -0.09428076 -0.5952339 -0.63386315 -1.2599468 -0.41780558 1.0783436 0.78671396 -0.6619458 0.019967921 0.2747676 0.17599279 1.7866824 0.14642878 -0.22954871 -1.5835369 0.40543887 -0.9213254 0.41602188 0.08941228 -0.9887109 0.4662768 -1.4782351
104 0.38799176 0.0064435005 0.8233759 -1.0980844 0.19554266 -0.3590776 0.39675596 -0.5408225 -0.31799543 -0.6139506 -0.63345337 0.074301116 0.23080333 -0.5521507 -0.18996836 0.47352588 1.1092098 0.114080854 -1.5303584 1.0289437 0.7639389 1.1861901 0.1130299 -0.42998338 -0.7934858 0.3824263 -1.2897761 -0.048980635 0.21314749 -0.26036966 -0.8462559 -0.22092526
133 0.8541229 -0.34810868 0.096213564 0.6609327 -0.37823433 -0.4192783 -0.53075093 -0.39802316 0.12903453 -0.56300104 -0.7010913 0.0419201 0.8187175 -1.4519025 0.48298967 -0.32377985 -0.1604557 -0.2318982 0.14389417 -1.3719919 -0.15995568 2.039208 0.75016624 0.68543327 0.04655213 0.05213385 -0.84720963 1.164862 1.0476519 -0.3057748 0.02065995 0.24983838
142 -0.2824125 -0.5089417 1.1155814 -1.2426101 0.32277668 0.8408531 -0.008223359 -0.7749896 -1.2053032 -0.8485671 0.8258183 0.21525618 0.12167737 -0.59547144 0.57807744 -0.67211276 -1.1025869 -0.244041 0.8841669 0.6035262 0.57098544 0.4175055 1.5498232 -0.6412031 -0.23385015 0.16218889 -1.2771428 0.6579141 -0.73670685 -1.6047362 0.27643675 0.118363574
143 -0.2803374 -0.49415162 0.7732572 -1.2253271 0.08662729 0.83552045 0.016766146 -0.61486083 -1.2606162 -0.7406494 0.7245363 0.207507 0.19332603 -0.31311363 0.5953803 -0.48672563 -1.1555535 -0.26620772 0.58974665 0.6111105 0.3357355 0.5809785 1.3799355 -0.0442696 -0.16978887 0.030291764 -1.0397197 0.2324045 -0.50400174 -1.4042367 0.111471646 0.06311857
147 -0.7108264 -0.9906398 -0.06259803 0.9801001 0.089112386 -1.8494205 0.8339727 -0.5945966 0.1871722 0.28294855 0.77302563 -1.1112664 -0.20087095 -0.25495 -0.6305267 1.3188797 -0.11354322 -0.53178453 -0.42988658 0.081196316 0.2810666 0.8480933 1.1028068 -0.32727936 -0.05437662 1.0049872 -0.8311415 0.51436573 -0.72730356 -0.9284255 0.3223144 -0.77533615
57 0.41657135 -0.51756924 0.18861285 -1.3718795 0.012098589 0.38784564 0.46358386 -0.63905466 -0.82383555 -0.7614321 0.3155473 0.045394536 0.32997864 -0.18233736 0.5053516 -0.1345377 -0.8650963 0.009056658 0.36303833 0.577468 0.3010016 0.7828156 1.3298435 0.28393915 -0.13994429 -0.13489632 -1.0077733 -0.58919144 -0.054582056 -0.93453014 -0.273227 0.050146654
72 -0.8406421 -0.85950357 -0.3646825 0.6147803 0.4472416 -1.198855 1.0808363 -0.8695375 0.39831078 0.56075776 0.7184367 -0.8360118 0.07028034 -0.17051296 -0.45461527 0.73305225 -0.07869022 -0.33623755 -0.27103218 0.11830221 -0.028985085 0.8908906 0.79873055 -0.124514125 -0.43863115 0.75244516 -0.6640719 0.48678172 -0.3730181 -0.79278654 0.5476922 -0.6628531
127 0.87943953 -0.16966364 0.32854232 -1.4501837 0.38854152 0.015352759 1.0803137 -0.23996484 0.20078768 -0.4378339 -0.3760217 -0.073482685 0.11682347 -0.6511537 0.4731842 0.5538635 0.5201585 -0.17334352 -1.145906 1.0815947 1.2135042 0.9101869 0.72094774 -0.7719876 -0.46685714 0.3971756 -1.486849 -0.028047614 0.24094422 -0.2953866 -1.6020083 -0.7114808
43 0.41155297 0.037503403 0.03295739 -0.9248023 -0.50476456 -0.07168486 0.9337441 -0.25963834 -0.64363575 0.037259676 -0.44486123 -0.30958328 0.5713947 -0.49539486 0.15147153 0.07346354 0.65638095 0.2675047 -0.9276634 0.8849968 0.50253135 0.571066 0.18679759 0.3241416 0.21977296 -0.122438945 -0.92232174 -0.17183611 -0.1442161 -0.39227486 0.2216875 -0.13659486
44 0.42077354 -0.15702768 -0.10674498 -0.6230536 0.09373232 -0.1397917 0.7966461 0.5132029 -1.0552781 -0.79401785 0.19150418 -0.77300954 0.051247016 0.04293719 0.28844377 -0.15800565 -0.25584102 -0.052455228 -0.21019532 0.517784 0.7153102 0.862624 1.0301067 0.2945548 0.25111446 -0.5590824 -1.137391 -1.0135486 -0.4404927 -0.36949757 -0.7224945 -0.33438492
45 0.5098533 0.1731625 0.13047822 -0.5735439 -0.041886944 -0.69603217 0.9705663 0.6840035 -1.3932303 -0.7811104 -0.32624745 -1.1760203 0.22497632 -0.17752452 0.12055986 0.07988621 0.46190736 -0.00582482 -1.0312997 0.6441969 1.5117084 0.7828601 0.6458093 -0.15117697 0.16348526 -0.9187573 -1.4609896 -0.68280786 -0.32196805 -0.29147193 -0.9366171 -0.38711613
46 0.7835306 0.03690831 0.14822365 -1.0458549 0.07483718 0.34796658 0.80598885 0.07834263 -1.3511959 -0.9340496 0.83606964 -0.81746507 -0.09407081 0.18209621 0.26689532 -0.07496405 -0.9508617 0.0035946365 0.56612736 0.28442752 0.05620631 0.6417215 0.81530964 0.25864094 -0.13948144 -0.03237547 -1.1651309 -0.58922046 -0.2564313 -0.40867907 -0.10873239 -0.16131149
100 -0.46182102 0.3540569 0.790635 -1.2988176 -0.84224063 -0.5985801 0.53400993 -0.48717606 -0.088382654 1.5875288 -0.619056 -1.2502044 -0.33236703 -0.47255167 0.6825859 0.56878465 0.30475724 -0.031459276 -0.69033337 0.36681068 0.61338127 0.8779368 0.47907606 0.21340786 -1.158624 0.19475642 -0.61768323 0.41706485 -0.7104215 -0.09371768 -0.15433075 -0.12124985
101 0.4462719 -0.009948413 0.20192598 -0.41830653 0.12277044 -0.59573346 0.90756005 0.6939663 -1.2925974 -0.74847656 -0.29808715 -1.2276201 0.46509936 -0.07869846 0.23752119 0.1606054 0.49000028 -0.0324303 -1.1733553 0.6547023 1.3054781 0.79270697 0.6606394 -0.28311762 0.33450833 -0.83492416 -1.4526815 -0.6990158 -0.22047348 -0.27914733 -1.0994183 -0.44535398
102 0.73056775 -0.01500201 0.26436508 -0.9597904 -0.09866438 0.18597825 0.7279896 0.09426716 -1.255388 -1.1995018 0.27585357 -0.991993 0.10241255 -0.13181932 -0.035999253 -0.30963182 -0.1602158 -0.038810242 0.67321396 0.1492376 0.35592747 0.6701803 0.59393746 0.030097662 -0.24606706 -0.56608015 -1.2246382 -0.88724995 -0.3210433 -0.494395 -0.08543888 -0.40935498
125 -0.60558677 0.3326963 0.9304682 -0.9283711 -0.5990702 -0.6584884 0.33767366 -0.4540529 0.26333386 1.2609559 -0.49839532 -1.2560352 -0.43510824 -0.25113603 0.33627304 0.6166731 0.2387375 -0.07063025 -0.59529144 0.61875224 0.7003752 0.86101013 0.44699547 -0.0086709075 -1.2534039 0.32537737 -0.7919335 0.16949855 -0.6281054 -0.14136527 0.028343117 -0.07023833
126 -0.5792397 0.34744716 0.56351537 -1.1477456 -0.63235384 -0.6787136 0.72659165 -0.6143516 0.22560786 1.5899533 -0.43106934 -1.4785844 -0.31817436 -0.19349596 0.480584 0.6887835 0.48507884 -0.3132297 -0.40271202 0.34088194 0.3788824 0.9924874 0.4242029 0.15820897 -1.263477 0.12244977 -0.6114118 0.24181539 -0.7704849 -0.10222689 0.18786195 -0.28590652
131 -0.17239147 -1.031493 0.0633512 1.054399 0.88042206 -1.1520183 1.6660519 -0.8951281 0.18066536 -0.2812616 0.913993 -1.4735008 -0.43167663 -0.21787071 0.20054384 -0.39327526 0.26056278 -0.7867023 0.6149476 1.3513209 0.20373183 0.55629355 0.46296644 0.47662652 -0.8337694 0.100594185 0.3367225 0.7671424 0.083891384 -0.23332845 0.19020239 -1.0211726
138 -0.16503403 -1.0060554 0.051420543 1.0502876 1.0622395 -0.8226497 1.5883968 -1.146933 0.25241363 -0.2929088 0.683758 -1.4411143 -0.65740424 -0.2508317 0.012084153 -0.35017475 0.35687593 -0.6136433 0.81887275 1.2560382 0.16829656 0.5651143 0.75267696 0.5334807 -0.8120371 -0.24544756 0.24722455 0.92875844 0.06186655 -0.7044665 -0.033404496 -0.85864216
139 -0.5291695 0.12863198 1.0949444 -0.6516567 -0.71318364 -1.6739161 0.8223808 -0.7023093 0.37911215 0.15477982 0.31411237 -0.7965297 -0.40481603 0.16949454 0.037768945 1.259256 0.7353161 0.10584276 -0.885793 0.8216287 0.013495093 1.2185714 -0.24342997 0.10286116 -1.2433462 0.3700257 -1.228611 -0.6270959 0.39503947 -0.2776594 0.44783437 -0.021637732
140 -0.2660801 0.47371224 0.7038612 -1.403102 -0.45887005 -0.45335826 0.44907436 -0.28260335 -0.5200825 1.3238721 -0.83219826 -0.9044579 -0.037126016 -0.4677443 0.34320027 0.63005483 0.51133895 0.23339042 -0.93683225 0.51653475 0.8482532 0.7743476 0.48858166 0.5064989 -0.6576086 0.18247382 -0.8649098 0.5046864 -0.8171777 -0.086996384 -0.124687076 0.05097005
144 -0.25022545 0.23775719 0.97417194 -1.4058056 -0.82603663 -0.42700383 0.24432495 -0.38757598 -0.30306128 1.5092155 -0.74728674 -1.1760329 -0.0020785038 -0.5545725 0.35107973 0.16429804 0.64416856 0.14904043 -0.689446 0.55821323 0.74601126 0.8713885 0.38010603 0.16015966 -0.9695458 0.4093776 -0.6069137 0.5642204 -0.9995715 -0.084859945 0.12781014 -0.16768374
145 -0.34460783 0.42747808 0.68656284 -1.2407806 -0.7515082 -0.82714826 0.7138359 -0.5957172 0.02483191 1.9335262 -0.65267015 -1.4818639 -0.09914124 -0.53734857 0.623871 0.53564286 0.41082728 -0.015793948 -0.45054445 0.3950865 0.7810229 1.012564 0.41056046 0.02566795 -1.2475306 0.2463745 -0.78497475 0.32794306 -0.9972944 0.1416488 0.02535756 -0.17486183
150 0.19077772 -0.5067071 -0.06181419 0.82574147 0.4168824 -0.6547392 1.854398 -1.2540876 -0.15985258 -0.46035242 -0.07912884 -1.2184019 -0.2562165 0.022149518 0.16482157 -0.1894846 0.23692887 -0.87668616 0.42655793 0.88449657 0.07730043 0.10437127 0.25984284 0.55429083 -0.66421753 0.5610883 0.043758817 1.4034092 -0.12773818 -0.46224225 -0.22796951 -0.49453527
71 -0.3697966 0.5593743 0.66133606 0.7781596 0.08330103 -0.8936445 0.16657898 -1.1987121 0.2826498 0.020503795 -0.06181631 -0.6514903 -0.23011306 -1.1317376 -0.61273396 0.91381824 0.6397518 -0.7303005 -0.34076077 0.21462151 0.08942862 1.7794533 0.25477055 -0.13719018 -1.4497247 0.4140457 -0.66706437 0.43466935 -0.15628904 -1.0088912 0.50997996 -1.2766229
76 -0.28056812 -0.28182253 0.26998237 0.49822482 -0.18974368 0.4591698 0.71695 1.1737362 -0.28625792 0.23580839 1.1862899 -0.38122398 -0.35400602 -0.61634094 0.04998378 -0.9088646 0.09106899 -0.24621853 0.41549468 -0.6292829 0.72794765 1.4909996 0.0034696183 -0.48295417 -0.58694905 0.15687837 -0.28181046 0.8033648 0.50048405 0.061402187 -0.4306131 0.7945386
79 -0.3631347 -0.3129533 0.8409627 -0.040635265 -0.18319477 -0.43227383 1.1821753 0.5659614 -0.43135303 0.44176587 1.3410648 0.9394787 0.01857635 -0.7244087 0.22924677 0.12441558 0.2675481 0.4200133 0.5491061 0.084860034 0.99786615 1.0137101 0.29587248 -0.5642457 -0.42949736 0.1282165 -0.2981622 1.0260291 1.3223631 -0.02536399 0.039986968 0.8109939
82 0.8395563 -0.7035356 -0.6208129 0.7905271 -0.15724282 -1.1286045 -0.06342007 0.57630926 -0.36633578 -0.25339884 0.048072945 -0.7715806 0.25703633 -0.62952894 0.43046746 0.043764155 -0.34646326 -0.41838548 0.37096217 -1.3601649 0.09527045 1.6565497 0.85836977 0.12548576 0.6086531 0.5830345 -0.8487336 0.6953513 0.37040913 0.18915519 -1.3012809 1.0755796
90 -0.4245416 -0.33804294 0.60696745 -0.0349032 -0.2626992 -0.28345564 0.92468387 0.921473 -0.48261318 0.28230956 1.2072145 0.26941514 -0.44991118 -0.7650532 -8.332475e-05 -0.26512355 0.30944568 0.051106226 0.57596284 -0.096002355 1.298219 1.2590357 -0.31232134 -0.5275772 -0.5839862 0.18341814 -0.31015453 0.7962388 1.0192987 0.13062601 -0.054307103 0.85834974
91 0.25980362 -0.19525285 0.5287436 -0.8867159 0.36898044 0.6323198 0.29398566 -0.33751425 -1.4117053 -0.44568422 0.82236135 0.10624789 0.32343194 -0.09891114 0.6173121 -0.4647561 -0.7609608 0.19448438 0.42774144 0.32888085 0.12469295 0.2916826 0.91283023 -0.91966206 -0.21539994 -0.012515912 -1.0574721 0.39853036 -0.36712462 -1.0122905 0.3294545 0.11599632
93 0.69977057 -0.5717044 -0.74998826 0.648063 -0.14250426 -0.9901573 -0.014702506 0.5350572 -0.79931515 -0.0806711 0.094186395 -0.87155455 0.16059847 -0.68889755 0.44786522 0.009490999 -0.18534155 -0.5433301 0.4028698 -1.3274553 0.42246717 1.6106418 0.83313423 -0.095290616 0.54915035 0.103541024 -0.49059406 0.78422093 0.4861902 0.15466784 -1.3170071 1.3469654
98 -0.38814798 -0.36586088 0.9021317 0.17135434 0.025334813 -0.17863713 1.0444797 0.8623521 -0.31666642 0.2505624 1.2913204 0.57282305 -0.18228158 -0.7371719 0.07935397 0.05120187 0.61255616 0.16788642 0.67264926 -0.0342063 1.0419054 1.218805 -0.046349414 -0.41391468 -0.27850276 0.19848798 -0.38540366 0.86373025 1.1579491 0.10797629 -0.012111323 0.75814307
132 -0.27534476 -0.20379874 0.56169504 0.55795586 -0.19134419 0.44565052 0.62590265 1.0009516 -0.5190003 0.06657028 1.0528249 -0.39096195 -0.762371 -0.7456663 0.15716122 -0.67703646 0.22799218 -0.18902159 0.7951924 -0.6342795 0.6435632 1.2842824 0.20984888 -0.7526268 -0.58872396 0.16828018 -0.3344825 1.0041502 0.50832134 -0.09789976 -0.36022514 0.852969
134 -0.121535175 -0.28167635 0.27168727 -0.8902332 0.21688047 0.3879904 0.041209698 -0.28140402 -1.2756019 -0.65057874 1.1447201 0.20611279 0.28822625 0.093973614 0.25841814 -0.12453965 -0.5164108 -0.21332474 0.23838536 0.50968504 0.3890382 0.25884977 0.82954293 -0.8191586 -0.13386227 0.07978049 -0.7160846 0.69216704 -0.0026920612 -1.3864985 0.5637786 0.59390414
146 -0.6847687 -1.3333392 -0.10044212 1.0977831 0.023463473 -1.6085291 0.826394 -0.8171725 0.058782898 0.19122463 0.72047085 -1.5702586 -0.0484637 -0.19966988 -0.53950214 1.195086 -0.11805248 -0.60447073 -0.31852686 0.11078407 0.30273053 0.74789387 0.80371207 -0.61430985 -0.2352163 0.5535976 -0.70627254 0.78275174 -0.7416414 -0.6975683 0.5872232 -0.5811715
48 -0.16395038 0.22380856 0.8598452 0.49229258 -0.1390837 -0.021405391 0.30981526 0.8465075 -1.0115606 0.028722817 0.60022634 0.10583212 0.33940712 -0.9588506 0.6456577 -0.052140366 0.6627642 -0.39426932 0.37203056 -0.36273554 0.8148603 1.0841103 -0.10164581 0.09598507 0.08399678 -0.02148534 0.062907934 1.2974479 0.48407337 -0.02606071 -0.122552045 0.5308402
49 0.24643297 0.3717651 0.20667237 0.06619375 0.34228626 -0.2070732 0.5186374 0.37833744 -0.90201366 -0.18982752 0.88566154 0.3645733 0.2766242 -0.6823081 0.61035264 0.07604844 -0.04316381 0.055517167 0.18401054 0.64555186 1.0155762 0.14834507 0.61177427 -0.43105304 0.022540173 0.65382326 0.04899939 0.5236492 0.6569158 -0.7129908 1.146621 0.5897911
85 0.5503962 -0.19771394 0.40859357 -1.2258531 0.41260526 0.16530642 0.83305794 -0.08064415 0.31119773 -0.41713986 -0.6090609 -0.17441772 0.02145353 -0.70386094 0.02543414 0.46691227 0.67478913 0.08575806 -1.2243708 0.9841476 1.2212598 0.918627 0.3610742 -0.6131521 -0.45589393 0.3558502 -1.5490819 0.014436406 0.102592066 -0.36376974 -1.1610307 -0.5744408
87 -0.24735363 -0.2214078 0.8475777 -0.12239482 0.067120396 -0.5787766 1.0508229 0.79970133 -0.34549722 0.2044058 1.2277952 0.42486408 -0.18690814 -0.6568321 0.081276424 0.04905684 0.5718087 0.07415846 0.49540064 0.08883677 1.1834183 0.76145846 0.047714565 -0.3175201 -0.175992 0.20517498 -0.25181508 0.7195556 1.2306051 -0.03344639 -0.0034891511 0.78969693
88 -0.36729962 -0.20881629 0.40952274 0.4034194 -0.19699365 0.16680752 0.8381952 1.0333073 -0.46404052 0.470214 0.7972866 0.00182474 -0.28593218 -0.73341775 -0.050820775 -0.31544065 0.33829626 -0.037704695 0.7512177 -0.19269894 0.8780162 1.2128283 0.20330618 -0.28967738 -0.31629086 0.049900077 -0.35670418 0.73433894 0.639394 0.07795075 -0.2135106 1.1154249
141 -1.1843958 0.33862472 0.42109862 -0.26939324 0.56567556 -0.647083 1.3762665 -0.93108207 0.9902961 0.62920016 0.16865046 -0.50507325 0.39039767 -0.273198 -0.39788932 0.10286049 0.08434693 -0.37034875 -0.40543044 -0.06534482 0.11893446 1.1486136 0.17789981 0.08815939 -1.3595253 1.2534884 -1.082137 0.6445219 -0.5188935 -0.9875685 0.6471011 -0.7182457
78 -1.0109147 -0.39290434 0.12789892 0.38922274 0.35512143 -1.11162 1.247805 -0.9847783 0.5157227 0.56252515 0.5721285 -0.5902343 0.26589334 -0.4186409 -0.6105299 0.1614172 -0.07395015 -0.33365571 0.20051815 0.028283134 0.19074294 0.80230147 0.45429996 0.08116748 -0.6259413 0.93628514 -0.9678391 0.5137313 -0.8794219 -0.6473949 0.5743152 -0.8151338
96 -1.1094922 0.42750722 0.51694196 -0.2088927 0.44842488 -0.55069876 1.3993218 -1.0322574 0.9113923 0.64991295 0.1435364 -0.3683799 0.32701772 -0.3229817 -0.5301267 0.16031007 0.12181793 -0.20935936 -0.3635183 -0.23911409 -0.04584665 1.0754764 0.18552116 0.258247 -1.4515603 0.9986668 -0.9730665 0.79244095 -0.47621757 -1.1718513 0.39301506 -0.7299933
42 -0.3162774 -0.89033854 -0.05930579 0.9084164 0.63388735 -0.903076 1.5630711 -0.9347933 0.17219205 -0.10219721 0.49328923 -1.076998 -0.49645698 -0.23112503 0.07108859 -0.16437684 0.24486062 -0.67586124 0.6580826 0.99840254 0.1635644 0.44834027 0.5071191 0.40658084 -0.6992724 0.045714885 0.066315435 0.86120623 0.014637984 -0.25184515 0.08692225 -0.80407095
52 -0.21213478 0.25181335 1.352737 0.21406303 0.24742666 -0.48565724 0.5073381 0.22722061 -1.3240976 0.14049578 1.1658586 0.02366433 0.5478588 -0.6239762 0.3905663 -0.48698488 1.5031707 -0.2423218 0.85030735 -0.60435253 0.85370773 1.1307315 -0.70801455 -0.35844842 0.15157333 0.22886457 -0.09268635 1.0624062 0.5972689 0.07507901 -0.42649624 0.11494793
69 -0.15313484 0.108400956 1.1085862 -0.009841977 0.65937215 -0.6342043 0.81810296 0.48625252 -1.2227209 0.3492746 1.029347 -0.046647612 0.46711287 -0.5207983 0.9556371 -0.06031713 1.202123 -0.40980908 0.5640708 -0.15914786 1.3159578 0.8581862 -0.4933111 -0.51406705 0.38738558 0.49727112 -0.075678535 0.9302981 0.7172575 0.30727986 -0.06764265 0.29012832
75 -1.2320436 0.18106306 0.304345 0.01775519 0.44043672 -0.8302865 1.188436 -1.2939503 0.6331131 0.5524344 0.29100582 -0.47187504 0.33571103 -0.345845 -0.4519819 0.13589956 0.103913814 -0.45293126 -0.24269477 -0.17039524 -0.08934559 1.0517436 0.28446504 0.23994642 -1.1703703 1.1478729 -0.9149316 0.5658771 -0.39590868 -1.1537986 0.6299269 -0.44541195
148 -1.1482939 -0.8389507 -0.092825174 0.7306822 0.41915444 -1.0741168 1.1858398 -1.1561599 0.13661207 0.2669532 0.3603274 -0.8091957 0.23887248 -0.31003883 0.018533818 -0.2778411 -0.12529896 -0.680425 0.009400127 0.35872373 0.033508677 0.71466637 0.17231888 0.21372834 -0.7057085 0.39076492 -0.56781244 0.74143094 -0.58406854 -0.12474521 0.47877264 -0.79238623
62 -1.0259254 -0.8848585 -0.086980835 0.8923795 0.025219107 -1.0393804 0.43618724 -1.6103154 -0.11499884 0.02784402 0.71154475 -0.7597938 -0.40809417 -0.43380883 -0.012463047 -0.23248729 -0.4306751 -0.015354915 0.1396265 0.71761763 -0.009620407 0.8867939 0.31758672 0.60237885 -0.8772457 0.594516 -0.45102537 0.08390848 -0.3336816 -0.22268996 0.1725055 -0.507494
106 -0.5918897 -1.4886289 -0.10579566 1.149251 -0.25164488 -1.1601884 1.3521962 -1.3697538 -0.13596815 -0.26218954 0.16806296 -1.4288744 -0.7938741 -0.48697484 -0.017812485 -0.5411814 -0.74987006 -0.4812387 0.47451967 0.8165652 0.11236299 0.27986708 0.6183455 1.0510182 -0.22395869 0.7745163 -1.1703792 0.76908785 -0.5350979 0.2168367 -0.5321522 0.17680278
53 -0.62319916 -1.4352349 -0.13009244 1.1800944 -0.2730597 -1.1007885 1.2288178 -1.3581027 -0.030453624 -0.17384636 0.33760092 -1.2525243 -0.64653945 -0.6184952 -0.20490386 -0.42045048 -0.5504977 -0.41117963 0.51300436 0.8432696 0.18987684 0.4383309 0.6645491 0.82861906 -0.36671227 0.51579887 -0.82587427 0.5243183 -0.39369667 0.13646823 -0.32152095 0.20487483
65 0.24398462 -0.92678696 -0.14556502 0.9312941 0.17327715 -0.58644533 1.5609086 -1.4987166 -0.079719394 -0.55579424 -0.37522405 -1.3497288 0.056559276 -0.046292573 0.12456195 -0.18591541 -0.16817372 -0.45418227 0.088507146 0.7075298 0.5814764 0.020141365 0.27793035 -0.12538752 -0.5866216 0.90005964 -0.30002937 1.4734018 -0.79998434 -0.35207218 -0.5229013 0.04435141
130 -0.66274714 -1.7071133 0.086987026 1.176593 -0.38812917 -1.1090653 1.1310694 -1.5575614 -0.23635945 -0.5040151 0.10073032 -1.5493106 -0.83922994 -0.64248574 -0.19130944 -0.38465026 -0.6039998 -0.72906226 0.6749797 0.8338765 0.15082474 0.20669013 0.7918996 1.1136603 -0.19792192 0.70881665 -0.9206326 1.0608292 -0.68641 0.022102615 -0.3138964 0.3507654
149 -0.4937003 -0.65664774 -0.20274435 0.82814664 0.24077412 -0.94506145 1.7275397 -1.1136621 -0.26117197 0.050704513 0.40937132 -1.0189793 -0.38538444 -0.33345175 -0.1086274 0.11312079 0.27359444 -1.0469434 0.7405215 0.7141226 -0.23773882 0.6318486 0.32669097 0.82621884 -0.47326714 0.16223948 -0.26683837 0.68321925 -0.012760426 0.02014364 0.31181127 -0.6501717
47 0.21643116 -0.94623697 -0.20660897 0.5798109 0.28709444 -0.08272238 2.3967426 -1.8052591 -0.15149835 -0.84126455 -0.8391086 -1.4040266 -0.010664743 0.07788711 0.048153017 -0.27193785 0.040942855 -0.744216 -0.2430066 0.7318604 0.6027132 0.012574098 0.15753402 0.196882 -0.89678174 1.1208686 -0.43036583 2.329444 -0.555199 -0.6704057 -0.98106223 0.29192406
152 0.3747214 -1.0623623 -0.30424556 0.42119613 0.058267858 -0.23126481 2.41042 -1.7934631 -0.06354455 -0.6622969 -0.6881168 -1.4505731 0.10146026 0.19019452 0.3502944 -0.22838758 0.120200425 -0.7776801 -0.5162768 0.8490559 0.62868494 -0.13467288 0.12415285 -0.11768426 -0.8860552 1.1847256 -0.33899236 2.2035227 -0.4261264 -0.5702529 -1.0952774 0.30239642
66 -0.13834037 -0.5991622 -0.23268275 0.8649842 0.11929661 -0.62387615 2.0832508 -1.1691294 -0.8346133 -0.21811326 0.21663351 -1.0430865 -0.6919042 -0.1031055 -0.032331523 0.38640726 0.40624598 -0.9306614 1.0074914 0.80434257 -0.42695442 0.42602518 0.42087573 0.71699727 -0.4471922 0.5491913 -0.43486777 1.1483346 -0.039359596 -0.45922387 0.24995664 -0.90957546
67 0.8043247 0.18459538 0.9601989 -1.0678402 -0.18810317 0.35014045 0.70193976 -0.3353337 -1.7760535 -0.5610144 1.266306 -0.2546217 0.44291532 -0.5304486 0.98639214 -0.8177583 -0.22453916 0.5174109 0.6365453 0.06099733 -0.4754297 -0.08527394 0.5292364 -0.3602119 0.012427445 0.15004759 -0.8142845 0.25673336 0.39623842 -1.1543721 -0.13426478 -0.51374567
68 0.03899601 -0.14212269 0.107978456 -0.8436931 -0.4697352 0.06730629 0.8406469 0.26235962 -0.56233335 -0.1642306 -0.082936786 -0.7563703 0.7798266 -0.72547174 -0.04451607 -0.21673413 0.6062142 -0.042169664 -1.011308 0.6269185 0.58590883 0.47323704 0.562745 0.22198094 0.30977464 -0.3853514 -0.8688455 -0.45928448 -0.03338106 -0.88854367 -0.47140706 -0.71159685
70 0.35221666 -0.2035637 0.5235702 -1.3011296 -0.53039324 0.46129212 1.031593 0.004610613 -1.1234004 -0.3349649 0.7983006 -0.5962978 0.20126513 -0.5092086 0.19239132 -0.4068808 -0.007759497 0.06427913 0.3129267 0.054364413 -0.09771554 0.38334858 0.94203746 0.27999493 -0.018976066 -0.29084426 -0.6977519 -0.5421819 -0.31207818 -0.7916784 -0.6767192 -0.54826343
107 -0.41638678 0.51374435 0.49320775 -0.8156418 -0.81248766 -0.16068591 1.0320846 0.2866521 -0.28392917 -0.09931993 -0.034764055 -0.7248562 0.33000264 -1.1350509 -0.14137872 -0.35966226 0.38945088 0.15601864 -1.4251854 0.17308527 0.8214412 0.41348407 0.30730534 0.9575309 0.25756434 0.13604917 -1.1661915 -0.19004562 -0.40484044 -0.9358551 -0.20708998 -0.60024405
108 -0.21270046 -0.073826835 0.49031356 -1.0066881 -0.616487 -0.20053808 0.973913 0.35386744 -0.19791894 -0.04624363 0.21700981 -0.76464367 0.7233189 -0.94070643 -0.08998785 -0.3184419 0.5634326 -0.008860153 -1.0627749 0.37605292 0.53084636 0.15672328 0.5886287 0.6171752 0.5328734 -0.19877422 -1.0168662 -0.34739572 -0.22387777 -0.87979263 -0.68706346 -0.69066507
109 1.1296875 -0.08305789 0.73548734 -1.3565979 -0.1691983 -0.063591726 0.9557629 -0.5217411 -1.6655254 -0.25999206 1.1122296 -0.36223447 0.42919883 -0.48825413 0.8782268 -0.87732136 -0.19765565 0.667823 0.62177473 -0.044492695 -0.4990899 -0.3521308 0.6280246 -0.6088299 -0.119141124 0.15784833 -0.79039353 0.07336805 0.45429537 -1.1980827 -0.5384493 -0.16485317
110 -0.19395258 0.5604357 1.2249413 -0.33581048 -1.8679372 -1.1983753 0.6164235 -0.46059817 0.66716987 0.13259083 -0.11003259 -1.1822801 -0.23666282 -0.38339213 0.36423647 0.24198401 -0.13092873 -0.7387462 -1.1801652 0.3217005 0.33918983 0.43873313 0.26500583 -0.28678298 -1.2213095 0.21794431 -0.895218 0.045358334 -0.16910034 -0.5979762 -0.24258697 -0.22655967
111 -0.25782064 0.312614 0.58328193 -0.8947771 -0.6692769 0.060441244 0.75785804 0.41872722 -0.15059578 -0.18241411 0.10058378 -0.9726183 0.34125027 -1.0647787 -0.18961926 -0.36119542 0.40682307 -0.12128913 -1.3351439 0.3265828 0.45061558 0.30144152 0.42723045 0.8485425 0.4151556 -0.019014737 -1.2192819 -0.1321462 -0.10947715 -0.7087135 -0.34420863 -0.5901759
112 0.12882327 -0.16108158 0.17634638 -1.0695868 -0.47459152 0.26586062 1.240218 0.19466314 -0.45654017 -0.052293405 0.5360207 -0.5073553 0.34700644 -0.851572 0.16275306 -0.2698125 0.19290484 0.10890219 -0.5011125 0.18544446 0.19895498 0.37809214 1.0090061 0.5490419 0.0947192 -0.8183676 -0.5486072 -0.36979365 -0.10576394 -0.98605055 -0.7119753 -0.85229135
113 -0.16876034 -0.21780251 0.34819603 -1.2274804 -0.27768797 0.23751092 1.3241671 0.27135378 -0.51537853 -0.112774946 0.40673065 -0.6402517 0.31482658 -0.69898844 0.3759652 -0.26851135 0.46376497 0.20517485 -0.24471305 -0.047798403 0.03186491 0.3215978 0.61370885 0.52312934 0.26010188 -0.27607128 -0.95658594 -0.7489406 -0.017892525 -1.055897 -0.8346512 -0.86039215
114 -0.46710768 0.25764185 0.46521804 -0.8610608 -0.92257655 -0.14994691 0.9129372 0.35099378 -0.09592497 0.041137397 0.079377785 -0.8307936 0.33417276 -1.0263036 -0.16816902 -0.29978436 0.37021956 -0.04324234 -1.6126816 0.20296979 0.58283836 0.3136655 0.4723689 0.78804815 0.25506145 -0.070282444 -1.1753843 -0.06338412 -0.14047551 -0.87765217 -0.32801488 -0.5087215
115 -0.6922314 0.45298043 0.5639972 -0.75492275 -1.3588604 0.051043827 0.6159125 -0.067865506 0.048208866 0.1669191 -0.26723614 -1.3176883 0.15141253 -0.92266566 -0.22026704 -0.18822648 0.4529091 -0.25983912 -1.4588557 0.2798475 0.5734635 0.4184574 0.12541915 0.6137707 -0.26272804 0.18840718 -1.0792841 0.0026952957 -0.1442524 -0.85890055 -0.052177686 0.03934399
116 0.44355327 0.065877385 0.47121733 -1.3359257 -0.34548193 0.6631779 1.0155826 -0.00011757691 -0.94790083 -0.47110647 1.1390462 -0.61082774 0.25559276 -0.3492866 0.6931337 -0.61031455 -0.4404315 0.14511065 0.5910556 -0.28895292 0.018907618 0.12518652 0.6305692 0.017440172 -0.23036422 -0.25969923 -0.90020204 -0.2997541 0.33922523 -1.2187583 -0.6743321 -0.73630315
117 0.33776668 -0.26515934 0.46050942 -1.4656116 -0.6457494 0.33294314 1.1098939 0.16105995 -0.6870624 -0.2252621 0.8990351 -0.5841483 0.36263064 -0.730274 0.34019583 -0.5051582 -0.024103679 0.16270931 0.5302937 -0.063822664 0.10115031 0.40266013 0.7519951 0.18254602 -0.08220393 -0.52566665 -0.7629313 -0.5542449 -0.30713418 -1.0642688 -0.72654617 -0.8377762
118 -0.53675646 0.29460007 0.7938282 -0.8889129 -1.197363 -0.42898077 0.40561846 -0.16570234 0.013395558 0.34755927 -0.058012668 -0.95036507 0.054310013 -0.83940417 -0.10373574 -0.0337389 0.4179251 -0.27820975 -1.6030884 0.41250047 0.5050698 0.46755496 0.25048336 0.15258892 -0.50347024 0.088376805 -0.899833 0.11515873 -0.12551545 -0.44250545 -0.0335997 0.008244148
119 0.3601555 -0.3359514 0.4817776 -1.3923922 -0.46996874 0.41953292 1.058845 -0.11000995 -0.49335858 -0.16203044 1.0552682 -0.7943333 0.6805322 -0.56767255 0.3044832 -0.65726846 0.12361646 -0.03656882 0.43380645 -0.10587518 0.21008867 0.53289807 1.1142224 0.24497947 -0.13697086 -0.4021785 -0.51786464 -0.912468 -0.3065801 -1.2946779 -0.7430793 -0.6567681
120 -0.56136245 0.66858464 1.3931226 -0.40125433 -1.6810244 -0.9338449 0.23564643 -0.4286296 0.4287214 -0.03317673 -0.35204625 -1.3235683 0.025272964 -0.45350292 0.19979037 -0.04156405 0.048572224 -0.73389894 -1.2596018 0.3942741 0.6107047 0.50461155 0.3108055 -0.10706843 -1.0633093 0.2216488 -1.080501 -0.12246881 -0.4782844 -1.0524075 -0.1564708 -0.004059188
121 -0.066603236 0.0809533 0.4082824 -0.8900326 -0.49795923 0.15599044 1.080409 0.56029147 -0.26839006 -0.2022067 0.19370873 -0.9068755 0.49448857 -1.1448482 0.015903788 -0.44417197 0.6348138 0.03314225 -0.9363925 0.4738109 0.42707658 0.2754354 0.71097 0.51885563 0.57292384 -0.277438 -1.0982714 -0.51378596 0.075455576 -0.762082 -0.4735851 -0.6133374
122 -0.5215153 0.6682441 0.5859122 -0.51922405 -0.85725766 -0.088749796 0.87691164 0.18352096 0.11991848 0.040150613 -0.12995552 -1.1126953 0.072431326 -1.0042557 -0.23810935 -0.2723254 0.16145216 0.033254854 -1.3760407 0.312535 0.6830475 0.24067086 0.21902114 0.521867 -0.036296945 0.060217913 -1.3218977 -0.15714769 -0.13276842 -0.6791743 -0.18947278 -0.14428526
123 0.5737269 -0.42768398 0.5828329 -1.4444684 -0.6870167 0.6103487 0.9491372 0.046275653 -0.5075582 -0.44690612 1.0834161 -0.82438886 0.5424357 -0.47856948 0.15887687 -0.6921309 -0.18325299 -0.11082687 0.6300015 0.17243671 0.21402754 0.46936503 1.1415693 0.39929366 -0.2516994 -0.64207494 -0.5112028 -0.57505655 -0.3502117 -1.3556379 -0.6403004 -0.7660899
124 0.47737303 -0.21407996 0.39506987 -1.5659381 -0.3440085 0.77174807 1.1631197 -0.08029735 -0.62304 -0.31092405 1.1363835 -0.9443497 0.42709115 -0.48641878 0.13344547 -0.6585871 -0.09799922 -0.027065203 0.5872663 -0.069563344 0.1412516 0.4153732 0.9432678 0.2651436 -0.3020656 -0.4318767 -0.6854822 -0.61681265 -0.24808478 -1.2034675 -0.51681125 -0.60223585
151 0.09026125 -0.40815112 -0.3800615 1.0185207 0.395812 -1.08837 2.2244258 -1.3051816 -0.8280438 -0.21762936 0.23758936 -0.9761758 -0.9052313 -0.02383952 0.12374015 0.46383455 0.33798778 -0.96815914 1.1491107 1.0206739 -0.31656465 0.55682784 0.6177572 0.7418562 -0.31262016 0.5989477 -0.4676884 1.0881871 -0.012780189 -0.356263 0.036573958 -0.63818824
129 -0.77907777 -0.19543076 -0.21323664 0.83563054 0.10885469 -1.0547686 1.0449679 -1.1185664 0.10570763 0.7784463 0.43057707 -0.74235314 -0.49380267 -0.6667386 0.035282467 -0.48610458 0.51659036 -0.39518428 0.36420035 0.8240404 -0.2934566 0.6077371 0.2508401 0.15592454 -0.7039756 0.45554912 -0.54839057 0.17791562 -0.12738737 -0.48185486 0.5448605 -0.8003359
