1 -0.35902432 -0.35530263 -0.43062693 -0.2528033 0.36090714 -0.4254244 0.20586357 -0.2893482 -0.82796484 -0.17215708 0.080289304 0.3759561 0.8182246 -0.15446204 -0.17678013 -0.4291513 0.8064035 -0.7492342 -0.40533546 0.20210831 1.0347549 0.42556566 1.7842039 0.18419495 0.06602786 0.9661878 -0.1512171 0.47343355 -0.12798402 -0.24274331 0.10088212 0.22228754
2 -0.5452262 -0.2558646 -0.59020096 0.14911398 0.29192752 -0.5883028 0.11739046 -0.49238074 -0.5338283 -0.026979923 -0.07874945 0.12643895 0.745726 -0.27526328 -0.12645558 -0.6883154 0.8772565 -0.7363337 -0.27629557 0.19459583 0.93033725 0.45349666 1.503681 0.1353896 -0.20043784 0.55024475 -0.5122129 0.706168 -0.09785347 -0.5230597 -0.2950905 0.16435768
3 -0.6378926 -0.25892875 -0.27479905 -1.1076887 -0.11968527 -0.964188 1.2635052 -0.7675268 -0.20697634 -0.19169988 0.4294084 -0.34717807 -0.49440435 -1.3524725 -0.048816565 -0.54687196 -0.31433952 0.11138617 1.0754764 -1.2952456 -0.64129764 0.49967167 0.6428509 0.025551677 0.43087977 0.41792694 -0.48296463 0.0918201 0.81197256 -0.5810189 0.2662226 0.73086876
4 -0.41151506 -1.1129128 -0.37201852 -0.5287349 0.13050433 -0.046019226 1.1632919 0.3258282 0.33530796 0.990132 0.43370986 -0.22594501 0.43740064 -0.6265043 0.1444457 0.8610998 0.77996755 0.5809819 -1.3690037 -0.2465633 0.7653616 0.09964001 0.1816524 -0.4572059 -0.22571886 -0.5047447 -1.5824229 1.061838 0.59787434 -0.23720385 -0.6942604 -0.43981665
5 0.5472016 -0.22857222 0.65169305 -1.3042164 -0.92239076 -0.18598346 0.8177186 0.07962938 -0.6188311 0.30788195 -0.038742825 -0.54662305 0.19875605 -0.030888837 0.11445006 0.62390435 -0.26821613 0.938659 -0.31523728 -0.14703433 1.1726363 0.3488963 0.19452947 0.36618155 -0.5360886 0.0065651713 -0.88584745 0.5583348 0.059019145 -0.41530097 -0.48626384 -0.54151815
6 -0.35629573 -0.9117215 -0.401523 -0.26782918 0.15728667 -0.31699425 -0.25752455 0.054669417 -0.7439292 0.28429952 0.18687361 -0.00047672907 0.5542629 -0.07343146 -0.09473944 -0.49537924 0.8063933 -0.8759118 -0.34224144 -0.040665545 0.9060446 0.59146947 1.8258477 0.4030308 0.06460292 1.1842145 -0.4821391 0.8288911 -0.036200162 -0.6761669 -0.034198176 0.042648662
7 -0.3545513 -0.77449167 -0.7092628 0.14710216 0.3766919 -0.4089546 0.36872897 -0.13051718 -0.01140882 0.35112858 0.9159541 -0.8831004 0.8715016 -0.44569814 -0.17216025 -0.28809074 0.96298134 0.14729306 -0.35218054 0.42995426 0.9784584 0.86052394 0.60486525 -0.75706136 -1.1076698 -0.63676137 -0.7376452 0.23920034 0.4650905 -0.104604475 -0.30731457 0.4954927
8 -0.56438273 -0.4633066 -0.3962025 0.2438974 0.20611957 -0.40345955 -0.16317114 -0.8130206 0.6100064 -0.40892434 0.08362414 -1.1003087 0.37634575 -0.5822373 1.52668 0.76941377 -0.30723944 0.14554532 -1.0039923 -0.42145726 -0.1475481 1.0633506 -0.10804101 1.420768 0.2285404 0.98284113 -0.1836932 0.169093 -0.01242249 0.4872664 0.44586027 0.9355278
9 0.020829778 -0.80239135 -0.5731919 -0.23979163 0.5207591 -0.73071843 0.062164817 -0.18541536 -0.5063353 -0.058529828 0.33117682 0.54909563 0.8429073 -0.029423965 0.21279024 -0.329325 0.9077517 -1.0110986 -0.31111115 0.15064618 0.49129218 0.40584296 1.712397 0.5596951 0.19608343 1.3062655 -0.65149015 0.16331594 0.41194165 -0.50920177 -0.2720901 -0.114114605
10 -0.36630768 -0.6326247 -0.35494122 -0.23879078 0.5407284 -0.30916962 0.09739556 -0.37158814 -0.8456971 -0.09269679 -0.013169242 -0.09790408 0.6814945 -0.25945482 -0.2291752 -0.99926114 0.904912 -0.67695713 -0.3396187 0.18754195 0.8451289 0.37018535 1.7392151 0.10735464 -0.13075784 0.91703624 -0.30586976 0.73821145 -0.1292389 -0.59679854 -0.1782569 0.14820942
11 -0.280097 -1.073929 -0.16645607 -0.28693154 0.13232926 -0.013165562 -0.20040445 0.016938506 -0.6717675 -0.035350382 0.07134977 -0.052981418 0.62574965 0.0017688652 -0.04833471 -0.70823365 0.98836446 -0.7995532 -0.58627963 -0.007805503 0.43369305 0.7287762 2.0131109 0.43310905 -0.07268832 1.3630636 -0.50249857 0.7218362 0.18085964 -0.7186058 -0.06802802 -0.19978267
12 0.016797645 -0.9392683 -0.8411917 -0.3176004 0.38223958 -0.7681577 -0.1524596 0.0075454353 -0.42390507 0.039845638 0.3110691 0.6640205 0.93114674 -0.30224386 0.27434844 -0.3697726 0.74828345 -0.8378879 -0.41787082 0.11042577 0.38310507 0.46332842 1.9989316 0.64129686 0.15412569 1.0765499 -0.46836537 0.03944796 0.3365144 -0.540265 -0.30755186 0.14101161
13 0.72252023 0.43619475 0.6204068 -0.7260321 -0.38958496 -0.09421483 0.48495653 0.1400637 -0.8720748 -0.4461273 0.124332525 -0.9217354 -0.17367813 0.36102664 0.262661 0.7305794 -0.056369837 1.0246202 0.25764525 0.7110037 0.88476306 1.4861274 0.29147318 -0.2879954 -0.07836467 0.5230653 -0.7884478 0.17286082 0.7805756 -0.7869572 0.10641229 -0.5645579
14 -0.50095904 -0.75303596 -0.6350044 0.19990405 0.6829109 -0.33037117 0.37713474 -0.17430468 0.14561984 0.10286134 1.0691831 -0.69264895 0.8036915 -0.30172756 -0.23721775 -0.36736423 1.012759 0.009521924 -0.063112944 0.37324107 0.999525 0.892342 0.62022454 -0.44591776 -0.71621805 -0.5071675 -0.4738781 0.43258166 0.11718217 -0.03811913 -0.22768238 0.4083191
15 -0.42899334 -0.34498712 -0.237257 -0.2002952 0.35093606 -0.35428962 0.34728417 -0.2481105 -0.5588466 -0.062239785 -0.10199637 0.09816807 0.7370755 -0.022033388 -0.21339616 -0.82098323 0.8884067 -0.9972939 -0.36383748 -0.037566233 0.76962 0.52000356 1.9000264 0.15958118 -0.092492566 1.0010183 -0.2725533 0.66756964 -0.05031829 -0.6386373 -0.18482617 0.09189667
16 0.5740459 0.055732585 0.5481649 -1.3282505 -0.4546584 0.20819518 0.6446789 0.10641412 -0.75081724 0.33965302 -0.14792195 -1.0535384 -0.12362242 0.5075384 0.25194657 0.40004954 -0.36616588 0.9898757 0.13032307 0.08643991 1.4997758 0.5859768 0.20784 0.4423701 0.025039956 0.18815005 -0.67629695 0.7895137 1.0428342 -0.39150456 -0.23947997 -0.4996367
17 -0.42880955 -0.9535499 -0.28332484 -0.47541413 0.10857404 0.17732069 1.3351463 0.20615396 0.4869023 1.171862 0.6699686 -0.28579232 0.36245388 -0.70965356 0.3023454 0.60869694 0.936738 0.43631294 -1.2052695 -0.22914925 0.8207408 0.13346997 0.41123307 -0.7065323 -0.32313764 -0.4590203 -1.1523646 0.995904 0.5037432 0.11120362 -0.59530866 -0.15058321
18 0.42970735 0.66590095 0.7078059 -0.3593576 0.31100753 0.13277021 0.35739926 0.24527784 -0.48251963 -0.51663494 0.4461273 -0.7549858 -0.43132678 0.90942425 0.30420607 0.43740162 -0.034046073 1.0061053 0.039192047 0.70370233 0.4332008 1.7278259 0.5237933 -0.25407165 0.575656 0.56934124 -0.24972448 0.29246676 0.59277666 -0.858323 0.39561474 0.15445416
19 0.8207382 0.51352334 0.79439384 -0.9687125 -0.76131153 -0.16384757 0.6644823 -0.06586348 -1.0107169 -0.2803145 0.102093644 -0.7986053 -0.04100766 0.25235945 0.20198503 0.71658754 -0.18116897 1.3333527 0.14833353 0.32353532 1.1117302 1.3914245 0.3608283 -0.011331726 -0.14369819 0.32520154 -1.0111965 0.36846903 0.6623562 -0.7604426 -0.16976373 -0.7756894
20 0.41291025 -0.07838982 0.73404163 -1.6951816 -0.47010761 0.08373577 0.84336656 0.24012041 -0.57433003 0.36251888 0.13686688 -1.1296395 -0.096449025 0.5354788 -0.08505277 0.23262385 -0.45845297 0.990336 0.0011543238 -0.1302986 1.4976821 0.41051394 0.20392168 0.25798592 -0.3333696 0.24921389 -0.4895232 0.96550286 0.86489594 -0.5356307 -0.19446938 -0.6405402
21 0.64220345 0.54562026 0.69611746 -0.496441 -0.80505174 -0.10996199 0.6971321 -0.0539428 -0.8434766 -0.3996823 -0.023323102 -0.92919457 -0.345392 0.23488379 0.45064464 0.8133734 0.12433233 1.0669243 0.39339292 0.8010059 0.94503456 1.7437872 0.37254208 -0.03301628 -0.032323245 0.3000593 -0.8997476 0.2726732 0.82968247 -0.62619716 0.05563618 -0.5120806
22 -0.39780414 -0.54583687 -0.56453764 -0.17218174 0.3551092 -0.5564572 -0.005783418 -0.23047204 -0.7375709 0.12453857 0.03781975 -0.013396777 0.5898633 0.014638696 -0.101729 -0.7772874 0.97188026 -0.9854961 -0.28210202 0.11109374 0.6490601 0.7277074 1.8258241 0.08267004 -0.16249663 0.8708155 -0.42949054 0.8144562 0.032477327 -0.71236646 -0.26214296 0.116400115
23 -0.19605044 -0.7322855 -0.3292704 -0.19596271 0.25743613 -0.2545815 0.114988275 -0.14312425 -0.71784705 0.0788793 -0.06400338 -0.081129916 0.69767517 -0.071956314 0.19500554 -0.8069448 0.99727476 -0.8916906 -0.34640726 0.19123252 0.71855307 0.455123 1.7305408 0.41426542 -0.10007835 1.121252 -0.22229107 0.80067104 0.09912134 -0.53093415 -0.24635543 -0.09736862
24 0.7354688 0.31411928 0.9221316 -1.185172 -0.7430166 0.042089555 0.5649019 -0.11109877 -0.8335316 -0.04465045 0.008019931 -0.994397 0.0826001 0.23277083 0.19834335 0.47566637 -0.10309132 1.2290623 0.24596481 0.33659384 1.2756484 1.0835025 0.3350308 -0.02896162 -0.39166465 0.18107046 -0.87734944 0.51417446 0.6485157 -0.737716 -0.17701985 -0.5658843
25 -0.3925453 -0.59085494 -0.34126225 -0.09878777 0.25148717 -0.3870368 0.0105213355 -0.2276771 -0.72133225 0.04603125 0.051040933 -0.07150101 0.70831573 -0.04676078 -0.16806084 -0.6636656 1.0064511 -0.8656596 -0.1779964 0.23076221 0.95250463 0.65635294 1.9126712 0.19546492 -0.06606378 1.0150409 -0.26861745 0.59427434 0.045254577 -0.58026165 -0.004271686 0.2139259
26 -0.11213716 -0.96635365 -0.6956259 -0.15274511 0.61812764 -0.7707421 0.2486819 -0.07879061 -0.38781983 -0.017800227 0.35590512 0.7719165 1.0440984 -0.2426347 0.19944298 -0.06868419 0.8354952 -0.75662184 -0.2552102 0.25436398 0.48177302 0.26880217 2.0271485 0.5475584 0.35538 1.011139 -0.3539973 -0.06620028 0.65852743 -0.5990596 -0.3236798 0.19352849
27 -0.48389378 -0.596639 -0.34141055 0.14408858 0.3181401 -0.41155532 0.08847208 -0.3257051 -0.9136462 -0.07624753 0.0038548596 -0.09602615 0.7538016 -0.083734594 -0.11366834 -0.6204616 0.8821469 -0.5952327 -0.3856553 0.22662252 0.46326366 0.61891526 2.0588562 0.33147672 0.11158595 1.126604 -0.126399 0.44136143 0.14670858 -0.52715796 -0.15438925 0.01772828
28 0.6468155 0.4309403 0.5266161 -0.35564253 0.049381588 0.07702261 0.026826985 0.13611951 -0.7480691 -0.87902427 0.2743292 -0.5722342 -0.53103775 0.4941451 0.4149062 0.8985708 0.28506264 0.93989587 -0.12412059 0.9073321 0.60085994 1.8419081 0.0074399305 0.056666344 0.3224034 0.4123673 -0.8689431 0.32823464 0.61803836 -0.6155417 0.051915966 -0.10974131
29 0.47644207 -1.0735174 -0.55553275 -1.4176182 -0.20751922 0.42408374 0.37309647 0.07270779 -0.11198905 0.35370752 -0.599145 -0.6531193 -0.0113565205 0.17535517 0.0775823 0.7683487 -0.30290195 1.122711 -0.46647215 -0.07802017 0.6395098 0.8833262 0.772774 -0.16551617 0.37953272 -0.25048485 -0.44608945 -0.48663244 0.7060532 -0.65645736 -0.32781732 -0.47688907
30 0.4902688 0.57243085 -1.0407445 -0.9779502 0.4827572 -1.5853946 0.28085208 -0.21849494 0.17326795 -0.21415778 0.045978714 -0.6864104 -0.3769252 -1.1262709 0.58913827 -0.8728089 0.4342777 0.15033709 0.66977775 -0.07207441 -0.688292 1.0909004 -0.16379291 0.35206443 0.5281889 0.11111074 -0.38322577 0.7654988 0.31988412 -0.3606317 0.8292044 0.94319016
31 -0.8552914 -0.23602252 -0.29721603 0.35650668 0.16378246 -0.3838571 -0.0050937417 -1.0514547 0.3225295 -0.21607582 -0.15510836 -1.4419254 0.24849321 -0.30318886 1.4092706 0.70514834 -0.14196621 0.37526488 -0.9749303 -0.4447859 -0.23112608 1.2314711 0.074058495 1.0698495 0.15705651 0.9115702 -0.09489661 -0.07934397 -0.02744062 0.61108893 0.36677587 1.0177524
32 -0.9406613 -0.5832434 -0.014434155 0.45613772 0.26174834 -0.10481009 -0.29890174 -0.73108804 0.33395886 -0.48483193 -0.19039354 -1.3657122 -0.037296966 -0.22948179 1.2058556 0.9573726 0.0049906177 0.08820678 -1.151887 -0.2682099 -0.09474802 1.317905 0.10549882 0.9375073 0.23680413 0.60849535 -0.25595754 -0.34343094 0.093312636 0.28972587 0.071331255 1.2877966
33 0.06442804 -0.8228124 -0.00061532896 -1.6434414 -0.4668082 -0.27516443 0.41016322 0.019485671 -0.04056711 0.16762015 -0.47979397 -0.5837985 0.18419057 0.05475955 0.23091035 0.55978715 -0.7328009 1.1973407 -0.47738478 0.5520681 0.84179556 0.44730392 0.5005034 -0.14226055 -0.045156106 -0.13392526 -0.7588123 -0.06758208 0.29842487 -0.47006387 -0.33028492 -0.6411348
34 0.91392875 0.39888608 0.59647393 -0.74895316 -0.45835838 0.04435789 0.5688322 -0.16148253 -1.0321414 -0.16271956 0.22165857 -0.9659123 -0.19114009 0.2694403 0.5022098 0.52355623 -0.1951029 1.2206364 0.30431575 0.78686345 1.0048326 1.6073911 0.08098284 -0.21751219 -0.046755537 0.45608258 -1.0577892 0.405748 0.60136455 -0.8004726 0.052369066 -0.5464655
35 -0.1733813 -1.0371594 -0.3838724 -0.32309937 0.12170564 -0.19140087 -0.3699542 -0.04462223 -0.5725776 0.16148585 0.021582555 -0.10217408 0.53617394 0.010619386 -0.055171885 -0.6680352 1.0569494 -0.89791983 -0.41330132 0.16990064 0.81946534 0.667026 1.8793784 0.43732983 -0.12091509 1.4311548 -0.4228163 0.52459556 0.2251277 -0.693554 -0.12193672 0.14383523
36 -0.94270855 -0.21117349 -0.23655517 0.18441647 0.39295948 -0.035565473 -0.15163659 -0.7762549 0.71425116 -0.199236 -0.2007234 -1.4791071 0.124488816 -0.6509041 1.294744 0.8083505 -0.07701433 0.14537802 -1.1357123 -0.43738717 0.0026439663 1.1019515 0.09669672 0.9165755 0.28037408 0.8077097 -0.08068425 -0.10224082 0.1957967 0.52912354 0.19562857 1.2908688
37 0.45685557 -0.1384091 0.6347884 -1.5428331 -0.2937909 -0.03249566 0.72491306 0.19819401 -0.7046974 0.6477555 0.006612517 -1.0595853 -0.014886211 0.3963277 -0.12864593 0.53287 -0.4050608 0.931368 -0.07928485 -0.16054226 1.5649023 0.14617176 0.19321513 0.25112784 -0.2676118 0.36628926 -0.89630944 0.9834422 0.82230467 -0.3995479 -0.33783475 -0.5173388
38 -0.10434165 -0.18238594 -0.48783505 -0.82221985 -0.4468586 -0.6358841 0.72992927 -0.6652354 0.20428203 -0.042355463 0.20952448 -0.2872269 -0.46477002 -0.8849577 0.5275355 -0.6203421 0.08989288 0.38789105 0.4062537 -0.7457352 -0.54727113 0.26160258 0.033851746 1.0063944 0.4439173 0.69791925 0.13737863 0.6879452 0.65739715 -0.34844527 0.23342665 0.7682723
39 -0.114207186 -1.1152645 0.058202 -1.6967493 -0.9418642 -0.96640414 0.4590827 -0.16703208 0.25070646 0.42622754 -0.5673938 -0.351203 0.23459342 0.38957012 0.44885758 0.7417401 -1.0768069 0.98880863 -0.63262117 0.8945446 1.3133218 0.24296275 0.71729094 0.45265877 -0.26897562 -0.3704889 -0.35363787 0.1324237 0.6403947 -0.588826 -0.67903805 -0.16838354
40 -0.58156043 -0.7654459 -0.83934325 -0.08411917 0.9367466 -0.24661328 0.29934466 -0.24067153 0.3927893 0.11658233 0.8979408 -0.69810194 0.9062487 -0.39235744 -0.050836664 -0.6616207 1.1058644 -0.048086528 0.07310646 0.2483285 0.97021884 0.91824603 0.16494787 -0.25002116 -0.9428083 -0.45480675 -0.48324084 -0.017383866 0.32990682 -0.20826654 -0.62063247 0.20048381
41 -0.6692464 -0.44384554 -0.85739577 0.21207213 0.5889196 -0.23644564 0.6096696 -0.10962278 -0.086256534 0.06858917 0.7662787 -0.17746653 1.0433111 -0.22390302 -0.0886502 -0.64425504 0.944755 -0.1875745 -0.25509754 0.2673896 1.2003945 0.9551164 0.825004 -0.18382694 -0.38156724 -0.7032344 -0.37945953 0.34942564 0.004251022 -0.08111173 -0.34806505 0.5502722
49 -0.26474112 -1.422481 -0.5150645 -0.55819124 0.30058256 -0.056083262 0.785324 -0.12148048 0.23617937 0.33661214 0.4152071 -0.8303362 0.75094455 -0.47428983 -0.0062454003 -0.39833686 1.4600703 0.09700907 -0.1796212 0.03962828 1.1168075 0.817532 -0.5321879 -0.5289307 -1.167148 -0.17088619 -0.7847523 -0.124494314 0.14957376 -0.34073737 -0.5565271 0.2668477
54 -0.4332104 -0.68853736 -0.69395703 0.104636334 0.73369825 -0.3262532 0.13233662 -0.1730496 0.05127261 0.15758333 1.0801152 -0.51793957 0.99894893 -0.31618038 -0.16392809 -0.5977471 0.9310544 -0.07917827 -0.3607156 0.33314747 0.9332581 0.9268316 0.5904346 -0.48330685 -0.9505915 -0.6897438 -0.61124885 0.39523354 0.43803 -0.3559788 -0.3751605 0.62306255
55 -0.7086708 -0.44999444 -0.52665645 -0.017621836 0.28831705 -0.551067 0.07254625 -0.34640402 -0.5832745 -0.09160466 0.15087827 0.29339966 0.73419327 -0.40177038 -0.06549668 -0.70000076 0.9706777 -0.53632605 -0.10385937 0.37580845 0.9392243 0.40795484 1.3378593 0.20442103 -0.1620837 0.5581184 -0.4678965 0.76002663 -0.045743193 -0.50091356 -0.044086438 0.4047922
56 -0.1458446 -0.88032097 -0.33697638 -0.40802515 0.14509249 -0.06940096 -0.25393003 0.12191094 -0.8458482 0.14334586 0.12455339 -0.11284773 0.68967587 -0.0033262991 -0.06700131 -0.847979 0.7841358 -0.86589456 -0.52396935 -0.20004635 0.8086145 0.58366364 1.967215 0.4525561 -0.26837403 1.6523871 -0.4638515 0.6919914 0.21113624 -0.7109011 -0.1430247 -0.10101911
58 -0.34114957 -0.6769149 -0.40395167 -0.11008091 0.26388866 -0.5910958 0.003139286 -0.4835345 -0.56250894 0.22905159 0.18332091 -0.026405796 0.49717245 -0.09279539 -0.11643584 -0.5507626 1.093597 -0.99040085 -0.24642602 0.1531852 0.7317384 0.48781073 1.9346974 0.1589915 -0.25025564 1.1281422 -0.26822138 0.81010705 0.10399801 -0.7425045 -0.055208974 0.25520673
59 -0.34776774 -0.2177328 -0.6940809 -0.020356715 0.13055378 0.21369225 0.34979272 -0.52491415 -0.35550475 -0.18073021 0.9653993 0.4668177 1.372597 -0.9422743 0.46677843 -0.75378996 1.0032794 0.3058056 -0.21644168 -0.09969161 1.1016933 1.300335 1.228985 0.20213422 -0.1107163 -0.7884804 -0.3830358 0.2696878 -0.622277 -0.027509889 -0.48856762 0.08481853
60 -0.6498302 -0.17795497 -0.8274164 0.060852773 0.21557869 0.31846455 0.5352079 -0.24666293 -0.16123305 0.043438543 1.1163592 0.22363184 1.1051241 -0.79277396 0.21379209 -0.6439659 1.2582508 0.14340219 -0.26234463 -0.08684612 1.3321395 1.5663688 1.2788119 -0.09248185 -0.1980458 -0.8984027 -0.44336492 0.30916458 -0.33359647 0.12568153 -0.37020963 0.33837855
61 -0.5082849 -0.25148967 -0.7857992 0.16432157 0.6061139 -0.1537888 0.3987006 -0.2385397 -0.38490617 0.09843751 0.6382141 -0.19083413 1.2058238 -0.109064944 0.10801772 -0.98392415 1.0910426 -0.24448137 -0.26049033 -0.110199824 1.0593535 1.0885729 0.73830944 -0.12346405 -0.54035765 -0.5828912 -0.4589342 0.09429321 -0.045526586 -0.17963684 -0.54592437 0.61728823
64 -0.076125965 -0.726188 -0.5453261 0.5556906 0.021854592 -0.5004984 1.7643683 0.36067954 0.5280105 0.17867994 0.72575426 -0.8229026 0.81646043 -0.5910003 -0.24667177 -0.090309866 0.47499177 0.24362093 -0.97102326 0.46475372 0.91948575 0.6871662 0.72508705 -0.35568544 -0.511841 -0.3818536 -0.6540012 0.17655301 0.15969713 0.06244083 -0.2757639 -0.36031154
74 -0.28805587 -0.53469425 -0.6350567 0.47417963 -0.063634805 -0.3534288 1.4664041 0.46705508 0.7265419 0.11591657 0.71094596 -0.5831011 0.7902423 -0.73738724 -0.3380857 -0.20840894 0.45942786 0.20471667 -0.5609475 0.48187414 1.1246073 0.91422236 1.0851603 -0.116306946 -0.1659648 -0.6183933 -0.48482004 0.46780962 0.029364886 0.1808547 -0.276221 -0.2967813
83 0.510695 -1.2723211 -0.6662759 -1.8164024 0.19308113 0.22867377 0.33762154 -0.1981514 0.28390107 0.2710007 -0.66657376 -0.868125 -0.056890424 -0.3071525 0.24881403 0.47324508 0.044705402 0.88634086 -1.2214553 0.2156504 0.60294336 0.71750456 0.97347313 -0.4841424 0.0782982 -0.46117115 -0.55983734 0.031155499 -0.3627817 0.039557524 -0.37382102 -0.9758938
84 0.17421238 -1.0231357 -0.6835753 -0.18310557 0.6963884 -0.75053346 0.26111782 -0.20602418 -0.33775836 -0.04506321 0.65384793 0.71237177 1.1418475 -0.09566823 0.3280946 -0.10973649 0.93552464 -0.7833158 -0.054167263 0.28962246 0.70711577 0.3181194 1.4325724 0.38701463 0.36473382 1.198533 -0.52264553 0.10013562 0.19227609 -0.25020936 0.020677697 0.016931638
86 -0.5079557 -0.4211012 -0.8266213 0.059347406 0.22808899 -0.037470493 0.097216345 -0.44490767 -0.16888268 -0.13433006 1.0588155 -0.12597398 1.0982847 -0.7639381 -0.10060427 -0.68349993 0.8760492 -0.015219074 -0.18090446 0.1990578 1.299967 1.1544958 1.0525916 0.0056170286 -0.34068215 -0.8760772 -0.50729775 0.30239758 -0.2138763 -0.098804966 -0.29418325 0.36212313
87 -0.22084786 -0.73686963 -0.7125121 0.43272963 -0.116574265 -0.608691 1.7340485 0.42963073 0.49672958 0.24479781 0.7798538 -0.5980954 0.7848797 -0.6829891 -0.26276386 -0.2579218 0.4961 0.40427393 -0.9555622 0.51618564 0.8850982 0.730302 0.8854641 -0.114412874 -0.40173262 -0.5569266 -0.45543334 0.35107142 0.09062529 0.009401305 -0.21994622 -0.31181926
89 -0.5827537 -0.48646086 -0.726076 0.27814412 0.46216503 -0.71555495 0.61613166 0.015477014 -0.4282737 -0.08830854 0.7353287 0.39053175 1.3205173 -0.35499966 0.45563808 -0.15929691 0.6980747 -0.23249575 -0.03952989 0.5518412 0.93107736 0.35210204 1.0732455 0.23608372 -0.21835862 0.041370172 -0.2630279 0.0067509958 -0.04231172 -0.038318545 -0.41440737 0.25476673
94 -0.36246616 -0.7057979 -0.6580753 0.47881466 0.09825187 -0.4012039 0.9149345 0.2119912 0.3891252 -0.06482058 0.97871715 -0.3132941 1.154963 -0.67373365 -0.031088488 -0.5038856 0.3021352 0.091340415 -0.48693663 0.45557803 1.1181244 1.1059828 0.87439966 -0.11576605 -0.24451073 -0.49834234 -0.51223505 0.38393936 -0.10806116 0.17521563 -0.04812614 -0.10518821
95 0.4433286 -1.4423269 -0.46519092 -1.3850486 0.17134996 -0.025487548 0.6852586 0.22056895 0.28407952 0.01744885 -0.37621093 -0.95772284 0.14464223 -0.2971012 0.26130837 0.31754482 0.24506186 0.7449125 -1.2749228 0.21935521 0.62370765 0.49451858 0.5927185 -0.22452825 -0.11340084 -0.3552554 -0.5092083 0.45597902 -0.56990194 0.10046465 -0.28309396 -1.087193
105 0.69600236 -0.8814342 -0.4998142 -1.0485687 -0.048441585 0.5867384 0.13427322 0.30284876 -0.44449502 -0.29594904 -0.4624378 -0.91412926 0.065735444 0.6106486 -0.081810325 0.7837772 -0.27843678 0.8680547 -0.4018327 -0.22952248 1.1585237 1.378175 0.5109128 0.05150978 0.23554896 -0.016149532 -0.32341987 -0.76213026 1.3339441 -0.8382095 0.043464303 -0.36704656
128 0.5118112 -1.5662339 -0.6357533 -1.8176193 -0.00981675 0.172495 0.38409227 -0.084294505 0.024429765 0.2729685 -0.7994209 -0.8304602 0.056943014 0.009260488 0.42592213 0.62047267 -0.15932246 0.84068835 -0.8132451 0.21612512 0.8317302 0.74592793 0.6005351 -0.34373328 0.27587596 -0.4895446 -0.564953 -0.16034406 -0.16831464 -0.30726492 -0.1527351 -0.7116031
133 -0.45740452 -0.51686764 -0.6715601 0.464832 0.06505425 -0.10842453 1.1926287 0.23350981 0.34629548 0.06832188 0.9478368 -0.28504452 1.2368045 -0.6371179 -0.1259563 -0.3506718 0.55270433 0.25071856 -0.39463785 0.24115384 1.3312306 1.0995604 0.99926674 -0.01923111 -0.06675579 -0.609115 -0.4243296 0.09161264 -0.2808921 0.112257645 -0.15495704 -0.01708913
135 0.6197778 0.9295551 -0.7296718 -0.4585853 0.85237354 -1.6164362 0.35982615 -0.92471415 -0.14894283 -0.27206782 -0.2519297 -1.281838 -0.008986621 -0.43405426 -0.054403502 1.2011522 -0.26817667 -0.3155587 -0.3395789 -1.3832127 0.45969614 0.7083682 0.21144451 0.54949033 -0.27890068 0.16615131 -0.58942467 1.2087538 0.40420958 1.310566 0.7423259 0.97611904
136 0.3599097 -1.0419222 -0.22446406 -0.94898224 -0.012947975 -0.20687933 0.8498134 0.118881494 0.31516272 0.20576891 -0.35598367 -0.8377078 0.10533665 -0.33366752 0.06041595 0.26078507 0.34373915 0.7084603 -1.5523318 -0.04488675 0.42821 0.2795392 0.6382466 -0.17832467 -0.3202235 -0.46743438 -0.7550195 0.5967606 -0.60088766 -0.42968607 -0.44223505 -0.9040021
137 0.1621154 0.20280996 -0.79272807 -1.0968453 0.5709163 -0.91885066 0.9941088 0.12140137 -0.025056876 -0.45138213 0.017551744 -0.4828158 -0.31350163 -1.2149628 -0.41135198 0.28156707 -0.3059478 0.3095141 0.53452647 -1.0204837 -0.17326619 0.4658387 0.21675166 0.22483134 0.5086813 0.4876599 0.26238307 0.8761411 0.6303479 0.49514717 0.41120422 0.9916146
48 -0.3459244 -1.0989791 -0.7518391 -0.19465971 0.36713952 0.19369133 1.0745949 -0.16663967 0.5975312 0.58903956 0.53443295 -1.0014629 0.23501325 -0.65465426 0.2639707 -0.16897029 1.7536869 0.30026424 -0.18872948 0.2229976 0.69542223 0.9371822 -0.15762167 -0.38980892 -0.9319977 0.020654645 -0.36263555 -0.15686017 0.3709641 -0.115157895 -0.9596109 -0.010900069
50 -0.004116097 -1.1459954 0.26582345 -1.8654082 -0.80839485 -0.6743269 0.8902699 -0.34907427 0.12349745 0.4804906 -0.35809132 -0.25643793 0.06850605 0.57937324 0.5067783 0.71606314 -0.8462252 1.0385408 -0.7061002 0.60481936 1.247058 0.20279923 0.53550184 0.3671764 -0.35315207 -0.4010036 -0.38873783 0.17924547 0.70764667 -0.539136 -0.42297378 -0.21260001
51 -0.23977208 -0.90441996 -0.5481752 0.37851208 0.36933133 -0.39918348 0.755766 0.18903308 0.19895342 0.16642167 0.7553363 -0.541324 0.79182357 -0.6313738 -0.38013914 -0.12556809 0.5739297 0.09208868 -0.42013934 0.26046488 0.9503003 0.7396053 0.48939013 -0.45631683 -0.55408704 -0.7322542 -0.8314088 0.51033163 0.3576577 -0.057302665 -0.22921188 0.38769907
63 -0.5287497 0.49468634 0.1599634 -0.6162965 0.35369056 -0.861467 -0.014818959 -0.48060173 0.73829883 -0.83914876 0.16241187 -0.11755284 -0.36744818 1.1537778 0.33754045 1.0053117 0.026545353 0.36187968 -1.8140215 -0.0216093 0.76397717 2.035897 0.19874592 0.51166445 -0.37860605 0.7447673 -0.122005306 -0.53395057 -0.18594135 -0.13553624 0.35617012 1.2945676
73 0.25294602 -1.0163863 -0.2947723 -0.39004692 0.11035669 -0.48564532 1.47649 0.13516502 0.58629084 0.021901585 -0.060365837 -0.7064045 0.09810571 -0.54605997 -0.3189518 0.037258185 0.6952748 0.3674745 -1.4912996 0.48588008 0.6530785 0.2256695 0.5604556 -0.10379055 -0.5239664 -0.7344883 -0.6755941 0.45075253 -0.16097601 -0.0711142 -0.4433546 -0.41508746
77 -0.40545142 -0.45597908 -0.3054284 -0.13128991 0.5263179 -0.402215 0.2813878 -0.20593408 -0.7477233 -0.26240006 0.14437045 0.8183798 1.2515202 -0.4893902 0.29618213 0.1384827 0.9393235 -0.45472193 -0.0047046402 0.28403047 0.7232772 0.10882642 1.8135891 0.36543298 0.50553715 1.0951304 -0.4624238 0.39341474 0.3506137 -0.56046253 -0.0134678995 0.1410738
80 0.48770103 -1.1917355 -0.53491485 -1.3182167 -0.29382908 0.3864917 1.3682896 0.1046414 -0.26119712 0.34407666 -0.33692843 -0.30176845 0.3220344 0.45583582 0.00092068897 0.7953287 -0.73813003 0.88483226 -0.6718035 -0.099457435 1.4941673 0.8178023 0.38790694 0.038999934 0.6679043 0.040194362 -0.73498344 -0.6074676 1.305877 -0.56491303 0.32378632 -0.64294875
81 0.63861 -1.1587297 -0.4478415 -1.0834148 -0.08414088 0.31116104 0.27656263 0.063942656 -0.6235043 -0.041002925 -0.42203778 -0.7928224 0.0992727 0.7782555 0.065925196 1.1346271 -0.10940801 0.87442106 -0.21489687 -0.31163025 1.1935863 1.1622947 0.36071727 0.052953396 0.19844808 -0.13782993 -0.47005534 -0.7535473 1.254727 -0.77791816 0.06812629 -0.2886475
82 -0.2290385 -0.7324892 -0.111504585 -0.09206104 0.7826401 -0.55879796 0.55112416 -0.5442647 -1.008487 -0.5686876 0.35008556 0.9868525 1.6423538 -0.6401255 0.51374996 0.08099436 1.247337 -0.17252822 0.059487317 0.7259659 0.99992925 -0.045277372 1.380213 0.4868724 0.45986933 0.6804822 -0.66689944 0.2940211 0.40264484 -0.19577761 -0.19749936 0.20614627
92 -0.65899956 -0.5938437 -0.12763675 -0.18917158 1.090314 -0.6360576 0.80601466 -0.31073013 -0.8007182 -0.42087564 0.4764558 0.98028857 1.831367 -0.41931513 0.4754384 0.04145205 0.9722807 -0.00806559 0.16976048 0.65778613 1.195984 -0.23781453 1.3039931 0.3154463 0.49746647 0.67213356 -0.59295887 0.18521328 0.30850133 -0.18753031 -0.08346205 0.25981984
97 -0.38928494 -0.5940143 -0.17442812 -0.25380772 0.70329857 -0.5356636 0.6589615 -0.4909898 -0.6205159 -0.27596155 0.2305734 0.9826801 1.343544 -0.29367518 0.44101498 -0.14824395 1.054384 -0.22626135 0.101146646 0.7454469 0.86526334 0.080794014 1.4540615 0.28446043 0.5114655 0.94839877 -0.44422582 0.11010508 0.46386808 -0.14537062 -0.24608064 0.16667041
99 -0.58597785 -0.43842477 -0.8094894 0.119792566 0.42635965 -0.4716868 0.57491475 0.12625988 0.22885388 0.0059066676 0.95665324 -0.34798226 1.1344874 -0.36576244 -0.09789903 -0.4688253 0.60373586 -0.07558105 -0.16973063 0.33174628 1.1295652 0.99671817 0.72815555 -0.28846437 -0.5764286 -0.60437953 -0.5659308 0.0035554038 0.1443077 0.050230455 -0.32555208 0.2821809
103 0.41804808 0.27084628 -1.3603802 -1.3125243 0.63753974 -1.8832784 0.44165286 -0.6221329 0.034709487 -0.052050263 0.18473819 -0.5061902 -0.5077189 -0.83410645 0.83647263 -1.0259682 0.559728 -0.06071381 1.0180839 -0.37324426 -0.9446393 1.2378386 -0.15750875 0.13777606 0.5711111 0.3521807 -0.67352057 0.55833477 0.21885179 -0.30447075 0.81794477 0.83718145
104 0.2359676 -0.26625896 0.32085198 -0.7527548 -0.19655763 -0.5523818 0.92527163 0.5086214 -0.26945683 -1.0432957 -0.12790294 -0.2628737 -0.18507683 1.2842311 0.20844555 0.9038122 0.26603433 1.0123268 -1.3667845 0.54318726 0.58774954 2.0082054 -0.084203854 0.41120684 -0.073887914 0.06541358 -0.20332202 -0.9049102 0.66580284 -1.3748795 0.84128225 1.2880942
142 0.5564976 -0.65187854 -0.56813097 -1.0145212 0.12402154 0.5211458 -0.16008838 0.34148344 -0.6760179 -0.57579994 -0.32654494 -0.73308486 0.056651346 0.8241138 -0.019823039 0.7044414 -0.34896585 0.75786847 -0.6276226 -0.29870233 1.007023 1.5868279 0.2949673 0.30552512 0.3909258 0.011984239 -0.27962083 -0.72194856 1.4371177 -0.8093871 0.13626467 -0.16790313
143 0.39226177 -1.122321 -0.48989332 -1.198671 -0.34184662 0.45254543 0.6676526 0.07968907 -0.37342843 0.26619062 -0.41779017 -0.29085717 0.22629355 0.48172075 0.046081327 0.7174733 -0.5783835 0.8793546 -0.22796027 -0.1306939 1.2727275 0.96079075 0.3476595 0.124125 0.67481285 -0.017610881 -0.72616833 -0.40487364 1.4820049 -0.67282426 0.17582038 -0.45108745
147 -0.99360985 -0.10435976 -0.5543954 -1.0808893 -0.030480118 -0.96212566 1.317227 -0.92208123 -0.54251987 0.091817774 0.60829073 -0.990626 -0.1689372 -1.0592613 0.19064479 -0.7903895 -0.5210312 0.19273187 1.2364435 -1.5720117 -0.8354654 0.6238376 0.9787273 0.31282628 0.39874485 0.42876244 -0.33437783 -0.18807791 1.0972167 -0.5426719 0.18535541 0.26576927
76 0.1918813 -1.146294 -0.26731446 0.062610306 0.3502031 -0.33864745 1.2815909 -0.2287481 0.37521526 0.1665807 0.3908151 -0.71640134 0.4795886 -0.57103926 -0.05492022 0.32917786 0.941614 0.3965811 -1.2079974 0.11178344 0.4184739 0.5226821 0.5123769 -0.69310516 -0.7298957 -0.7897821 -0.912792 0.49877375 0.034307133 -0.28424433 -0.4142694 -0.26770943
93 -0.387118 -1.0775439 -0.36764845 -0.17532706 0.472031 -0.4395801 0.9558005 0.15010452 0.41568202 0.46926254 0.82052076 -0.99122167 0.6484938 -0.34279737 -0.17456746 -0.33002922 0.74995446 0.07809832 -0.3926933 -0.07597916 0.88584125 0.5517655 0.33028755 -0.6468594 -0.9111239 -0.6930296 -0.67835283 0.4603075 0.07734389 -0.2386053 -0.46481648 -0.13478072
57 -0.46430567 0.051285524 0.34604844 0.04434612 0.38233915 -0.1239811 0.20470396 -0.7312876 0.59576523 -0.49677724 -0.06915602 -0.83698505 -0.40347788 0.42683274 0.73965997 0.7923805 0.29483327 0.29261318 -1.2178596 -0.1919755 0.3010764 1.5442555 -0.04636309 0.49713057 0.103090264 0.7220568 -0.085784346 -0.5091356 -0.09044843 0.21881646 0.4255722 0.76266944
72 -0.67117417 -0.4873678 -0.23150699 -1.0506028 0.3094446 -0.85697293 1.5048783 -0.6580814 -0.04460525 -0.47123057 0.41648927 -0.46250305 -0.40290505 -1.4480121 0.14054218 -0.6290716 -0.76810455 0.034488443 1.0320877 -0.85687506 -0.71689373 0.5821574 0.6234759 0.081116974 0.3676689 0.7216715 -0.1890208 -0.11030218 0.6021073 -0.5059591 0.41063878 0.4915095
127 0.48356745 0.81071264 -0.7367663 -0.33128896 1.0082419 -1.4500717 0.58315504 -0.9021227 -0.116397366 0.09553564 -0.3609982 -1.3196852 -0.041459672 -0.3838419 0.004870495 1.5061018 -0.27081326 -0.22254206 -0.122918494 -1.6684188 0.50800276 0.6715229 0.45099536 0.62613773 0.0829836 0.046603724 -0.64330846 1.1135354 0.48415604 1.1188271 0.86365336 1.0772856
42 -1.0927689 0.15585199 0.98811364 -1.7118196 0.21998523 0.015984338 0.37152335 -1.2808118 0.37194484 -0.6060669 0.86087614 -0.13419773 -0.84608567 -1.3713335 0.86627114 -0.9389376 -0.191028 -0.42831385 0.5119013 -0.08068303 0.11655201 0.33663553 0.63443714 0.6956903 0.28864393 -0.012000335 -1.091236 -0.074597225 0.7276518 -0.31638077 -0.82629895 0.72878706
43 -0.053082403 -0.2515634 -0.118012555 -0.10456685 -0.551899 -0.37090662 0.22700208 -0.9952191 0.46923354 0.21053031 -0.010649865 -1.1604942 -0.22687632 -1.0844029 0.69824874 0.239451 0.29391608 0.54976004 -0.23964126 -0.8479442 -0.00088561536 0.3114342 -0.08575547 1.092264 0.32571888 0.9285411 -0.043849297 1.1302503 0.50059706 0.047903657 0.9606681 1.5379096
44 -0.5553993 0.25066507 0.5035768 -0.24362604 0.83476 0.17533155 0.12543246 -0.5950864 0.68952376 -0.57789063 -0.50750846 -1.4208919 0.5103177 -0.2782634 0.52564174 0.5654399 -0.08005479 -0.2887861 -0.6728062 -0.5226927 0.67685294 0.90356815 -0.11734423 0.49103564 0.23706599 0.752081 -0.3945214 -0.32549855 -0.013434668 0.5151187 0.35915107 0.94633085
45 0.22590838 0.17580076 0.09559855 -0.9616789 0.40228197 0.26850027 -0.30888858 0.98628366 -0.3161447 -1.0743706 0.1747218 -0.5846452 -0.62419575 0.9564971 0.8653034 0.47515735 0.4980192 0.75910354 -0.19524741 0.9815553 0.48932675 2.589817 0.24910545 0.2802088 0.6496935 0.30406883 -0.3272291 1.1842889 0.27456707 -0.81029236 0.32581168 0.19728814
46 -0.15926637 0.3367126 0.13304672 -1.1889167 0.2246985 -0.15332104 1.0104371 -1.1013664 -0.52877957 1.1574733 -0.5085763 -0.8016962 -0.42039967 1.0797528 1.2527157 0.1804527 -0.2629553 1.3904032 0.77506185 0.96368223 1.1089237 0.7511625 1.1431625 -0.6682971 0.64300334 0.16901189 -0.37007502 0.366655 1.7272384 -0.066061735 -0.014842939 -0.6118462
52 -0.11729094 -0.6916017 -0.2802661 -0.5292442 0.15025471 -0.16823244 0.56842864 -0.08452721 0.32578143 0.37569705 -0.011772809 -0.50386786 0.5018325 -0.62906027 -0.23745286 0.38966408 1.1238747 0.5939821 -1.0055526 -0.18444562 0.55197245 0.17511685 0.14992721 -0.17113547 -0.6997374 -0.5297551 -1.1612356 0.6788481 0.032217406 -0.03455975 -0.5759527 -0.2579333
69 0.10326677 0.061580986 0.38319162 -1.491011 -0.43546826 -0.26751378 0.2729066 0.09267281 -0.20188315 0.48071545 -0.021125887 -0.75580627 0.2669663 0.080541305 -0.19392091 0.36801544 -0.2065924 1.0782768 -0.5868435 -0.41048345 0.9219954 0.1335662 0.5440149 -0.047509376 -0.7197268 -0.32287115 -0.56875795 0.79054224 -0.24718323 -0.5968457 -0.4862924 -0.41788596
100 0.47464967 -0.41394836 -0.46416295 -1.0221771 0.19599923 -0.9140179 0.3620373 0.080016784 -0.029289592 -0.46552286 -0.74399966 -1.2747525 0.4843823 -0.35108736 0.5509799 -0.18798167 3.1182582e-05 0.1135275 -0.09248692 -0.71868515 0.3531911 0.19896491 -0.73687166 1.5500327 -0.09669278 0.6326208 0.7054434 0.9505178 0.5311734 -0.07914322 -0.24211115 1.4865927
101 0.33281907 0.31742522 -0.14778183 -0.674715 0.47763872 0.096770264 -0.29545107 0.825456 -0.327561 -1.0816509 0.28713968 -0.6209405 -0.5702833 0.7861185 0.90539193 0.5087803 0.41695672 0.823661 -0.28040898 0.9805098 0.3495899 2.6045568 0.29329023 0.1701215 0.6612483 0.09713327 -0.46909747 1.0183522 0.27036536 -0.7349629 0.43794456 0.061899964
102 0.157072 0.07266543 -0.03885664 -0.8875045 0.38073444 0.2806878 -0.30475238 0.85049886 -0.48356438 -1.188533 0.24110998 -0.82105374 -0.74155873 0.7362077 0.9028827 0.46614072 0.31983796 0.6654761 -0.09976894 1.0029404 0.51844966 2.3824105 0.040181585 0.3223859 0.7087786 0.2716549 -0.45792925 1.0824293 0.373802 -0.61653954 0.18496394 -0.07306103
108 -0.2991995 0.15539387 0.21046144 -1.4872196 -0.0057441043 -0.11993124 1.091928 -1.21604 -0.56518036 1.5656911 -0.5125004 -0.9066891 -0.49608517 1.0018508 1.1868825 0.19453888 -0.062583484 1.4400128 0.59472585 0.63311976 0.9817447 0.48604047 1.1782528 -0.47492173 0.34888524 0.061496314 -0.20310897 0.60686517 1.7511095 0.18322465 0.07731887 -0.49888688
125 0.6101287 -0.59707177 -0.5593037 -1.0127206 0.09905449 -1.1085076 0.7633535 0.1682934 -0.11761261 -0.46046832 -0.79146254 -1.3878248 0.5890246 -0.38357174 0.56753224 -0.5881653 -0.036814846 -0.0058314926 -0.07691935 -0.6209376 0.19919093 0.25584307 -0.8262798 1.5254029 -0.1651573 0.67970127 0.8265296 0.93421614 0.5724084 -0.43122628 0.012542432 1.4058534
126 -0.76349425 0.2629865 0.69391876 -0.37639958 0.8328603 0.24495749 0.04750411 -0.32039848 0.9478221 -0.6285185 -0.47905478 -1.7416621 0.5410915 -0.3966233 0.6107438 0.30022374 -0.15797894 -0.46845746 -0.45193216 -0.3144896 0.75335276 0.80994934 -0.32873693 0.25017145 -0.017095532 1.3654128 -0.80589134 -0.29155654 0.2233941 0.44183353 0.68044066 0.85319555
131 -0.8001201 0.24645628 0.9522358 -1.6092769 0.23926938 -0.22612777 0.2761002 -1.4442219 0.07414733 -0.77264506 0.97065526 -0.1268327 -0.7570972 -1.654713 0.66488594 -0.82420033 -0.12581258 -0.38682008 0.5103799 -0.29975796 -0.078430355 0.42417032 0.7329077 0.695749 0.064583 -0.09304901 -1.3605825 -0.063260965 0.8037831 -0.3755953 -1.0888916 0.70719635
138 -0.9372278 0.17701878 0.9562863 -1.5827404 0.37833676 -0.13502006 0.38817886 -1.2186192 0.24636541 -0.68353474 1.1350896 -0.08632787 -0.7608751 -1.4139366 1.0364033 -0.65403455 -0.21909186 -0.49185774 0.6072952 -0.12211277 0.07425551 0.42335007 0.69692326 0.7290417 0.33880964 -0.19146167 -1.2241589 -0.04599556 0.66452396 -0.39582407 -1.0762674 0.64375746
139 0.040022407 -0.26700592 -0.44717094 -0.40436733 -0.7112495 -0.81227314 0.36187416 -0.5543306 0.6682481 0.11600482 -0.32905674 -1.2317702 -0.12679408 -1.1794592 0.37980005 -0.16599181 0.22996837 0.32429224 0.17811997 -1.0525542 -0.14059877 0.43094414 -0.23650135 1.5230355 0.7653142 1.011813 -0.22897528 0.9660659 0.45055228 -0.54191047 0.8799445 1.562579
140 -1.0053748 0.39421454 0.7529658 -0.10310894 0.79934245 0.26786795 0.20698832 -0.08327582 1.1876494 -0.6657182 -0.3849045 -1.8055315 0.64002305 -0.3906203 0.59329313 0.27988595 -0.21415024 -0.51749986 -0.7093478 -0.18957414 0.71806526 1.0299714 -0.2923857 0.3007257 0.17209885 1.5818595 -0.9534315 -0.2998028 0.2546876 0.20462358 0.60127264 0.71035755
144 -0.97506756 0.21699648 0.853584 -0.15058766 0.7509307 0.41315332 0.22332713 -0.079212874 1.0665203 -0.7100541 -0.5513633 -1.7996168 0.64195406 -0.32244366 0.668478 0.45669836 -0.2568856 -0.7445307 -0.51873094 -0.37685728 1.0476987 1.2235707 -0.297066 0.3711012 0.14242478 1.5552312 -0.9473988 -0.53120714 0.06429643 0.029866433 0.50277865 0.8580298
145 0.57450557 -0.58582896 -0.8709761 -1.0582578 -0.03406555 -1.2966125 0.71486753 0.2004446 0.08787875 -0.3756082 -0.6255547 -1.0823742 0.6240495 -0.70459664 0.5626296 -0.6436826 -0.12270313 0.033480138 -0.00990774 -0.56437534 0.11737104 0.2618483 -0.8261448 1.4460137 0.003689764 0.5438438 0.7127466 0.57152176 0.88619 -0.57535404 -0.18283162 1.5534874
150 -0.16793388 -0.08704797 0.32846305 -0.89723897 0.24671954 0.12502602 0.78377223 -0.69751096 0.07722654 -0.24152175 1.2646778 -0.38879928 -0.9053011 -1.0414624 1.2906854 -0.12402193 -0.6520894 -0.89426297 -0.10310754 -0.5566404 -0.075844355 0.2010943 1.0196134 0.6742798 0.36306915 -0.45343384 -0.7760169 -0.4016527 0.5390886 -0.8789019 -0.95313674 0.4076984
71 -0.13066301 0.34912735 -1.039648 -1.1924516 0.25233808 -1.7236341 0.47761318 -0.29384154 -0.2151458 -0.6502847 0.046200696 -0.5847836 -0.06282999 -1.2917806 0.40960371 -0.7880967 0.18864672 0.12764801 1.1375879 -0.81970304 -1.1079863 1.4999182 0.099991955 0.44033885 0.38115254 0.25065908 -0.4805977 0.49786884 0.4434089 -0.2584503 0.59187615 0.42196718
79 -0.33113363 -0.22424255 0.12725775 -1.8696363 0.19981499 -0.071420826 0.4976282 0.30905038 -0.055061746 0.42414656 -0.30756155 -0.68081945 0.43735713 -0.22758159 0.20675883 0.057360966 -0.3744074 1.5778606 -1.9533122 0.63539135 0.47406852 -0.267031 0.8243569 -0.54863644 -0.6900262 0.06645483 -1.4330127 0.1718199 0.30678862 -0.33842248 -0.75560194 -0.37453336
90 -0.1476307 -0.24458002 -0.15846233 -1.4033885 0.046841066 -0.28215095 0.442236 0.36984143 -0.087364435 0.42963755 -0.31371868 -0.57570916 0.68963397 -0.5439008 0.45877653 -0.009553747 -0.14529315 1.3483272 -2.1128814 0.82767946 0.5429712 -0.20212317 0.61008394 -0.4903386 -0.7478469 -0.0075256224 -1.6986817 0.3798563 0.19106053 -0.34385565 -1.0700948 -0.3256053
91 0.34061322 0.3243259 0.03751324 -1.0228113 0.44359344 -0.38066602 -0.16365497 -0.16700752 0.08167857 -0.6976646 0.5608074 0.011541982 -0.63927084 1.24872 -0.02799867 0.8305379 0.07978565 0.94480604 -1.0950816 -0.043095846 0.9615819 1.9319091 0.057758737 -0.03555052 0.058991406 0.72265077 -0.19099587 -0.38280073 0.55165964 -0.31349766 0.19750337 0.26999366
98 -0.1388647 -0.32113895 -0.021430213 -1.6860014 -0.1265147 -0.24924636 0.40829617 0.088778295 0.26654872 0.5717956 -0.25971815 -0.41100803 0.5110274 -0.38416663 0.35385644 0.2275057 -0.19236341 1.2732415 -1.7031962 0.42848983 0.531596 -0.25240266 0.53981596 -0.2966416 -0.6574041 0.101375975 -1.3113034 0.48188812 -0.0045959433 -0.28726843 -0.660609 -0.54884136
132 0.5696067 -1.0094806 -0.45829734 -0.10631524 0.22414131 -0.40513307 1.3809276 0.0053273537 0.60630137 -0.042444814 0.024352167 -0.8184682 0.21805654 -0.65796715 -0.025076108 0.14969517 0.5358635 0.49713045 -1.515291 0.41971922 0.4889975 0.48442343 0.50889057 -0.21850775 -0.5584075 -0.5010696 -0.7518518 0.35150495 -0.36937708 -0.09403518 -0.564771 -0.75842905
134 0.5664898 -0.20296551 0.24567853 -0.5602466 -0.28143555 -0.1932692 1.0293078 0.30695322 -0.21743694 -0.78452814 -0.47973305 -0.15343003 -0.18706007 1.3691859 0.17828776 0.9571413 0.06074928 0.8750913 -1.325722 0.5244436 0.46670753 2.0867953 0.16736966 0.2846057 -0.061591323 0.08158515 -0.39732754 -0.5424525 0.7421889 -1.2962793 0.70312345 1.5857085
146 -0.9878051 -0.22971372 -0.28726104 -0.9801838 -0.3516389 -1.0781878 1.3908378 -0.92235893 -0.7633688 0.11479923 0.8032998 -0.72990865 -0.16812535 -1.0440454 0.1273373 -0.6875575 -0.43649063 0.39000332 1.1872044 -1.7755611 -0.63493174 0.50608695 0.66494834 0.21781118 0.33796066 0.24890245 -0.69186956 -0.1987603 0.89464456 -0.969592 0.039021175 0.17608082
78 -0.3911878 0.21735315 0.30482766 -0.9586808 0.5322632 -0.78261983 0.07705097 -0.013485015 0.7386956 -0.66043866 0.3712557 -0.29149038 -0.9366048 1.5601344 0.016187608 0.7656763 0.1310812 0.69720787 -1.6928748 0.028391108 0.78182495 2.0656312 0.10369321 0.34287155 -0.32302272 0.899839 0.14508311 -0.45268893 0.34512314 -0.59728295 0.27519596 1.1341016
141 0.40484682 -1.2412847 -0.515139 -1.2601638 -0.38816166 0.5297735 1.0343307 0.12096504 -0.32348722 0.19456403 -0.5042086 -0.35965717 0.09178533 0.39318308 0.19201641 0.5892092 -0.5632296 0.7738647 -0.27321273 0.15349989 1.3765423 0.898768 0.082669586 0.1845536 0.7181357 -0.07933948 -0.8336827 -0.60929054 1.4543477 -0.64262176 0.27261388 -0.3203215
85 0.41838986 0.64080507 -0.7137452 -0.68450016 0.68728983 -1.3510442 0.4869065 -0.7437877 -0.07807964 -0.35653344 -0.35347188 -0.90936834 -0.06672832 -0.6538167 -0.07009182 1.1574903 -0.3819774 -0.11084596 -0.24938089 -1.250927 0.17633039 0.63700753 0.27949813 0.3708933 -0.13371433 0.24469396 -0.38684177 1.0884124 0.3306898 1.0725527 0.8231697 0.82051474
88 0.21323563 -0.84853446 -0.14704345 -1.3525673 0.007885814 -0.5341256 0.7930331 0.18030134 0.06627309 0.13476042 0.27795225 -0.60693306 0.318278 -0.24817258 0.3430215 0.2613295 0.09336285 0.5718713 -1.5357827 0.034226533 0.36353508 0.13425851 0.29204208 -0.3837702 -0.83263224 -0.20530762 -0.9398746 0.44522056 -0.381218 0.010977703 -0.30711573 -1.0345261
96 -0.44594267 -0.4009413 -0.84364784 -1.2691792 0.32016858 -0.85734123 1.4932933 0.04976252 0.2007151 -0.3352467 -0.0026379642 -0.24140508 -0.25414416 -1.6272416 -0.5781943 0.11710047 -0.49008262 0.1809239 1.1767107 -1.2523775 -0.3345571 0.62449527 0.5305209 0.25114706 0.8809519 0.96728075 -0.18038923 0.513851 0.63063025 -0.23840514 0.77835214 0.79980236
75 -0.72993857 -0.62000227 -0.8907355 -1.3654633 0.35037324 -0.7202272 1.2639383 -0.1681506 0.38010055 -0.29241586 0.04782946 -0.38301122 -0.48310754 -1.6838572 -0.40355176 -0.0739883 -0.54403967 0.3964397 1.1280662 -1.1200129 -0.40177083 0.5774091 0.69043756 0.035681423 0.8406139 0.8103925 0.04943816 0.47601122 0.6639955 -0.12466755 0.6429473 0.77435493
148 -0.565702 -0.2917547 0.091462985 -0.8613822 -0.19011481 -0.69166267 1.1901376 -1.2427121 -0.20767494 -0.38961607 0.76410913 -0.5060022 -0.89693534 -1.3431121 0.31039006 -0.73005193 -0.9009248 -0.15883143 0.6136912 -0.68327266 -0.21996109 0.45940396 0.99810463 0.37425888 0.017991705 0.19720782 -0.25703207 -0.48744798 0.44467914 -0.63928115 -0.17957063 0.89677936
62 -0.26813167 -0.20041181 0.25670996 -0.9600287 0.5203961 -1.3522836 1.149925 -0.5002361 -0.5102312 -0.35921708 0.4846399 -0.6842855 -1.5281166 -0.6639599 -0.040137358 -0.58332074 -0.18687738 -0.510699 1.0074728 -0.5581182 -0.11927633 0.42550132 0.0999548 0.5961823 0.66381276 0.61708313 -1.1684873 -0.11337338 -0.2873893 -0.63852465 -0.3709226 0.928904
106 0.34091184 -0.28705108 0.27770284 -0.7018471 0.9356991 -0.81653064 1.2331213 -0.47797754 -1.4517127 -0.74303335 1.3564655 -0.76421696 -1.1798506 -1.2738519 0.5557533 -0.19395858 -0.7943231 -0.5618523 0.28476262 -0.3994309 -0.033100564 -0.014044843 0.76085943 0.71282554 0.5638429 -0.02730153 -1.5978309 -0.12351695 -0.87014514 -1.1322051 -0.63203585 0.3775633
53 0.058715712 -0.22702004 0.35997683 -0.82346725 0.8548181 -0.5803192 1.3788934 -0.5880904 -1.1082915 -0.5223068 1.1896069 -0.8553749 -1.5718421 -0.9894064 0.26272482 -0.7095294 -0.57347316 -0.36543337 0.60758823 -0.25279868 0.06737271 0.07215139 0.5341185 0.498817 0.7380058 0.3191229 -1.2047882 0.05414194 -0.5519594 -1.0482738 -0.46668595 0.7739194
65 -0.3467043 -0.6051058 0.21358998 -0.9831383 0.76074815 -0.37341905 0.66777027 -0.2747732 -0.4748994 -0.35341865 2.1220229 -0.81124634 -1.0357684 -0.3049829 1.0514934 -0.22939725 -1.3407702 -0.9448042 -0.4419624 -0.73317665 -0.1045051 0.039405353 0.8237607 0.6308852 -0.032011032 -0.49077174 -0.7511142 -0.6358544 1.2464224 -1.3949823 -0.28059754 1.0753016
130 0.22751684 -0.38175094 0.2729574 -0.75463295 0.93340236 -0.8405666 1.4326539 -0.31209448 -1.3940237 -0.66248435 1.4188693 -0.7552172 -1.2121704 -1.1296661 0.19624168 -0.01276598 -0.87782514 -0.6876509 0.56939787 -0.6977006 0.3411545 -0.06054979 0.5580487 0.79229516 0.66685647 0.0423046 -1.5953382 -0.05141767 -0.6640023 -1.2849152 -0.578076 0.6061401
149 -0.5244882 0.4042735 0.2271217 -0.8550879 -0.24489823 -0.28413334 1.409369 -0.8975956 0.3262288 -0.37422284 0.66552085 -0.4768276 -1.1523142 -1.5408831 1.0072025 -0.6021329 -0.37743846 -0.6613756 0.22498763 -0.37096342 -0.058496393 0.82160103 0.9760864 0.5249921 0.28078702 -0.21913853 -0.659672 -0.47220978 -0.26845625 -0.6534213 -1.2065945 0.5147331
47 -0.5537303 -0.5056306 0.2747514 -0.97506416 1.0283301 -0.2851787 0.68704724 -0.0010142301 -0.12463505 -0.21581605 2.678585 -0.79563254 -1.0746886 -0.25187996 0.9319774 -0.16384207 -1.1869104 -0.65981597 -0.47569615 -0.7529194 -0.23255846 0.06679636 0.75008005 0.36181372 0.03391514 -0.43735784 -0.92154926 -0.4219816 1.3382565 -1.5376244 -0.17321877 1.0188569
152 -0.59971726 -0.54118913 0.08003598 -0.9738947 0.7476262 -0.18524443 0.5158379 0.05702184 -0.15622716 -0.48101062 2.3099043 -0.60237414 -0.99971074 -0.358256 1.1884048 -0.04852058 -1.2529551 -0.89269096 -0.55642605 -0.5312679 -0.104746565 0.08887266 0.7507081 0.6780739 -0.031394694 -0.51890355 -0.8279535 -0.60761285 1.3802849 -1.295936 -0.35033754 0.9533204
66 -0.29176074 0.48487327 0.28205118 -0.6634476 -0.17691189 -0.4660668 1.7004422 -0.6010917 0.38251036 -0.48200464 0.57128954 -0.5582325 -1.2839614 -1.5452167 1.1485574 -0.23736274 -0.5796035 -1.1187421 0.119619206 -0.3794609 0.039416432 0.91413647 1.2292356 0.7052992 0.37656614 -0.5240511 -0.9482273 -0.34196773 -0.27663338 -0.8455946 -1.4610679 0.43436524
67 -0.17638172 -0.02911855 0.5590657 0.22775374 0.8062004 -0.10237475 -0.31020242 0.483281 -0.43099716 -0.36041495 0.12339137 -1.0931607 -0.42932782 0.81134945 0.82788664 1.1553953 0.13109261 0.9852106 -0.62410617 0.31494933 0.19644679 1.2994105 0.22767034 0.54754186 0.83454365 0.27761376 -0.46858376 0.2977217 -0.050699376 -0.9148809 -0.43375742 1.0991381
68 0.6131081 0.634686 0.45238888 -0.4367411 1.1806847 -0.6687636 0.24545285 -0.6162575 0.4894306 -0.6160254 -0.1505087 -1.0746064 0.74411017 -0.5610486 0.47433653 0.36198398 -0.09565139 0.42265698 -0.5682626 -0.47430682 0.017054884 0.24712843 0.07992502 0.66673225 0.3346977 0.28908274 -0.18082133 0.63006973 0.3269263 0.2471233 0.61744505 1.2210026
70 -0.54156476 0.46106157 0.815774 0.2155662 0.97762436 -0.3467669 0.07288557 -0.35704738 0.5665535 -0.22384813 -0.15109262 -1.3372071 0.47723445 0.0018719978 0.8837228 0.57216114 -0.073020466 0.56227356 -0.5988855 -0.18797019 0.17047441 0.89067286 0.090965755 0.4971926 0.54208547 0.78322864 -0.5196532 0.24186096 -0.75961363 -0.3740406 -0.025880668 1.126186
107 0.8947717 0.619278 0.5175244 -0.84314877 0.96899956 -0.7544955 0.2796019 -0.48705956 0.61525893 -0.5990678 -0.17491129 -0.983254 0.9360687 -0.47684196 0.9664362 0.11716147 -0.21529509 0.67505807 -0.6364467 -0.29275286 0.03039325 0.20039436 0.11039492 0.6085571 0.3839934 0.44620663 0.0075445343 0.5177961 0.18362954 0.084420644 0.4221998 1.5580671
109 -0.1765751 0.07403951 0.72428614 0.30232525 0.98883 -0.08562795 -0.079149134 0.43557876 -0.28399685 -0.2746385 0.24502422 -1.0768358 -0.5541518 0.89599615 0.5381299 1.2409272 0.2804269 0.921973 -0.46664327 0.015396596 0.32043228 1.2227141 0.20083727 0.5922521 1.0180194 0.38635203 -0.7947134 0.66266966 -0.33524144 -0.8973178 -0.446113 0.99872947
110 0.92919874 0.15692206 -0.8443596 -1.3674722 0.45694572 -0.64542323 0.7268072 -0.11137376 1.1618575 -0.05655809 0.03832174 -0.2881475 0.53178954 -1.0134596 0.47745144 -0.5704657 0.5072346 0.54482937 0.1476388 -0.6930626 -0.53080654 0.65364826 0.24285668 0.8499905 0.68328303 0.73497194 0.66531533 0.23165981 0.548875 -0.3204944 0.21856885 1.4392997
111 0.91068125 0.74217445 0.52063423 -0.73603296 1.267356 -0.64423335 0.16427505 -0.6248042 0.6599263 -0.3995008 -0.2049115 -1.1725926 0.76625216 -0.47841388 0.5075732 0.09586627 0.04554572 0.30839977 -0.67898196 -0.2829289 0.055462 0.3211156 0.08774193 0.9759658 0.6102022 0.32592878 0.059941497 0.33614892 0.2410947 0.023529703 0.42152748 1.0981723
112 0.23603009 0.72221875 0.8587205 -0.23682858 1.048192 -0.604213 0.23540393 -0.5741625 0.747233 -0.38308752 -0.1947863 -0.914484 0.745278 -0.19960186 0.58898336 0.5611241 -0.17349699 0.6358427 -0.5711386 -0.29697815 0.16580123 0.4389637 0.41252077 0.62338054 0.6894099 0.495577 -0.19658875 0.3589608 -0.27971536 -0.1542045 0.3640112 1.1183435
113 0.006596916 0.6447464 0.6530814 -0.18148458 1.0974278 -0.5090405 -0.06885279 -0.4686326 0.58726215 -0.31820762 0.14301729 -1.1235228 0.66677266 0.016812148 0.80548537 0.5534425 -0.21498373 0.5699934 -0.7003691 -0.14398459 0.0078748055 0.562148 0.5326541 0.59512657 0.6650033 0.41153526 -0.26248762 0.29115263 -0.45559716 -0.14036332 0.44639504 1.0976456
114 0.9881057 0.6127217 0.2911991 -0.8013676 1.1604037 -0.71182907 0.35306272 -0.61422235 0.61493194 -0.74893224 -0.29529488 -0.9550991 0.85831064 -0.7186356 0.58083457 0.26168263 0.003486237 0.4137265 -0.59691983 -0.20561919 0.06860573 0.24101098 0.19989376 0.86597276 0.638216 0.104862824 0.1966571 0.3085807 0.4560331 0.015705712 0.64451593 1.5507346
115 1.047948 0.40858316 -0.017232126 -1.0516186 1.1837673 -0.4094082 0.43004996 -0.36902595 0.8532414 -0.45726952 -0.03734179 -0.90939075 0.47835687 -0.9224511 0.37877724 -0.21198654 0.33212993 0.8247813 -0.35454598 -0.29270396 -0.16827619 0.280418 0.17078903 0.6704902 0.6568302 0.5631201 0.6480437 0.53980225 0.40250364 -0.08082154 0.23569427 1.6436881
116 -0.6880547 0.37344238 0.81860155 0.0763567 1.0552547 0.012044632 0.006684624 0.004908665 0.14107902 -0.31794435 0.15078734 -0.91198546 0.22778125 0.4519362 0.6904142 0.9036181 0.19194736 1.1173846 -0.56619257 -0.018952897 0.055304695 1.0640274 0.06490953 0.5638166 0.7746235 0.7415942 -0.6239976 0.15431362 -0.45408714 -0.38615078 -0.27233037 1.2751552
117 -0.2828059 0.48665887 0.84669155 0.16476336 1.1030043 -0.45061526 0.23013197 -0.44448617 0.35791415 -0.41773573 -0.067041874 -0.94140285 0.4943082 0.11933267 0.92257583 0.73751223 -0.05772714 0.8246168 -0.54294217 -0.109854266 0.21270761 0.83519113 0.16970205 0.5893962 0.7715428 0.6558095 -0.5152888 0.21967807 -0.9067741 -0.43089998 0.09656452 1.0295335
118 0.9265691 0.2024449 0.027921349 -0.72098345 0.9091401 -0.549469 0.42102993 -0.3268911 0.8164831 -0.5103913 -0.23433498 -0.7785035 0.4679377 -0.89794713 0.2217552 -0.09497225 0.41578346 0.47058877 -0.17761895 -0.22567375 -0.25752553 0.31838542 0.10227469 0.75413203 0.52528435 0.22046909 0.4191642 0.37635425 0.34772196 -0.27651614 0.5063857 1.3883637
119 -0.40759724 0.6134835 0.8352114 0.0794283 1.1779736 -0.3978632 0.14540552 -0.6751048 0.36550894 -0.2878805 0.2043162 -1.1567665 0.7141812 0.14317511 0.8511366 0.35839516 -0.1226505 0.8148345 -0.5127912 -0.24949642 0.23302315 0.92093223 0.2303014 0.6572141 0.49187002 0.89032173 -0.52473384 0.09658138 -1.0302541 -0.18737082 0.16348605 1.0794561
120 1.0124668 0.02041803 -0.6460636 -1.4134524 0.5808007 -0.8201339 0.72984517 -0.12637359 1.1159029 -0.5418364 0.19627821 -0.09608511 0.65421104 -0.90047604 0.62982035 -0.24925652 0.33921987 0.72177577 0.064580694 -0.43881375 -0.5457761 0.6079942 0.030787997 1.009897 0.50185215 0.69944805 0.61332834 0.40900034 0.27964255 -0.34946337 0.5620947 1.4036765
121 0.5861573 0.5105215 0.5482753 -0.46941543 1.3420929 -0.58315796 0.2054986 -0.45854995 0.74076295 -0.5100094 -0.116787806 -1.0265579 0.87499386 -0.5314773 0.5255135 0.37249586 -0.09944232 0.5053986 -0.4747126 -0.45092463 -0.0048001218 0.2646555 0.13042071 0.78818387 0.5647601 0.30405203 -0.1314241 0.38946342 0.3082977 -0.029467415 0.37472025 1.3523952
122 1.0867647 0.44210654 0.25537246 -0.8922439 1.0443424 -0.47279146 0.5123363 -0.41955963 0.75004655 -0.55195904 -0.15443127 -0.82481205 0.7126568 -0.731611 0.45369306 -0.06029951 0.15276827 0.53473073 -0.5441588 -0.5055858 -0.1180598 0.38191134 0.19186133 0.7476468 0.59049034 0.18130805 0.4038879 0.25540298 0.5759153 -0.13127732 0.49302602 1.6082134
123 -0.4444233 0.6407556 0.89022255 -0.07967261 1.2204459 -0.36732808 0.12474211 -0.5680995 0.50997424 -0.22678098 0.07275398 -1.0709884 0.7197811 0.18633756 1.030676 0.5552501 -0.12239088 0.7886502 -0.47556213 -0.27036878 0.27203685 0.8872837 0.09232057 0.5931579 0.5799049 0.80464673 -0.616363 0.16089655 -0.859556 -0.23638152 0.08045702 0.9767156
124 -0.71786237 0.42888036 0.9079475 0.12017957 1.3075202 -0.27466172 0.35861787 -0.5176534 0.43595916 -0.11926077 0.17397939 -1.1181391 0.530143 0.40652648 1.1172352 0.5122109 -0.00041334706 0.835628 -0.48035178 0.014642109 0.18644992 0.9195099 0.24888174 0.44961587 0.61445653 0.9138564 -0.3286424 0.25349468 -0.8746085 -0.3153014 0.12418089 1.1255462
151 -0.4305799 0.48781028 -0.0020553987 -0.7220879 0.008735434 -0.19267637 1.5895636 -0.5675123 0.41726148 -0.25087243 0.7951713 -0.61474484 -1.3554678 -1.5146313 0.94048226 -0.06515291 -0.53978693 -1.0196699 0.24001466 -0.6390527 0.20834865 0.94144446 1.2534691 0.64704156 0.51863205 -0.34976637 -0.8855925 -0.55858636 -0.31062543 -0.62076646 -1.3851095 0.53075016
129 -0.5933739 0.3204082 0.5603214 -1.1326927 -0.1626099 -0.4535198 1.2543979 -1.0945636 0.2418566 -0.6135242 0.27054936 -0.39392966 -0.7676757 -1.4862161 0.52841365 -0.720144 -0.2754352 -0.27862614 0.85341984 -0.4129574 -0.32496828 0.6636441 0.54263556 0.27046686 0.13763243 0.43071562 -0.61639315 -0.20937113 0.5092854 -0.6517512 -0.52295256 0.63654846
