1 -0.09671297 -0.43442476 -0.46355343 0.3010524 0.011077027 0.34629384 0.23809749 -0.07745896 -0.16921803 0.98078066 -0.0043532657 -1.2863437 0.28928143 0.49059758 0.82037383 0.49803004 0.28891832 0.16006637 -0.47379476 0.25832787 0.28787187 0.62212276 -0.005832324 1.1074239 0.7045108 1.0365194 -0.43913394 -0.031101305 0.10392287 0.11622536 0.19256319 1.2595432
2 0.27554265 -0.6744376 -0.41080502 0.102858484 -0.08923122 0.38230434 -0.074683696 -0.6520371 0.050586417 0.9526156 -0.12756498 -1.1908383 0.45873424 -0.037200596 0.5496114 0.51949203 0.4814792 0.14277284 -0.6109974 -0.11179897 0.5663631 0.7215077 0.38728034 1.247812 0.0005669292 1.1984625 -0.2637008 0.502763 0.33265606 0.34105423 -0.0483403 0.65463394
3 0.44558018 -1.1460756 -1.1731944 0.4352717 -0.401811 -0.65864414 0.8641743 -0.34684405 -0.60082686 -0.41347548 0.43152717 -1.0980941 -0.20642878 0.15366572 -0.30571958 -0.6993384 -0.12825933 -0.12307726 0.41135758 0.9472059 -0.2792238 1.2131152 0.29738748 -0.01216125 -0.36500227 -0.85145485 -0.61322844 0.07762947 -0.46926627 -0.50328964 0.073098935 0.48305032
4 0.119719975 -0.33796355 -1.0638486 -0.58592755 0.021838782 -0.68401504 -0.16811375 0.17691681 0.6379575 1.2318144 -0.45913774 -0.7272688 0.13714385 -0.6054898 0.50188047 0.60767424 0.3976352 -0.15443733 -0.09261239 -0.24743286 0.70029473 1.2793998 0.9304302 1.0693643 -0.17370328 0.39045334 0.2692538 0.20564196 0.78834623 -0.39765468 0.21528086 -0.11575551
5 -0.13680989 0.005041199 -0.17670803 -0.88280624 -0.067537636 -1.4024508 -0.020239357 -0.49800435 0.31490427 0.22062363 1.300976 -0.4499268 0.011763252 -0.6222262 -0.15847352 -0.34754547 1.1682782 -0.3303154 0.16565092 0.42184672 1.0686061 0.8098963 0.1904905 0.22266158 -0.14121483 0.0029286724 -0.15287967 -0.0062375423 0.95322466 -1.4114872 -1.1748371 1.3008986
6 -0.21592474 -0.37746593 -0.40414345 0.27970466 -0.26756552 0.35860112 0.3237363 -0.57964784 -0.31560582 1.0303541 0.008292592 -1.2434895 0.6677586 0.272966 0.6912463 0.6641931 0.10825046 0.5277196 -0.680475 0.37008092 0.50644606 0.51099825 -0.4664134 0.9406204 0.13336128 0.6766959 -0.9590672 0.1723753 0.31338456 0.39457995 0.010188905 1.012195
7 0.03141243 -0.57759964 -0.6134676 -0.34416255 -0.11440933 -0.66724306 0.050729897 0.31469867 0.8507495 0.99226296 -0.17040251 -0.31608337 0.43394417 -0.67444724 0.1738559 0.60264796 0.6518315 -0.06407271 0.21685635 0.051548112 0.87131935 1.5868889 1.0576345 1.082893 0.0538145 0.062264085 0.5347139 0.05418627 0.9618242 -0.38885966 0.38656244 -0.025914922
8 -1.4855611 -0.21034747 0.1815291 -0.07664372 0.16174152 -1.2285914 0.2341085 0.3542033 -0.98325735 0.27014983 0.63121283 -0.7573539 -0.01373019 -0.35750923 0.9479364 -0.5893181 0.29567686 -0.21278486 0.14632061 -0.62653106 0.5550774 0.17722079 1.0815744 -0.59617275 0.67255664 -0.028503787 -1.0445641 0.90214163 0.24291289 1.1962724 0.034896076 0.27439287
9 0.6114125 -0.68890023 -0.7293553 -0.06582354 -0.101908386 0.13682878 -0.044530574 -0.0633122 0.3756236 0.53197855 -0.47176585 -1.110357 -0.2727899 -0.3302617 0.5501894 0.7404877 0.44250193 -0.015469899 -0.16838548 -0.4063619 0.7389616 0.7832996 0.19523394 1.0709667 -0.0539033 1.2551373 -0.31552953 0.12668197 0.28932378 0.38890493 0.15159911 0.72405976
10 -0.3752019 -0.533891 -0.52584946 0.20552133 -0.34655216 0.24887826 0.28809962 -0.020565087 -0.27035037 1.0248617 -0.28056738 -1.0412254 0.53701127 0.69133806 0.45794183 0.4764985 0.37661687 0.28098878 -0.9302878 0.9131138 -0.19836935 0.84371775 0.03418675 1.369075 0.9787893 0.9713996 -0.8354008 0.11979837 0.048614413 0.17628585 0.3655988 1.008267
11 -0.7882578 -0.023313234 -0.8006112 -0.01617549 -0.8324347 0.29396108 1.1772425 -0.39404914 -0.662532 1.3430642 -0.16353355 -0.6564232 0.2249925 0.49956152 1.3736689 0.8529643 0.21323203 0.5277445 -0.6484297 0.7732348 0.099611424 0.6166312 -0.048294835 1.0178182 0.5084576 0.18516007 -1.6890699 0.053412225 0.6055259 0.8689247 0.55976593 1.1754302
12 -0.38779843 0.16061334 -0.8148118 -0.04528721 -0.30962417 0.367354 0.7984093 -0.045643546 -0.6002826 1.1863425 -0.10623479 -0.99298024 0.28021452 0.43068925 1.1816487 0.6246636 -0.15843728 0.5060632 -0.667922 0.53639656 0.2677793 0.45715153 -0.090324074 0.89063597 0.40771693 0.5056884 -1.304267 -0.14427552 0.44334373 0.41623464 0.7472509 1.1860051
13 -1.4381459 -0.3979145 0.19453928 -0.20763838 0.23052266 -1.272737 0.2446739 0.40135998 -0.8901194 -0.084754646 0.5781975 -0.589668 -0.056027137 -0.29674602 0.77896553 -0.48010033 0.26695517 -0.19882584 0.10891786 -0.41556692 0.43684608 -0.070689864 1.1063392 -0.6026014 0.9701388 0.56921285 -0.90885615 0.9849964 0.33731693 0.99792856 -0.040831808 0.12185287
14 0.36585328 -0.58316684 -0.3773264 0.2439039 -0.15052778 0.28600043 -0.15570831 -0.7104716 0.19710079 0.9533113 -0.19398528 -1.3729454 0.46832868 -0.0857462 0.48307404 0.6616186 0.36359292 0.2593274 -0.7520649 -0.0068133837 0.5845166 0.6762671 0.55359125 1.1709765 0.17356585 1.2207596 -0.31300983 0.59415925 0.6075824 0.29014695 -0.26342985 0.8197144
15 0.21682921 -0.5972819 -0.5128833 0.31368023 -0.047355372 0.12636533 -0.10948523 -0.6860944 0.07138262 0.8259198 -0.19741549 -1.427685 0.4986172 -0.052785918 0.4996097 0.64570576 0.34710985 0.34330383 -0.469365 0.2001701 0.48225817 0.5866288 0.2180282 1.2792941 0.3278493 1.1993182 -0.47744125 0.48249525 0.46160018 0.40435034 -0.17588842 1.076234
16 -1.1608762 -0.0972869 0.0227983 -0.2297656 -0.11377441 -1.1266915 0.11014088 0.64961666 -0.99456984 -0.052512918 0.8153838 -0.57155275 -0.1186778 -0.36506587 0.6243737 -0.49453247 0.38357452 -0.15031503 -0.44442645 -0.76287967 0.1358804 0.35773388 0.56763864 -0.39321715 0.4618466 0.17826608 -0.58131975 0.56788456 0.17516436 0.7484808 -0.1564875 0.19889574
17 0.2279661 -0.27817705 -0.94212216 -0.43925625 0.07281916 -0.78835714 -0.13954458 -0.023188654 0.6681003 1.0048122 -0.4222515 -0.8536129 0.3779921 -0.49123666 0.41407636 0.57329285 0.687141 -0.25558937 -0.0062705525 -0.113844894 0.49242303 1.2146425 1.003296 1.0827774 -0.15818226 0.47337496 0.3171479 0.28611675 0.6223023 -0.23976217 0.3462117 -0.007676481
18 -1.023968 -0.27954975 1.1504802 0.18686002 0.24163854 -1.2789384 -0.8701097 0.2391609 -0.25283438 0.40021288 0.88558996 -0.24027418 -0.29681665 -0.5709595 -1.2520559 -1.1549411 1.2004969 -0.05287551 -1.824312 -0.19137578 0.28926164 1.1944816 0.666897 0.80866635 -0.8581627 -0.1308985 -1.3960035 0.8219164 0.25770238 -0.51216215 0.0947373 0.370623
19 -1.5625001 -0.32181254 -0.09932968 -0.07242264 0.071783096 -1.2548822 0.44555178 0.50105506 -0.82873756 -0.07058943 0.7667616 -0.51885617 -0.067420974 -0.2123421 0.6436278 -0.44585624 0.48780823 -0.25198704 -0.3532205 -0.819191 0.31658128 0.17551626 0.9132538 -0.7835861 0.6642778 0.47502524 -1.0550529 0.9584562 0.26097754 1.0138711 -0.027081823 0.34301528
20 -0.0681737 -0.4745926 0.2328489 -0.98092407 0.2536645 -1.3650107 0.43076196 -0.62483007 -0.07479669 -0.19862467 1.2786081 -0.3538217 -0.007192345 -0.4768529 -0.35421628 -0.006113594 1.2247132 -0.061302826 0.28049168 0.13869102 1.10412 0.58061147 0.19219697 0.40245935 -0.630923 0.30467963 -0.03639949 0.09836948 1.022984 -1.2135621 -0.71844554 1.1952084
21 -0.95710087 -0.46831572 0.0606053 -0.32410255 0.40004426 -0.84309775 0.15370122 0.16423894 -0.9858505 0.14511523 0.24158536 -0.34920254 -0.9090375 -0.03281599 1.1173419 -0.17519398 0.0632631 0.17037351 0.100938044 -0.4332626 0.8870512 -0.05861441 1.1900046 -0.5745537 0.90265155 -0.20397219 -1.0581948 0.49775213 0.33850643 1.0463413 -0.55721784 -0.010382646
22 0.31823066 -0.566271 -0.43759626 0.15260169 -0.0058891107 0.44166857 -0.21633926 -0.9106671 0.061069384 0.9270702 -0.2897847 -1.2477343 0.4114744 -0.17043766 0.73883176 0.30899033 0.5293477 0.16822456 -0.44800472 0.06278299 0.52166724 0.77804494 0.49541762 1.3172883 0.16013442 1.2242783 -0.32451177 0.64344066 0.39095092 0.27543563 -0.11214125 0.9837745
23 -0.61297786 0.16544142 -0.68134755 -0.31496176 -0.58835626 0.25735003 0.93463993 -0.18484955 -0.52916324 1.3852062 0.052417025 -0.8237059 0.4564635 0.49513033 1.4414998 0.8839847 -0.043066762 0.40154806 -0.69477516 0.9479346 0.23914696 0.6943153 -0.11870919 1.0521412 0.6993228 0.43458 -1.321517 0.060139198 0.4577179 0.56784153 0.79364073 1.0250707
24 -0.31040853 -0.2110254 0.018654874 -0.66217065 -0.24233653 -1.4684598 -0.4078644 -0.47348368 0.33940652 0.050658796 1.4150143 -0.55517644 0.3822221 -0.67065567 -0.3331669 -0.8199269 1.000961 -0.7509234 -0.14605261 0.45754442 0.99033993 1.0275263 -0.021205911 0.073028505 -0.26635867 0.22004426 0.018591356 0.2450004 0.7114232 -1.050081 -1.4993422 1.2266698
25 0.24812554 -0.4339826 -0.32270488 0.34678963 -0.04431147 0.24047898 -0.037277706 -0.88645416 -0.15359573 0.9511891 -0.13763903 -1.606941 0.5679675 0.031421043 0.6616614 0.6032571 0.46660712 0.40355796 -0.37817934 0.23358299 0.4579896 0.5776221 0.1571778 1.3083805 0.23661229 1.0336429 -0.4670956 0.4940486 0.36152634 0.23373732 -0.15166157 1.043363
26 -0.17894101 -0.31238696 -0.41858518 0.81054837 0.27729562 0.73544896 0.17130983 0.299519 -0.111326426 0.9887562 -0.22060858 -1.3680617 -0.069851756 0.8051625 1.0139843 -0.0774392 0.09498788 0.36411864 -0.7339764 0.54281163 0.36603296 0.9926656 0.15918964 1.1937294 0.5616931 0.8921027 -0.8651062 -0.38260967 0.049191363 0.031882398 0.2912284 1.2658502
27 -0.33174756 0.049892165 -0.5885235 0.052940384 -0.7322637 0.2681994 0.5328247 -0.31581384 -0.41294208 1.1169409 -0.11589937 -0.8767603 0.38895506 0.33365938 0.88599956 0.63022333 0.045013603 0.596366 -0.96275383 0.85430574 0.006761675 0.63577795 -0.1658971 1.1632873 0.56607854 0.6117858 -1.1950264 0.15351386 0.5148333 0.41656965 0.25532845 1.1893134
28 -0.7971021 -0.08958123 0.75960195 0.043847058 0.12207202 -1.1754223 -0.5474546 -0.028112914 -0.26498717 0.25957742 0.72290194 -0.26418257 -0.25445402 -0.32038203 -0.82742256 -1.1558309 0.9347891 -0.20184374 -1.1965766 -0.17197524 0.42117488 0.6685596 0.1737706 0.36681142 -0.6689163 -0.15840246 -0.8727319 0.56845367 0.23047954 -0.66506284 -0.38652766 0.92394567
29 -0.5539379 -0.2974004 0.3184097 0.046936404 -0.23481 -0.42679554 0.4255399 0.80780447 0.8923718 -0.13721266 0.37971628 -0.7013796 -0.4122189 -0.18780084 -0.1191244 -0.26260054 1.0049698 -0.19537179 -0.3135647 0.22458385 1.4477686 0.61299866 0.03150148 -0.043578476 -1.1680173 0.3060321 -0.17077127 0.053881038 1.0420517 -0.7719504 -0.07384363 0.6736606
30 -0.19288564 -0.9147441 0.75365716 -0.35097203 -0.08848276 0.090217784 -0.0809679 -0.042311426 -0.13440044 0.2498336 -0.59901786 -0.5035606 -0.29997072 -0.1858149 -0.12823029 -0.7739771 -0.7146534 -0.026276965 0.17137976 0.97951883 1.3789597 0.6169109 0.2515292 -0.8320262 0.4409158 0.5930643 -1.5936521 0.82855767 -0.28260636 0.06589949 -0.22345392 -0.8643384
31 -1.3279634 -0.34584805 -0.05246974 -0.37187073 0.053960994 -1.1012164 0.35724705 0.5277963 -1.2336818 -0.027606051 0.8640276 -0.6496108 -0.083723165 -0.09978631 0.790762 -0.58533347 0.5708124 -0.19640476 -0.49220482 -0.9086863 0.3160204 0.3128013 0.8337014 -0.6677377 0.56827945 0.28702128 -0.7181708 0.52646947 0.119482756 1.1160665 -0.11198433 0.14860609
32 -1.3245324 -0.30948135 -0.29113275 -0.1108566 0.034828305 -1.2895403 0.27239493 0.53829724 -1.0910016 -0.16452397 0.7602677 -0.65293354 0.05440587 -0.5784229 0.79794663 -0.60054165 0.56157804 -0.42450544 -0.25604153 -0.8254951 0.07118479 0.27396655 0.8540456 -0.6926066 0.65539193 0.38565376 -0.8566397 0.8743825 0.49915516 1.0203804 -0.20318414 0.45482123
33 -0.53270775 -0.46021962 0.060663603 -0.4202825 0.09871006 -0.5541218 0.51324564 0.034093335 0.8780754 0.63548356 0.03227152 -0.2620162 0.37826478 -0.4173383 0.20642163 0.55131316 1.0542393 -0.037909023 0.14961636 -0.000750247 0.9403923 1.262452 0.59814644 0.688235 -0.33905527 -0.094880246 0.3053 0.17484805 1.218084 -0.82393813 0.49965608 0.19766283
34 -0.87769777 -0.24031098 1.4029465 0.11860528 0.22156431 -1.3137249 -0.9940276 0.23039536 -0.4872482 0.35646033 1.0044994 -0.34660023 -0.21412691 -0.49289486 -1.104526 -1.2490679 1.3782976 -0.2223735 -1.6788714 -0.05331758 0.35329047 0.9807099 0.8224333 0.7465559 -0.64625496 0.005559202 -1.1970056 0.8703281 0.1916858 -0.368179 0.22808374 0.55224425
35 0.13572076 -0.13444272 -0.44720218 0.1006562 -0.21109393 0.5998731 0.42726496 -0.7822116 -0.33730116 1.0765145 0.26681328 -1.2219987 0.612796 0.3409194 0.721137 0.49679706 0.2841298 0.5642254 -0.67514294 0.16961472 0.6267486 0.36612847 -0.018098911 0.997265 0.43956566 0.95878536 -0.8906866 0.4713629 0.15298967 0.0718348 0.22526173 1.0580745
36 -1.5212656 -0.46027845 -0.09647628 -0.11085364 -0.14929059 -1.0614952 0.41670856 0.342036 -0.7856411 0.08133662 0.8770808 -0.46851712 -0.07228328 -0.40217116 0.6467517 -0.47242078 0.29206875 -0.43486202 -0.3856425 -0.8834974 0.36851937 0.18975331 1.1946664 -0.7352999 0.8019033 0.38623777 -1.0796264 0.84217536 0.39864394 1.2256852 -0.38736853 0.2992339
37 0.075870775 -0.47568503 -0.008039864 -0.98794514 0.16447395 -1.4588059 0.19973528 -0.6359103 0.10797938 -0.088814765 1.3810759 -0.34771952 -0.21676016 -0.4258088 -0.47805098 -0.06284438 1.1951565 -0.05502912 0.23109186 0.12012813 1.1815132 0.73581964 0.12913671 0.41864666 -0.5694791 -0.007818931 -0.33005285 0.25206667 0.8891484 -1.3498245 -0.7849952 1.2413887
38 0.41123196 -0.27619153 0.11148931 0.28458542 -0.15127026 -0.55720747 1.0065387 -0.28752485 -0.82228506 -0.5649236 -0.3543377 -0.31765172 0.043358304 -0.66214895 0.08354078 -0.16244157 -0.5190952 0.36202884 0.0032126796 1.1881167 0.14959331 0.8119428 0.79919976 -0.9159281 -0.32394692 0.37447253 -0.73190117 0.014597742 -0.16634458 -0.6258663 -0.3718726 0.24057272
39 -0.12516469 -0.7420925 0.07727911 -0.8854884 0.07862345 -1.1101079 0.6394289 -0.14637448 0.3015784 0.4257295 0.3684837 -0.16388014 -0.21199873 -0.10278777 -0.12658781 0.2515679 1.2094853 0.724033 0.26980373 0.17601228 1.200791 0.44222167 0.14788677 1.1340575 -0.9780536 0.16362083 -0.09282911 0.023554357 1.5187192 -1.1293043 -0.037213 0.39281836
40 0.10371307 -0.8469401 -0.9292446 -0.5518747 0.5382702 -0.33934626 -0.20287262 0.2581861 0.31981626 0.9526546 -0.322334 -0.60822403 -0.28948972 -0.2959733 -0.17482126 0.83731866 0.11469223 -0.26092294 -0.27023405 -0.2716565 0.6104145 0.8806066 0.703966 1.0780426 -0.032789834 1.005104 -0.18711002 0.012532188 0.23795657 -0.040708523 0.24760002 0.17002311
41 0.11286538 -0.4424555 -0.63666254 -0.42604724 0.1752389 -0.19616763 -0.21384282 -0.46936658 0.5668372 0.8745437 -0.3908772 -1.0247527 0.07074892 -0.47620228 0.6424101 0.67563367 0.30446157 -0.37687427 0.0281625 -0.19301397 0.50978947 1.1224104 0.6734672 1.1757252 -0.10027788 0.7039739 0.067435704 0.4613525 0.50092006 0.10329207 0.33862326 0.4159439
54 0.2790711 -0.5381589 -0.7265954 -0.19617984 -0.07018979 0.015352702 -0.10484714 -0.46411481 0.18848996 0.9880625 -0.2907844 -1.0651156 0.35363808 -0.3631041 0.6175421 0.42376995 0.3512817 -0.032429993 -0.21112531 -0.14964582 0.6377826 0.8887891 0.6362193 1.3461044 0.0022000878 1.0266488 0.048632473 0.3246765 0.52051586 0.35288802 0.015346893 0.53736717
55 -0.17107627 -0.6533462 -0.58318114 0.086602755 -0.35697898 0.44129002 -0.04106067 -0.094819926 -0.15505855 1.039275 -0.26334846 -0.8752986 0.33788642 0.46603832 0.30075783 0.007921809 0.31011236 0.16896111 -0.94953674 0.6706559 -0.119714215 0.9955371 0.08083776 1.392312 0.84408057 1.2154472 -0.4932386 0.1260522 0.30903044 0.24636273 0.1547293 1.0314378
58 -0.30504283 -0.47588912 -0.38151276 0.1040602 -0.5272508 0.23957586 0.10418157 -0.092377625 -0.2802137 1.0429873 0.056648344 -1.2199428 0.5558999 0.6846273 0.5400307 0.26388523 0.34050623 0.19017759 -0.9378071 0.9826946 -0.15885286 0.8775523 0.007807835 1.5554988 0.9040605 1.0799334 -0.44299808 0.0002625191 0.0569626 0.20819558 0.32741925 1.1036034
59 0.22248517 -0.6726966 -0.50301164 -0.1714075 -0.038583763 0.36023596 0.119063236 -0.12775107 0.083569095 0.46327952 -0.33324486 -0.90177155 0.09945114 0.06559496 0.669949 0.39076236 0.18392526 -0.03888731 -0.7146848 0.09790937 0.24563715 0.9541063 0.19479361 1.1208944 0.15262772 1.389407 -0.10484657 0.109142505 0.16378464 0.4225475 0.1125022 0.7415638
60 -0.34304616 -0.38597757 -0.010365319 -0.36273083 -0.14729047 -0.19538589 0.7551318 0.313249 1.0943341 0.41987848 0.6220365 -0.2357148 0.1636709 -0.3419128 -0.04580472 -0.047475275 1.144963 -0.1713211 0.2482743 0.012944957 1.0718263 1.0394512 0.3499598 0.3851289 -0.103164345 0.37056664 0.04648419 0.5517952 1.2530271 -1.0175947 0.31644467 0.34234834
61 0.23318945 -0.76531136 -0.53864545 -0.08295858 0.09929691 0.1451918 -0.16943175 -0.7057685 0.112808 1.0281147 -0.24613337 -1.3852093 0.3628298 -0.07063929 0.6290813 0.6610815 0.54477054 -0.10103162 -0.4403264 -0.2815441 0.570965 0.79455405 0.59315825 1.1583583 0.013251513 1.129974 0.0032729765 0.46295005 0.55819994 0.41303018 -0.10270086 0.7145411
83 -0.1305078 -0.6369353 -0.022354802 -0.0062842206 -0.054221176 0.011301063 1.0465782 0.6433815 0.830532 0.086778246 0.6320664 0.088233665 0.27487016 -0.09443258 -0.24274968 0.11116937 1.7073115 0.1212454 0.017434528 -0.036449675 1.3131237 0.9370264 0.34140286 0.06669474 -0.19547094 0.5116021 -0.4385237 0.24697067 1.003056 -0.89248145 0.30795768 0.48177934
84 0.015322272 -0.24604866 -0.45978546 0.7327451 0.050615344 0.74401885 0.23369499 0.29554844 -0.45357615 1.1726319 -0.4134923 -1.6768618 0.014958753 0.7091476 0.9182371 -0.2649594 0.19837399 0.3220517 -0.72439533 0.5007139 0.37629366 0.68385977 0.18241261 1.1066815 0.40843874 0.98315823 -0.8608324 -0.7015936 0.044426005 -0.051460277 0.4940743 1.4926708
86 -0.12290615 -0.1663214 0.20191053 -0.15180646 -0.14636691 -0.17491221 0.85853195 0.45141143 0.8603673 0.40040478 0.6147506 -0.1990133 -0.30300036 -0.27459246 -0.0107056415 -0.25534913 1.4621394 -0.2744951 0.091749385 0.19512908 1.1911311 0.747839 0.3347956 0.27580872 -0.8283315 0.6277233 -0.217299 0.24383494 0.961985 -0.9019126 0.38797835 0.50409174
94 0.78620344 -0.5722121 -1.2269298 -0.40661007 -0.25837842 -0.22166713 -0.13555376 0.1472821 0.5961344 0.53324735 -0.4169105 -0.56132567 -0.34691906 -0.4930226 0.47832552 0.61961955 0.667068 0.08238455 -0.19996248 -0.4303853 0.6550512 1.0994992 0.5594945 1.199278 -0.19759764 1.1355712 -0.2750866 0.15672135 0.6375317 0.011350942 0.14266343 0.014909253
95 -0.12177575 -0.15197618 -0.23710011 -0.046150524 0.19717287 0.09769282 0.8850534 0.5056952 0.84939504 0.19159868 0.65718335 0.16290677 0.0015330547 -0.2762003 -0.13415343 0.17124964 1.6876761 0.049179997 0.16350284 0.29121715 1.0842843 1.0655413 0.6031412 0.3014646 0.06343634 0.48569843 -0.658191 0.020200072 1.0330054 -0.9355868 0.39971325 0.0015857017
105 -0.31812862 -0.060262818 0.60133916 0.019505128 -0.12937579 -0.6499174 0.2626127 0.75109094 0.88148016 0.13101888 0.44488698 -0.4870748 -0.4499618 -0.39979362 0.04423134 -0.76138127 1.066813 -0.3878587 -0.3905533 0.72160983 1.1147038 0.90070194 -0.12328344 0.047539372 -1.2351172 0.40844858 -0.34693167 0.1274195 0.84780145 -0.6217063 0.2792696 0.9449478
128 0.010099761 -0.25388908 -0.14821887 -0.046621904 0.060377732 0.03943737 1.1387513 0.54381704 0.951655 0.17984846 0.68845433 0.14337021 -0.094958864 -0.31958753 -0.16893707 0.17851603 1.6335901 0.11400749 0.07418371 0.01649606 1.4459151 0.939655 0.34281978 0.20782277 -0.11601386 0.5866965 -0.532075 0.54102886 1.0295289 -1.2028564 0.22568706 0.6285054
135 -0.15025142 -0.7683255 0.7258556 0.073704205 -0.0016522087 -0.460736 0.44501945 -0.59917885 -0.35331792 -0.28663534 -0.476847 -0.5320471 0.41163334 -0.3745998 0.3214466 -0.79010355 -0.4767879 0.23659046 0.5484502 1.5453535 0.7361122 0.9515798 0.21522675 -0.4885607 -0.051121466 0.35570446 -1.0026437 0.702331 -0.16713825 -0.17206107 -0.44620022 -0.86801225
136 -0.63269556 0.39889777 0.63278455 -0.058323093 -0.2726658 -0.64359105 -0.14968185 0.8282931 0.2569379 0.08604815 0.38211057 -0.7334305 -0.5180348 -0.46039382 -0.100753434 -0.7399111 0.7593124 -0.31856564 -0.72459453 0.24744917 0.9517394 0.6337835 -0.18583778 -0.006181085 -0.94853085 0.15692548 -0.4301204 0.002684391 0.36748013 -0.5962308 0.0993428 0.85599184
137 0.66219234 -0.6646085 0.37212336 -0.092540994 -0.014262632 -0.9864875 1.022919 0.13151899 -1.3079339 -0.9032571 -0.17769738 -0.8638815 -0.5099119 -0.6059974 -0.1419844 -0.07449487 -0.577064 -0.08504029 0.07833786 1.5755318 0.0455262 0.5273555 1.5348401 -0.68213975 -0.5538202 0.6303532 -0.39299875 -0.61480844 -0.22373122 -0.483361 0.45771828 0.7770454
50 -0.40426737 -0.5378963 0.53584266 -0.81131214 0.08857501 -0.4127434 0.42103615 -0.34128374 0.3054003 0.39619642 0.46903187 -0.5679235 0.02695081 -0.20628315 -0.1970876 -0.1878489 1.3521307 0.34497988 0.10042169 0.18860747 1.1092274 0.66738564 0.29056582 1.1540604 -0.8911292 0.22854038 0.11493732 0.1353183 1.6014353 -1.1642517 0.15170479 0.06588481
51 0.39783958 -0.4899254 -0.49611294 0.26069626 -0.115002364 0.22391333 -0.22264875 -0.22222224 0.15260889 0.80048305 -0.49140027 -1.1068164 0.06252963 -0.3651571 0.7020126 0.6242479 0.3704193 0.12409083 -0.20346652 -0.049625218 0.45957556 1.07458 0.33704913 1.2200238 0.26503864 0.9700439 -0.2868487 0.080468275 0.4452774 0.3534629 0.056216184 0.5020408
56 -0.28409058 0.15026161 -0.70320654 0.04381476 -0.4964126 0.43642288 0.543288 -0.03795699 -0.46945414 1.116153 -0.021227395 -0.94668907 0.051269438 0.2416762 1.0039476 0.6223445 -0.05962224 0.4237801 -0.8377749 0.58767176 0.23062776 0.6172019 -0.20108657 0.96558404 0.6158485 0.5118054 -1.3453429 -0.12868956 0.3195692 0.3588683 0.28564683 1.2573766
63 -0.94357145 0.6214371 0.34929606 -0.16595142 -0.29633215 -1.2731503 -0.031156454 1.5034027 -0.47159874 -0.37374938 1.1223645 -0.79986966 -0.3278945 -0.41278446 1.0193232 0.0077884654 0.20839272 0.10328782 -1.120627 -0.29557875 0.1985143 0.6135741 0.091062486 -0.1448966 0.31036454 -0.110916205 -0.7871146 0.8406373 0.50973916 -0.31927428 -0.19624022 0.091952346
64 -0.21856338 -0.118778914 0.38807058 -0.07894449 -0.29724303 -0.09464845 0.7145913 0.52969766 0.89367765 0.23681593 0.6213923 -0.3917239 -0.3528137 -0.37287715 0.14613244 -0.26504517 1.325213 -0.23553362 -0.12677875 0.27720815 1.3628026 0.87740976 0.1504492 0.1414072 -1.116932 0.35176802 -0.30147484 0.09288948 1.0443683 -0.7605994 0.13690105 0.37040988
73 -0.21917969 -0.23004675 0.13942653 0.056775223 0.032433916 -0.23403339 0.6356082 0.5936293 0.8328816 0.04914843 0.68310356 -0.41932017 -0.42816558 -0.27606353 -0.08171887 -0.056293026 1.416922 -0.18356644 0.2276948 0.33642536 1.27651 0.68103236 0.18357173 0.24546984 -0.7648035 0.5748379 -0.24810335 0.24772269 0.87489694 -0.7978223 0.22547044 0.5083784
74 0.13154502 -0.62746334 -0.69415295 -0.30831316 -0.25563288 -0.007311072 0.45570138 0.4695903 0.7420197 0.9425001 -0.24375825 -0.09742015 -0.22811432 -0.37269923 -0.46929303 -0.33540958 1.2549912 -0.08829564 0.14469762 -0.6028718 1.1943879 0.95725214 1.2791644 0.7556699 -0.3453828 0.5508671 -0.38915467 -0.31276667 0.78011245 -0.67237157 0.7503766 0.22800262
77 -0.5319442 -0.13970698 -0.7756762 0.24103943 -0.017974364 0.560193 0.5434383 -0.10760997 -0.55852884 1.1389731 0.032526337 -0.9680665 0.12424266 0.36789158 0.6529415 0.42959294 0.017119596 0.37717077 -0.6307227 0.50758153 0.17187452 0.54150176 -0.23585397 1.1142172 0.3582652 0.74929374 -1.312369 -0.44260228 0.47047985 0.37739107 0.18013005 0.9400208
81 -0.49034122 -0.25277102 0.65875673 0.07567387 -0.38016018 -0.329904 0.4970182 0.66109365 0.9677056 -0.062702164 0.39082748 -0.48749027 -0.49320737 -0.37729052 -0.1835861 -0.44513613 1.1039416 -0.47643003 -0.5053294 0.41549322 1.36916 0.7539009 0.17252308 -0.07122528 -1.2400478 0.33810812 -0.35329673 -0.0882588 1.0441086 -0.37053153 0.0649398 0.7812588
89 0.82181484 -0.5320988 -1.0926225 -0.17842723 -0.2430595 0.19270049 0.022156546 0.077927105 0.6107648 0.40935966 -0.3345474 -0.38936496 -0.49589217 -0.5484426 0.4159106 0.25966823 0.866381 -0.07136475 -0.16659003 -0.32712322 0.85152715 1.1316261 0.58370906 1.1063569 -0.29538846 1.2101266 -0.46220413 -0.15278573 0.50696325 0.27240092 0.29842022 0.19667043
97 -0.40309462 -0.44111627 -0.7610697 0.7614413 0.50565237 0.7414259 0.2436734 0.026085835 -0.46284857 1.1313409 -0.3178551 -1.0048854 -0.5710582 -0.2948617 0.25487474 0.46873143 -0.18359564 0.16264598 -0.57490605 0.13230354 0.28535554 0.7946646 0.3067323 1.4318459 0.40640497 1.2262942 -1.0938014 -0.69783 0.27097142 0.1988113 -0.26430902 0.97897327
99 -0.29610693 -0.014013582 -0.8470274 0.74608225 0.2981055 0.7333547 0.30826616 0.22152784 -0.24249399 1.1083127 -0.031129787 -1.0317147 -0.41636974 0.0025290619 0.61678535 0.3920869 0.1108205 0.1774477 -0.741996 0.4890914 0.2762049 0.8372074 0.34588537 1.4594579 0.31484956 1.1832433 -1.1819793 -0.6628549 0.31428066 0.47670147 -0.21658885 1.1185558
103 0.14638269 -1.0135407 1.004402 -0.21500395 0.13715151 0.0052781086 0.80489504 -0.13159229 0.0010056599 -1.0564462 -0.5731677 -0.95854676 0.34275964 -0.40805635 0.38663596 -0.5726822 -1.3663669 0.45613968 -0.013611258 1.1797866 0.74549717 1.1886147 0.57639265 -0.44160408 0.3734828 0.5414443 -0.70588404 0.6903316 0.454369 -0.76250744 -0.19880408 -0.58631253
104 -0.58437514 -0.72654444 0.18583481 -0.8430867 -0.051629823 -0.2878769 -0.12732708 -0.18873735 -0.8298744 0.57390916 -0.16541314 -0.62149286 -0.59129345 0.14934145 0.5441826 -0.9648292 -0.4203344 -0.2754794 0.7128639 0.66760737 1.1902338 -0.016342364 0.6046207 -0.43311918 0.6649882 0.10605167 -0.9559667 0.35939464 0.048734758 -0.1648741 -0.80217206 -0.7201431
133 0.7643459 -0.66891795 -1.0262942 -0.20398262 -0.10217805 -0.23789804 0.09141237 0.5478507 0.6077067 0.41101795 -0.45137128 -0.20315208 -0.5270822 -0.5391435 0.08214488 0.29592985 1.1916102 0.19689639 0.03382605 -0.6031533 1.0086099 1.1561732 0.44823638 0.96076185 -0.19594909 1.022259 -0.3890241 0.054520532 0.52797157 -0.3755409 0.51909745 0.11660472
142 -1.0823762 0.56357193 0.45813957 -0.044017095 -0.22371821 -0.9872105 -0.03138907 1.3829398 -0.234347 0.14896314 0.8231517 -0.5675446 -0.3815154 -0.38655454 0.530784 -0.37833032 0.30934307 0.18497801 -1.3152105 -0.3054176 0.48268792 0.84407926 -0.16506174 -0.12312773 -0.25689334 -0.34666553 -0.8394591 0.79159606 0.38320282 -0.43469426 0.11024324 0.37991413
143 -0.8800569 0.6291271 0.4644585 0.17285149 -0.036455866 -1.1073664 -0.09678911 1.6487914 -0.39235485 -0.39693147 1.1644982 -0.9335973 -0.50310284 -0.211188 0.864905 -0.023293145 0.3697582 0.47915477 -1.4193509 -0.4366482 0.34444502 0.70491254 -0.017952932 -0.06931666 0.09706008 -0.16750598 -1.1337769 0.837121 0.36912525 -0.54513794 -0.4538529 0.20154424
147 1.052401 -0.59381896 0.7399361 0.21854275 -0.2051372 -0.57888013 0.8368855 -0.027783526 -1.388384 -0.91635585 -0.1432106 -1.2926952 -0.5500782 -0.7128107 0.05082762 -0.62418646 -0.3803731 -0.15696803 0.13125567 1.3432599 0.108370245 0.5136737 1.7185212 -0.6347743 -0.6724074 0.599216 -0.45867047 -0.5490292 -0.35457444 -0.42794967 0.96629226 0.94641685
57 -0.97930413 0.16114706 0.2421756 -0.045217905 -0.30127612 -0.8958868 0.088617526 1.1224036 -0.5061606 -0.40576932 0.8128987 -0.93026453 -0.1943722 -0.12593997 0.7493678 -0.34902656 0.18159693 0.12830642 -0.7692812 -0.6309656 0.061642475 0.41193005 0.009244843 -0.33177572 0.49098533 0.049595103 -0.75640297 0.67893744 0.36133972 0.03419775 -0.16039808 0.04024291
72 0.6535255 -0.63300824 0.27985647 0.011138036 -0.033120062 -1.1668559 1.1246895 0.16490361 -1.1407775 -1.0726881 -0.14146982 -0.7401887 -0.5302224 -0.59272194 0.0091306 0.07158929 -0.38330927 -0.102905504 0.19468714 1.6006119 -0.045435555 0.60416806 1.4118896 -0.67892945 -0.49774057 0.4273227 -0.45252252 -0.3191112 -0.31137967 -0.2733237 0.65602034 0.9638592
127 -1.0709592 -0.60575 -0.03553895 -0.9247141 -0.27824977 -0.43811664 0.18639418 0.43659204 -0.83282936 0.7884022 -0.13342887 -0.74853235 -0.8904941 0.33920565 0.5170305 -0.96241784 -0.24066393 -0.47053188 0.73229325 0.46564302 1.0030864 -0.33580568 0.8527899 -0.4611497 0.54009455 0.1896282 -0.95057124 -0.2734746 0.18259224 -0.0080249235 -0.4049462 -0.6617475
43 -0.5334003 -0.23571406 0.17523871 -0.44630292 0.014184871 -0.67419183 -0.070270725 0.08612213 -0.9587255 0.34512535 -0.05047063 -0.6425131 -0.8987601 0.01632131 1.0331514 -0.5128669 0.29751956 0.066293344 0.5353886 -0.16089831 1.0620475 -0.22447671 1.1397285 -0.48843428 0.7457147 -0.21259212 -1.0506892 0.4109403 0.14269389 0.8746023 -0.41314945 -0.294158
44 -1.1923853 -0.18246329 0.20828907 0.14140913 -0.584852 -0.7982679 -0.04798301 0.6483891 -0.54494107 -0.21805382 0.60461235 -0.3213806 -0.90532213 -0.6879344 0.5289664 -0.38527125 0.004778542 -0.5834295 0.12043862 -0.34719554 0.053188115 0.25288886 0.61042374 -0.12046319 0.8545627 0.6058323 -0.78769183 0.35220814 0.0529104 0.28156948 -0.40780368 -0.066890396
45 0.2253768 -0.16057801 0.82158405 -0.8123442 -0.81063515 -0.37179047 0.33099163 0.46261522 -0.87065387 0.77170396 -0.7484646 -0.13384 -0.7785398 -0.27666152 1.0830345 0.2573705 -0.15352616 0.16863395 -0.4336959 0.5529561 1.59106 0.42262682 0.82290685 -0.5648168 0.81083286 -0.5108034 -0.9315953 0.89789313 -1.1401818 -0.6645822 -0.6628717 -0.09703086
46 -1.063789 0.16141574 0.40569615 0.049221165 -0.6503072 -1.0707662 -0.12227375 0.5913183 -0.8504982 -0.16251814 0.6746354 -0.5557663 -0.29860646 -0.41085595 0.19065733 -0.8878974 0.5238861 0.032478824 -0.8395993 -0.53930086 -0.34911975 0.48203072 0.31170014 0.061270427 0.2716048 0.46488696 -0.58404833 0.11296466 0.3502738 -0.059939772 -0.060848378 0.15115
100 0.24261586 -0.8350915 0.29410166 0.17777032 -0.6136626 -0.057488807 1.5955111 -0.23067819 -1.0294622 -0.017139368 -0.935988 -0.063777246 0.80813104 -0.6846565 0.69807386 -0.038415875 -0.5398485 0.47159705 -0.81034595 0.54515934 0.7048534 1.219938 0.8389351 -1.1656963 -0.19967109 0.7303308 -0.5636532 0.45681372 -0.52878857 -0.5264032 -1.1189426 -0.19173591
101 -0.07742102 -0.5887121 0.6493236 -0.32564032 -0.76571155 -0.23828067 0.8102997 -0.011648135 -0.58553207 0.74552137 -1.0920151 0.27427232 -0.12446699 -0.32133535 0.69625974 -0.09324594 -0.36426237 0.26272285 -0.6754391 0.5821834 1.2878476 0.65915555 0.7840709 -0.9048189 0.2821833 0.03404563 -1.0183953 1.251067 -0.8748902 -0.6397004 -0.67645395 -0.45427293
102 -0.014970484 -0.2514763 0.8678184 -1.0208853 -1.2517476 -0.47222996 0.32807627 0.48404735 -0.80766445 0.95652056 -0.7278312 -0.04291709 -0.68071324 -0.3443224 1.2358494 0.19712925 -0.20660627 -0.008306187 -0.39450437 0.58865845 1.4224923 0.42797217 0.784036 -0.5077258 0.91175485 -0.84703285 -0.78604764 0.9974432 -0.90750086 -0.591899 -0.2613288 -0.14398721
125 0.13046695 -0.7139732 0.65846944 -0.2247704 -0.67973644 -0.06582526 1.2311885 -0.21129188 -1.0381495 0.43748838 -1.0834647 -0.11047393 0.28420162 -0.47414118 0.89888847 -0.1529135 -0.46438655 0.2186458 -0.5150051 0.54984623 1.179483 0.75101304 0.7984405 -0.9621326 -0.21673465 0.49464646 -0.68601453 0.6773106 -0.8269103 -0.5202171 -0.5153253 -0.53746873
126 1.0229665 -0.8247273 -0.6143521 0.58683246 -0.0034928771 -0.105498314 1.0311981 0.18877958 -0.43432096 -0.76859844 0.59303933 -0.8218672 -0.8109186 -0.10481406 -0.42172393 -0.22698121 -0.72204316 0.35815036 -0.5661215 0.54960066 -0.07578525 0.94000536 1.4021281 -0.3114066 0.1888131 -0.6822314 -0.9715494 0.3616888 -0.22061159 -0.420558 0.1300823 0.5638526
131 0.91358864 -1.3393437 -0.8699626 0.6913735 -0.018324161 -0.15627167 1.3014225 0.012168189 -0.2290444 -0.49883395 0.7266588 -1.2283852 -0.5328927 0.2105317 -0.50533843 -0.3775238 -0.86856955 0.36959574 -0.51687557 0.51651824 -0.0793845 1.3112142 1.8149198 0.10972622 0.28059208 -1.2505296 -0.8471806 0.6517342 0.012129691 -0.3865028 0.30463013 0.46964544
138 0.8900199 -1.514601 -0.78875697 0.67789096 0.027978785 -0.22328259 1.3343974 -0.2647359 -0.3199896 -0.47639415 0.67842484 -1.4625696 -0.6353289 0.4107989 -0.34047115 -0.4345009 -0.99690145 0.38229468 -0.64193606 0.46400657 -0.18598151 1.2692922 1.6091667 0.3771092 0.11257203 -1.3454293 -0.87154233 0.8083338 -0.11219558 -0.39866567 0.25495887 0.4908381
139 0.17823063 -0.89800596 0.38735804 0.18275385 -0.5879433 -0.21702854 1.3024356 -0.25535706 -0.89933324 -0.05668356 -0.9600168 0.032031197 0.7755634 -0.5433734 0.560549 0.090858184 -0.33980015 0.5229363 -0.6632888 0.7275342 0.6646113 1.1342653 0.6395977 -0.95697725 -0.09998629 0.59237355 -0.70107466 0.5640873 -0.44353056 -0.5013377 -0.8218554 -0.4304649
140 0.20621258 -0.4912208 1.1314814 -0.6343503 -0.1595208 -0.10598646 0.35194045 -0.106514566 -0.34530365 -0.0022190898 -0.8136922 -0.16140693 -0.041091476 -0.48415563 1.0108261 -0.099419974 -0.69011134 0.16948663 -0.025663303 0.84149444 1.3668238 0.7721807 0.25234187 -0.49367726 0.27962422 0.26164216 -1.0306512 0.8801073 -0.32767332 -0.18076518 -0.25011116 -0.46204212
144 0.2769914 -0.645777 0.051021695 -0.00848711 -0.56919193 -0.32646102 1.5680677 -0.27756855 -1.193856 -0.07704645 -0.5613488 -0.14416522 0.91886234 -0.5235386 0.7479437 -0.20927867 -0.43699634 0.47998524 -0.5310226 0.67549866 0.4042016 1.0404304 0.9810455 -1.2012584 -0.019884879 0.71533483 -0.40021855 0.398182 -0.4033399 -0.8408962 -0.9368435 -0.22628415
145 -0.05153889 -0.8484793 0.41251916 0.1497362 -0.6256684 -0.17610927 1.8418542 -0.47115973 -0.98521084 0.0149211 -0.84996855 -0.010972424 0.80614066 -0.6147906 0.7166603 0.15476248 -0.52756315 0.4275333 -0.5906177 0.88015026 0.5843452 1.0808995 0.9822306 -1.0663073 -0.21728608 0.5539649 -0.53628343 0.5854093 -0.41373408 -0.6120909 -0.90072805 -0.39383
150 0.9038744 -1.7782956 -1.2660005 0.08279093 -0.15133016 -0.09464585 1.2152227 -0.15205084 -0.64600015 -0.34035093 0.73065567 -1.3722975 -0.5119753 0.87226355 -0.31946573 -0.6213041 -0.35884753 0.25623465 -0.24885508 0.3299608 0.15285511 0.8878554 0.6526139 0.42976722 -0.52517253 -0.89248455 -0.7489244 0.23982367 -0.32323185 -0.42626554 0.31753105 0.20918714
71 0.27795538 -0.9355308 0.9714477 -0.2598935 0.27021074 0.0047905794 0.5007206 -0.27945104 -0.31668 -0.9759494 -0.4596599 -1.0286477 0.41878578 -0.47064748 0.42262858 -1.0488453 -1.3525133 0.43896723 0.18147402 1.2530384 0.7619001 1.1329063 1.002875 -0.5021964 0.49991032 0.5599828 -0.8231628 0.7131622 0.47097495 -0.66050047 0.14087859 -0.6181211
76 0.3028694 -0.5417859 -0.36880454 -0.38831106 0.1628971 0.037074104 0.723031 0.24912728 0.924841 0.29308057 0.24721059 0.18879418 -0.39224893 -0.1733858 0.044427373 0.07481228 1.2255412 0.019866666 -0.21491991 -0.34630778 1.127042 0.9280093 0.6773399 0.58138376 -0.6278017 0.73924017 -0.52495885 -0.0020802335 0.90687704 -0.3503632 0.43194896 0.11941404
79 -0.7926861 0.78853005 1.1363425 -0.11040457 -0.0687308 -0.8248321 -0.30344185 1.1168518 -0.35063466 0.15438968 0.7769414 -1.4100702 -0.03950373 -0.27873027 0.6288428 -0.27013472 0.9990955 0.12028803 -1.0982523 -0.1945216 0.96895295 0.582148 -0.18525231 0.021078866 -0.6830374 -0.14095491 -0.8079394 0.6974362 0.12585303 -0.25303718 0.23160444 0.25908473
82 -0.5080418 -1.1537699 -1.1243685 -0.58406734 1.0047991 -0.71673435 0.0062118173 0.79334056 0.03533686 1.1291547 -0.24022067 -0.49822372 -0.4308106 -0.05279847 -0.79414827 1.30766 -0.15598749 -0.27376536 -0.6321557 0.118506394 0.55251163 0.80747473 0.9093224 1.3510233 0.42600694 1.7239486 -0.3233473 -0.12344503 0.112233765 -0.06968728 0.090325944 0.33637246
90 -0.5270775 0.6191002 1.0666765 -0.22869626 -0.13349393 -0.47231683 -0.14755437 0.7408586 0.25729328 0.22484909 0.8022205 -1.2810806 -0.0698545 -0.25586107 0.36983046 -0.30573872 1.0542752 -0.38903716 -0.7197921 0.09236076 1.4675355 0.36645675 -0.09080214 0.17310014 -1.1749352 0.14302056 -0.56117827 0.48751938 0.050306756 -0.32855147 -0.2074754 0.48680764
92 -0.5559576 -1.141298 -1.1077063 -0.44889915 0.8935768 -0.5266316 -0.05437935 0.3773582 0.040194165 1.165119 -0.18890639 -0.33892688 -0.45526102 -0.06059441 -0.87067735 0.8181037 -0.16499919 -0.20250432 -0.7657979 0.1445826 0.3892421 0.6678589 0.7600446 1.2094884 0.3104014 1.6757551 -0.5488894 0.011855952 0.42357275 0.14289044 -0.025356427 0.5274708
93 -0.43292627 -1.1878425 -1.0729702 -0.3539687 0.7783785 -0.78261745 -0.13674815 0.75467205 0.38138926 1.2662014 -0.44200963 -0.3594463 -0.4140364 -0.19881104 -1.177809 0.732271 -0.08475161 -0.21014549 -0.5127721 0.118038386 0.6780106 0.7014241 0.88823104 1.1377226 0.15144794 1.3370034 -0.408825 -0.10656485 0.32591414 -0.15027764 0.1242925 0.41743967
98 0.062000863 -0.6877875 0.20830923 -0.096749425 0.032841247 -0.2256777 0.67172194 0.07301388 0.51241755 0.18504924 0.40908763 -0.054211274 -0.57199734 -0.3536855 -0.073946655 -0.2062793 1.3931777 0.27978176 0.26208046 -0.29735914 1.5338964 0.63936865 0.21184601 0.638425 -0.9816857 0.24900362 -0.3926628 0.015694333 1.129162 -0.5147609 0.0409775 0.51598775
132 -0.3098822 -0.33573624 0.40517178 -0.24539398 0.16422999 -0.1774649 0.75032383 0.38320506 0.7325331 -0.012287957 0.7075862 -0.32584786 -0.52868176 -0.26661706 0.008219059 0.032330506 1.1089488 -0.2037773 -0.187003 0.1689173 1.4200662 0.755106 0.13269815 0.24705286 -1.1795588 0.4306744 -0.33178926 -0.0155547755 1.0888623 -0.8067628 -0.042893887 0.5574176
146 1.0285444 -0.79134065 0.5328021 0.21507579 -0.43448272 -0.55873173 0.88618386 0.038169485 -1.1908641 -1.007667 0.18402396 -1.365165 -0.81819373 -0.5497784 -0.28183034 -0.6882595 -0.45089123 -0.24438971 0.11701109 1.4246469 -0.054143727 0.41284022 1.7778 -0.46750572 -0.7086551 0.6105359 -0.42432716 -0.47440496 -0.27263218 -0.35806197 0.78626853 0.820996
48 -0.17779304 -0.7881141 -0.025217697 -0.67233217 0.31877345 -0.46865615 0.27726844 -0.27709973 0.23502299 0.7194535 -0.09747417 -0.17653319 0.024849158 -0.13954449 -0.3481692 -0.1148522 1.2534271 0.40475696 0.25470966 -0.25481987 1.145514 0.66139567 0.70111054 0.98506397 -0.43382955 0.037619554 0.09921523 -0.023826212 1.2652366 -0.8961242 0.37433407 0.46512854
134 0.2704246 -1.2651886 1.1248821 -0.16635087 0.5332734 0.15571864 0.51751304 -0.047478653 -0.13410188 -0.975749 -0.7719719 -0.96868294 0.19058087 -0.3116524 0.48099962 -1.0539742 -1.247172 0.5898538 0.038804784 1.0607225 1.1478982 1.2237893 0.66344094 -0.53025234 0.3376919 0.5150378 -1.1705675 0.8373872 0.3180586 -0.6094988 0.028702725 -0.75456387
80 -1.118919 -1.1836449 -0.41071796 -1.4086611 -0.18954791 -0.63969725 0.40351418 0.14167729 -1.0964414 1.1691504 -0.22809772 -0.4617827 -0.74903476 0.6656776 0.39232793 -1.0568335 -0.16117439 -0.5588315 0.5899281 0.9597575 1.514247 -0.3302152 0.79886025 -0.74416244 0.43716258 0.6283333 -1.4909211 0.064974 -0.104407005 -0.21036658 -0.8249134 -1.000188
85 -1.097541 -1.228947 -0.44663882 -1.5413294 -0.050880585 -0.6141755 0.36733225 0.14847462 -1.1675807 1.0452459 0.08423173 -0.40885684 -0.9610299 0.5491399 0.37988362 -0.93068343 -0.27339637 -0.7037536 0.6126655 0.8448248 1.5437077 -0.29202282 0.85363483 -0.7594366 0.58809 0.65893286 -1.4568211 -0.03375813 0.08036505 -0.23474802 -0.96023643 -0.87928
87 -0.6657094 0.81871235 1.2240068 -0.34203392 -0.15638661 -0.84136415 -0.36952126 1.1153855 0.059721977 0.09411278 0.7796841 -1.3369046 -0.25501928 -0.46913046 0.5022023 0.069812834 1.0751098 -0.15581104 -1.0016818 0.11668902 1.3609914 0.6681858 -0.27800485 0.19019283 -0.8923668 -0.054743327 -1.0114224 0.26607245 0.08663413 -0.5046348 -0.112235144 0.35604736
88 -0.21793456 -0.8332361 -0.77685404 -0.33817875 0.15499729 -0.17485954 0.530838 0.34576154 0.7635125 0.8964296 -0.31004837 0.0969001 -0.18733323 -0.14220329 -0.63657516 -0.5493308 1.0840936 0.07022251 -0.020577721 -0.5262448 1.2405497 0.8359729 1.1517793 0.4935182 -0.34167323 0.61025834 -0.558042 -0.31873837 1.0607185 -0.6029205 0.58552784 0.26879483
91 -0.35042253 -0.9702366 0.847143 -0.85740954 0.11918528 -0.052188173 -0.067356415 -0.36460698 -0.9257927 0.6379308 -0.5426619 -0.8317235 -0.32452768 0.25025162 -0.14861038 -0.5419745 -0.33336785 0.043864824 0.16595352 1.1856493 1.4724802 -0.16228566 0.5085437 -0.54069096 0.19040914 0.4459991 -1.379177 0.75366056 -0.37803426 -0.025102828 -0.19656096 -1.0106547
141 0.17858317 -0.8291786 0.29858312 0.403331 0.109635845 -0.7212358 0.4305025 -1.202943 -0.70202374 -0.5264618 -0.284216 -0.8232043 0.4242599 -0.9687859 0.35056472 -0.47525448 -0.52580315 0.23604889 0.8768229 1.724302 0.41023028 1.6239617 0.1663489 -0.64307266 -0.39507774 0.28344288 -1.2800635 0.44642365 -0.12293232 -0.114331454 -0.69573694 -0.6025058
78 0.30284366 -0.3243347 -0.0040356833 0.89918536 -0.19937728 -0.9175247 1.0016924 -0.50455475 -0.5774034 -0.7240044 -0.60024965 -0.6019176 -0.4691426 -0.8266944 -0.017808354 -0.16749215 -0.58334875 0.17763147 0.28633973 1.7176995 -0.32393107 1.1359441 0.8496255 -0.5881502 -0.6909125 0.004284398 -1.2341913 -0.08970347 0.045446485 -0.20976132 -0.34070066 0.36885697
96 -0.23144571 -0.68306947 0.48176634 0.30852035 0.23876923 -0.8853693 0.932957 -0.86046785 -0.67673725 -0.45252216 -0.35907736 -0.6853909 0.39601317 -0.59418535 0.55077076 -0.22676039 -0.6248399 0.39129022 0.82963467 1.9784073 0.38512662 1.4287585 0.2510922 -0.50449157 -0.4406271 0.23218805 -1.091446 0.36478704 -0.07777897 -0.19413166 -0.45718145 -0.68202454
42 0.9182562 -1.3820586 -0.8451417 0.60214406 0.011289242 -0.20087686 1.0604271 0.092469804 -0.22567543 -0.44984704 0.6752732 -1.3846248 -0.43974087 0.36262736 -0.5144476 -0.6498304 -0.98710155 0.24024308 -0.6347938 0.6441913 -0.18823336 1.3159597 1.5178258 0.25203958 0.2791434 -1.0652186 -0.82920134 0.5786602 -0.16783711 -0.4537605 0.44043392 0.4545101
75 0.40226686 -0.21157974 -0.010836782 0.6280874 -0.13920322 -1.0396553 0.7716305 -0.40339175 -0.5253704 -0.6439052 -0.48836523 -0.7828066 0.048080906 -1.0029485 0.21593292 -0.012813534 -0.36910245 0.42965496 0.59111893 1.9505267 -0.068759665 1.4150884 0.55706763 -0.6300373 -0.41717106 0.03642514 -1.1499135 0.084469244 -0.14434916 -0.65592575 -0.48347917 -0.09747535
148 0.7830303 -0.7577183 -0.38638127 0.46371466 -0.105166286 -0.742815 0.8076333 0.32081473 -0.47751573 -0.98461676 0.43889317 -1.2047998 -0.6269988 -0.11308602 -0.13845207 -0.25199258 -0.572861 -0.1785248 0.14461319 1.2067729 -0.32067212 0.72392774 0.55165136 -0.19105461 -0.47252133 -0.031897206 -0.7023895 0.026348636 -0.55952567 -0.17904122 0.19214222 0.4445442
49 0.35438722 -0.9816471 1.172213 -0.15650943 -0.3111673 -0.17520368 0.5659393 -0.116292916 -0.26476774 -0.59472185 -0.90832305 -0.6316239 0.31529498 -0.5285454 0.5636816 -0.35156733 -0.83762956 0.21031117 0.020424562 1.1164235 0.7093477 1.2805089 0.51658165 -0.50131214 0.31774867 0.19286478 -0.70028067 0.72896516 -0.39795774 -0.46619475 0.09130979 -0.53244185
62 0.09644768 -0.6549657 -0.21038118 -0.32538676 -0.062100146 -0.14925462 1.3159181 0.033661954 -1.0582019 -0.32434863 1.1049166 -0.81001776 -0.23874931 -0.95040363 -0.46909237 0.52273786 -0.8257371 -0.7253275 0.048532948 0.53985494 -0.2864014 1.6566057 0.795944 -0.4700405 -0.22649357 -0.19539964 -0.8592413 -0.06669995 -1.11875 -0.5222438 1.0026518 0.11952336
106 0.13834481 -1.5527928 -1.0670804 0.18518582 -0.17711872 -0.23040512 1.8271942 -0.07388572 -0.98926014 -0.45947868 0.9415546 -1.0984265 -0.44022593 -0.3117391 -0.48165137 0.48044097 -0.064626165 -0.44407788 0.4316753 0.44432732 -0.2742344 1.8722087 -0.062637635 0.14902498 -0.6580607 -0.36710274 -0.9232461 -0.19062544 -1.0096124 -0.51882493 0.7291698 0.0004785858
53 0.06483113 -1.43327 -0.6669313 -0.1376151 0.0632963 -0.123826884 1.7413812 -0.21195433 -1.1413156 -0.43612084 1.2868282 -0.93310064 -0.60874957 -0.48093128 -0.5307336 0.6198035 -0.58425593 -0.63869095 0.17905949 0.36673093 -0.19113709 1.7090112 0.3116874 -0.17054163 -0.54175633 -0.17689727 -0.9675741 0.052295648 -1.1550167 -0.39860272 0.9128777 0.17089607
65 0.30347666 -1.4273907 -1.0580204 -0.08098485 -0.14378326 -0.8630053 1.3827145 -0.13818459 -0.690383 -0.59307015 0.7392424 -1.209924 -0.687365 0.47213936 -0.18547675 0.13413057 -0.39424032 0.019205473 0.2728812 0.82226014 -0.06622921 1.0421617 -0.18135644 0.5419692 -0.60706794 -0.6590754 -0.4290748 0.2266387 -0.64100957 -0.9579819 0.26690918 0.35885194
130 -0.080733754 -1.4551227 -1.0849214 0.354749 -0.24482253 -0.011178573 1.7757664 -0.3455998 -0.91423804 -0.34186718 0.7764055 -0.87333304 -0.7211474 -0.686729 -0.5078079 0.40650037 -0.29121545 -0.62942106 0.33349603 0.12157539 -0.35399455 2.0096505 0.068630435 0.23100142 -0.76966304 -0.42712522 -1.1450229 -0.15379606 -1.0729065 -0.4244077 0.729134 0.29174128
47 0.33702436 -1.6276839 -1.5676354 -0.35242572 -0.58547646 -0.62727934 1.5688845 -0.46536183 -1.1784497 -0.14457831 0.81343913 -1.2352412 -0.5628005 0.29072762 -0.27543712 -0.08756386 -0.10819611 -0.074684896 0.67129266 0.61682785 0.06970087 1.2369528 -0.3648 0.53590804 -0.6846116 -0.5455112 -0.7882236 -0.030570576 -0.8789866 -1.2738609 -0.03435863 -0.045940123
152 0.65666866 -1.49118 -1.7687309 -0.406216 -0.56772494 -0.91060007 1.190099 -0.3771108 -0.96406776 -0.07494887 0.9782747 -1.6318012 -0.49595657 0.46844622 -0.06327415 0.1318469 -0.18380587 -0.09641618 0.46585885 0.8758033 0.113758825 1.157787 -0.50374746 0.6658058 -0.72695124 -0.65999436 -0.7497499 0.027895434 -0.7504333 -1.2336318 -0.34037897 0.17894882
52 -1.0670555 0.25206333 0.7847683 0.23712845 -0.105429016 -0.9026062 -0.38608456 0.2460713 -0.6244573 0.2766232 0.53523713 -0.4360992 -0.49195182 -0.69371235 -0.52538586 -0.871721 1.264171 -0.2526299 -0.97715044 -0.50105464 0.036958512 0.7880715 0.18216293 0.29273498 -0.5865606 -0.015186972 -1.0336555 0.35926288 0.23613344 -0.36597914 0.112719856 0.41180643
66 1.1535339 -1.7191879 -0.37832698 0.20543009 -0.5774346 -0.02979758 1.0748017 0.02317395 -0.7575462 -0.46234715 0.43035746 -1.4606893 -0.69510055 0.42653254 -0.2621971 -0.68998444 -0.53915685 0.08995878 -0.37625933 0.45021042 -0.009558985 1.0396866 1.365923 0.70356387 -0.09724894 -0.8514381 -0.25708476 0.13686462 -0.5788921 -0.61892045 0.6669232 0.07233456
67 -1.7165996 0.14116018 0.82966506 0.008021024 -0.23881106 -1.2599437 -0.0870499 0.37201986 -0.90922177 0.18044734 0.16098034 -0.86502707 -0.5970529 -0.54875946 0.084528476 -0.98508453 0.8793743 0.09838244 -0.57645553 -0.91362387 -0.40196162 0.9315642 0.24539877 0.711373 0.11711191 -0.10452361 -0.67318845 0.04364559 0.3979899 -0.6750708 0.3195029 -0.026710631
68 -0.75006604 -0.69147056 0.4726619 -0.09914135 -0.9434459 -0.34549472 0.010139638 0.3155778 -0.49797472 0.08670375 0.44397855 -0.45606384 -0.8311165 -0.21729791 0.6220827 -0.4684153 0.14181039 -0.34587333 0.3988964 0.17728087 0.6479624 -0.10985596 0.7215421 -0.03912195 1.1945391 -0.047302224 -0.78214496 0.38511774 0.18829805 0.47947195 -0.61115515 -0.39556524
69 -1.5923737 -0.069446385 0.7215529 0.4066663 -0.6969262 -0.8854881 0.15533772 0.4570288 -1.0039432 -0.048618395 0.34985948 -0.7223684 -0.6405095 -0.80554235 0.0610338 -0.92046076 0.7828597 0.059044305 -0.61274904 -0.9827178 -0.43583634 0.95364654 0.35463387 0.5907146 0.23984502 0.037194315 -0.61679083 -0.032692064 0.308175 -0.15645474 0.03275709 -0.094407916
70 -1.3187404 -0.27363846 0.75437087 -0.015356227 -0.8321432 -0.8798271 0.06783595 0.82877713 -0.7123895 -0.13466482 0.49528015 -1.0418195 -0.49902645 -0.7267891 0.22318457 -0.543725 0.12862772 -0.40503615 -0.1398444 -0.9376979 -0.08517456 0.38896015 0.47361296 0.12799375 0.7997802 0.25793752 -0.3028716 0.111775294 0.13024563 -0.21855032 -0.014754829 -0.021638896
107 -0.6283274 -1.074864 0.86640584 -0.21763627 -1.1622181 -0.36378276 0.08676447 -0.041774567 -0.95482683 0.37029278 0.24876498 -0.15721919 -1.0790421 -0.31404066 0.9442804 -0.20724916 0.73550385 -0.18330269 0.6486233 0.2200213 0.6666375 0.024585566 0.6619497 0.28795433 1.2663455 -0.054920986 -0.9012568 0.45157748 0.15723437 0.2568839 -0.527506 -0.7260929
108 -0.9730248 -0.9807022 0.7590268 -0.16995671 -1.2733916 -0.47238022 0.4271952 -0.051076062 -0.6064073 0.0007958125 0.12899476 -0.31523708 -1.3499349 -0.22121057 0.69908327 -0.06876186 0.3260179 -0.22408728 0.39123875 -0.19158195 0.33846048 0.07092639 0.5573698 0.36404046 1.0183371 -0.027185682 -0.8713455 0.3023786 0.093039416 0.24693675 -0.7518023 -0.7157867
109 -1.7515839 0.3026012 0.6250475 0.2104465 -0.30058828 -1.1213062 -0.061048925 0.18397936 -0.64168936 0.15084969 0.16522084 -0.79010594 -0.71312106 -0.5987921 0.0392987 -0.7162038 0.91884595 -0.109091975 -0.63099 -0.75241745 -0.5638689 1.1403066 0.0677585 0.69366854 -0.011549163 0.021585878 -0.84764236 0.018756887 0.26276606 -0.45867014 0.040698007 -0.15124854
110 0.58589315 -1.2643865 1.1748167 -0.7038304 -0.80496323 -0.74866617 0.23632316 0.20699048 -1.2917804 -0.34304228 -0.47979718 -0.6481364 0.40234178 -0.3931109 0.25424534 0.9643814 0.5824182 0.97194505 -0.15002915 1.0945343 1.0461318 0.69984394 -0.7448295 -0.65004486 0.029861923 0.69552857 -1.7176964 0.38242257 -0.49948278 -0.2389551 -0.17154998 -0.98819536
111 -0.7345175 -0.8994327 0.62544525 -0.0019324707 -1.043118 -0.10807321 0.2589626 0.07251897 -0.84672916 0.36502647 0.19162606 -0.21182856 -1.2605642 -0.07672412 0.74544376 -0.38647118 0.40356767 -0.12282774 0.36837542 0.08441866 0.64678854 -0.101727866 0.7334243 0.11282896 1.0877308 -0.15454513 -0.91169256 0.33436963 0.10328301 0.3322434 -0.7948553 -0.57174116
112 -1.1735123 -0.4870883 0.7312784 0.2311016 -1.247007 -0.81992245 -0.006636814 0.74412936 -0.8503885 -0.026747398 0.47590935 -0.61013657 -0.7696219 -0.777565 0.41845456 -0.7163462 0.1304492 -0.2682746 0.043231487 -0.19851431 -0.08553623 0.20325342 0.84158856 0.21133003 0.8557074 0.45564383 -0.41471356 0.1166874 0.10376976 0.28516555 -0.5268043 -0.3146694
113 -1.0664582 -0.6688425 0.9097201 -0.07012636 -1.1750162 -0.602611 0.11575854 0.340252 -0.68780816 -0.33666903 0.3735304 -0.38977456 -0.8633905 -0.67227644 0.50802135 -0.58082384 0.15482856 -0.49412772 0.09341821 -0.4507365 0.006364238 0.40452018 0.41477874 0.08886827 1.0296545 0.54508454 -0.51447 0.24225695 0.19688457 0.09340685 -0.29099044 -0.28204298
114 -0.46251416 -0.97071594 0.7006767 -0.120007835 -1.3622428 -0.2546755 0.043254986 -0.2656106 -0.78507435 0.14835234 0.08593154 -0.1729314 -1.4330585 -0.473055 0.8438108 -0.1566851 0.3980147 -0.068513915 0.4345112 0.07363666 0.5777357 0.111270234 0.5757051 0.27796537 1.1780839 -0.21181005 -1.172477 0.41188568 0.27966547 0.3872366 -0.88461053 -0.5717217
115 -0.1662359 -1.388005 0.6747464 -0.10280357 -1.4059994 -0.1579243 -0.09185746 -0.2794054 -0.6644271 0.12115206 -0.19875658 -0.35366356 -0.7580596 -0.22504154 0.8252643 -0.08437313 0.64862025 -0.085880056 0.39845374 0.24677378 0.8448872 0.2680133 0.061830923 -0.14301038 0.96036226 -0.08338392 -1.1682932 0.54642755 -0.17857611 0.51830894 -0.7268771 -0.73221225
116 -1.3379658 0.016675334 0.53059274 0.13260868 -0.6867993 -0.8874387 0.03494284 0.43273833 -0.9842532 -0.05277981 0.33016807 -0.7310797 -0.70399505 -0.7939034 0.19094099 -0.9489286 0.55141366 -0.027777622 -0.68440545 -1.092344 -0.4422588 0.7149778 0.3399392 0.47658104 0.019198097 0.30974433 -0.56184006 0.16931239 0.30503127 -0.31594324 -0.024618395 -0.17901385
117 -1.5406401 -0.26905167 0.77247083 0.032929294 -1.1186638 -0.91904944 0.2964098 0.56234634 -0.7000521 -0.29706502 0.6233734 -0.9076204 -0.6756373 -0.71910775 0.3753229 -0.64658487 0.15743606 -0.18412599 -0.39268115 -0.8833892 -0.22802949 0.5462222 0.35844323 0.40665898 0.45546544 0.7615207 -0.33463672 0.2778451 0.03634792 -0.010348727 -0.2672991 -0.412164
118 0.239765 -1.2046499 0.7457192 -0.6583485 -0.8782179 -0.4486986 -0.1716226 0.038901113 -0.67135686 0.038960513 -0.61244243 -0.33114427 -0.36008564 -0.26043162 0.38730922 0.22995983 0.25842583 0.19587559 0.14387405 0.6356686 0.9287611 0.39515787 -0.22943178 -0.51014537 0.8768077 0.15315329 -1.4852368 0.68106496 -0.6415198 -0.13610873 -0.28899643 -0.9374508
119 -1.3108602 -0.30384898 0.78874743 -0.07728583 -1.2710522 -1.0421304 0.16793612 0.56211376 -0.82238907 -0.14987673 0.5691484 -1.1099595 -0.64835703 -0.5664113 0.47088948 -0.8337652 0.2218334 -0.31665012 -0.43488976 -0.91662675 -0.29471764 0.38446534 0.65236795 0.3690471 0.27711916 0.7346168 -0.3128003 0.20472626 -0.11846672 -0.02000659 -0.37434787 -0.32640707
120 0.46010953 -1.3688108 1.3174089 -0.71596396 -0.83274174 -0.53920525 0.20256335 0.393238 -1.2816874 -0.30709046 -0.32592645 -0.6220044 0.5004157 -0.07238965 0.4978832 0.58741236 0.75822407 0.73342484 -0.03395787 0.98362315 1.0912956 0.5129593 -0.58330023 -0.7232335 0.33654863 0.6281965 -1.6183658 0.25323814 -0.48901698 0.07561377 -0.028689647 -1.0290517
121 -0.9859852 -0.99049747 0.8148278 0.22764279 -1.135134 -0.48199958 0.2886609 0.20911369 -0.6748623 0.06543338 0.24808823 -0.3831171 -0.9882686 -0.24159034 0.7576854 0.07599229 0.6470733 -0.23246168 0.5561408 0.030119177 0.36291075 -0.042263377 0.5731828 0.24771135 1.117011 0.03514714 -0.68552536 0.26586595 -0.04233052 0.084392846 -0.6706586 -0.69200724
122 -0.29824853 -0.89619905 0.77226627 -0.10403492 -1.2461946 -0.2490857 0.19052047 -0.1590201 -0.73576593 0.07989074 0.06630307 -0.36601728 -1.071987 -0.24448767 0.8991035 0.08262807 0.7308982 0.02147784 0.62864023 0.22024101 0.6247858 0.053782143 0.41185266 0.1111063 1.225981 -0.0010769229 -1.3522022 0.4993013 -0.017640248 0.25522748 -0.61154383 -0.884848
123 -1.3289185 -0.33199012 0.8757757 -0.14350948 -1.2661455 -1.055053 0.13520065 0.5063938 -0.8649317 -0.36789244 0.5863113 -1.0995858 -0.6452465 -0.6471358 0.43999225 -0.94076854 0.25249302 -0.29353413 -0.44570175 -0.80137503 -0.35006803 0.38470933 0.4766248 0.53091466 0.24577941 0.90081996 -0.21243215 0.355141 0.06601788 0.092833295 -0.0534529 -0.3170133
124 -1.2814527 -0.33200687 0.5916976 -0.24692616 -1.4274342 -1.0707166 0.14801848 0.593259 -1.0419004 -0.2287704 0.53293633 -0.9803944 -0.4635107 -0.6358046 0.44802237 -1.2121583 0.31832722 -0.22001712 -0.80981183 -0.9803525 -0.46024784 0.6270878 0.49646816 0.30772373 0.35493004 0.75270385 -0.14645857 0.17976356 0.18336798 0.08377372 -0.2605389 -0.15505107
151 1.1303083 -1.7349504 -0.69695485 0.15038274 -0.8424776 -0.10086219 0.9239708 0.07108547 -0.49880433 -0.63913673 0.76748335 -1.4556055 -0.6576691 0.49385008 -0.3040981 -0.9441095 -0.84876525 0.116675764 -0.46096957 0.6003876 -0.17228635 1.2737808 1.048261 1.0183811 0.03128445 -0.6860353 -0.26914057 0.07358204 -0.4059667 -0.5830921 0.5198851 -0.06498797
129 0.45820218 -0.61745983 -0.047194727 0.33778656 -0.61625 -0.5215773 1.3035611 0.016803589 -0.72624314 -0.41378117 -0.014824644 -0.49670157 0.3063608 -0.31138423 -0.0630308 0.015306848 -0.91156346 0.36110348 -0.9431166 0.88754 -0.2821002 0.7358099 1.4207549 -0.7711597 -0.29065293 -0.02487612 -0.28438613 0.16560611 0.15991773 -0.42292807 -0.33911857 0.019452222
149 0.42005223 -1.4917463 -1.1831493 -0.113071606 -0.27263722 -0.7898039 1.1393139 -0.13266794 -0.597435 -0.17945683 0.48902774 -1.2856919 -0.42741588 0.8564517 -0.06389871 -0.36195543 -0.3508154 0.14582475 0.0021051238 0.712345 0.054805875 0.9775729 0.13829128 0.7276778 -0.54735166 -0.9996937 -0.45344612 0.36058635 -0.5796915 -0.7606288 0.12791356 -0.080343425
