1 -0.28690264 -0.74626017 0.4020033 -1.1060321 -0.76918304 -0.6793031 -0.58340085 0.3588996 0.40776816 0.22686903 -0.48549867 -0.17791373 -0.29601997 0.40255648 -0.05514037 0.42408833 0.26079422 0.26442096 -0.2742423 0.6824355 0.7824231 0.18710552 0.82564074 0.5617403 -0.13130832 0.20278841 0.014429732 -0.22723679 0.54583156 -0.2862492 0.7528586 -0.39234754
2 0.12645194 -0.8884528 0.27903694 -0.5171898 -0.8398221 -0.61084026 -0.23943907 0.6690091 0.085434675 -0.09670902 -0.2759184 0.11522237 -0.54207027 0.35066223 0.9174364 0.1360162 0.7277169 -0.33273447 -0.19567692 0.6677411 0.83793706 0.42711908 0.74858326 0.55638146 0.08847899 0.4297744 -0.066908024 -0.29338065 0.9025203 -0.4973156 0.9438726 -0.85491014
3 0.750778 0.077599645 0.17583752 -0.1344058 0.37002453 -0.5630231 1.4132806 -1.1721985 -0.47628123 0.27308765 0.22121467 -0.31426632 -0.36281863 -0.77416927 0.6463986 0.7542423 0.10169961 0.09767074 0.10562445 1.409916 0.4640489 1.2285407 0.70268095 0.44373646 0.018168986 -0.23587771 -0.9677826 0.28316054 -0.9303603 -1.2489601 0.49098328 -0.68241906
4 -0.6474174 -0.37904364 0.09072249 -0.5861433 -0.8775725 -0.25381777 0.33969504 -0.1910451 -0.054168276 0.49684235 -0.0012321634 -0.7658356 0.99601245 0.5247523 -0.015180144 -1.1226394 -0.31368446 0.4727131 -1.291235 0.040946018 0.30814278 1.2547534 0.6138081 1.328128 -0.27190235 -0.23008522 -0.14172402 0.65630203 0.46724984 -0.94127417 0.8507484 0.18412781
5 -0.6782018 -0.20437948 -0.060577624 0.43324712 -1.1148835 -0.2140612 1.3286327 0.77928364 -0.94116926 -0.26016802 0.64720196 -0.2870499 -0.32888106 -1.0346488 -0.33068043 -0.33961737 0.12381556 0.4366364 -0.47305936 -0.32709926 0.22020361 0.40376544 1.0861174 -0.42436188 -0.24078171 -0.45405698 0.82283723 -0.16053158 0.67283034 0.14041999 0.3229796 -0.18970414
6 0.43674496 -0.6931363 0.33359793 -0.31277496 -0.8888677 -0.6578963 0.024238085 0.95739067 -0.04738754 0.0022118872 -0.27923602 0.3489432 -0.6772844 0.14082664 1.1919054 0.09742517 0.9963114 -0.30138102 -0.3032669 0.55467445 1.1426656 0.4317375 0.5997487 0.6643704 0.33038023 0.6682748 -0.41426986 -0.26041853 0.63451993 0.032155905 0.9000792 -1.2101512
7 0.10640147 -0.082964286 -0.03564722 -1.010059 -1.4408592 -0.51147425 -0.131042 -0.40107524 0.4914349 0.2643078 -0.11664425 -0.88226235 0.39885473 0.52222425 0.051640205 -0.26300028 -0.34577212 0.53133434 -0.92013365 0.24634226 0.8263374 0.40490302 1.1536155 1.12358 -0.06182719 -0.5816337 0.2823957 0.61105096 0.23611301 -0.17445387 0.82823527 0.12460926
8 -0.64914787 -0.76554817 0.7538703 0.06926415 -0.16209188 -1.5656798 0.98769426 -0.20362796 -0.44188756 -0.6950075 0.36025906 -0.24185641 -0.45606413 -0.68427026 -0.2709904 -0.29201767 0.27854845 -0.14823912 0.4370049 -0.4049626 0.884705 1.3432431 -0.005735595 0.20781454 0.6031315 0.45836124 -0.78271353 0.8989768 -0.22284593 -0.1328747 -0.7249899 0.85583603
9 0.21985392 -0.91142213 0.43349898 -0.44674543 -0.96352714 -0.45935902 0.1270457 0.8608071 0.096200556 0.22939374 -0.39495248 0.20609935 -0.53644645 0.28439197 1.0490812 0.20165451 0.88362753 -0.19844913 -0.2970623 0.68701845 0.95404524 0.44725838 0.6832197 0.4472466 0.106169276 0.5255469 -0.37013024 -0.32794774 0.7987844 -0.0606897 0.89567643 -1.0375118
10 0.36207604 -0.89449257 0.43989033 -0.51545465 -0.91885793 -0.6358088 -0.012782528 0.61076844 0.07652475 0.15800992 -0.6183752 -0.087735415 -0.5916138 0.32565123 1.0009125 0.09027209 0.9918933 -0.30107555 -0.34076777 0.7624975 0.88330644 0.32538182 0.8706739 0.47412935 -0.012575075 0.6121468 -0.25458384 -0.52092135 0.8427101 -0.27763042 0.9054182 -1.0436198
11 0.40286738 -0.76125103 0.41889343 -0.6477034 -0.8741332 -0.5634105 -0.009716556 1.1988521 0.089346655 0.11544273 -0.43679288 0.272106 -0.48829013 0.35873485 1.1996223 0.1819595 0.80037504 -0.30516857 -0.33234903 0.48918244 1.0688344 0.6029187 0.65901697 0.7422275 0.030351024 0.5724005 -0.44342184 -0.3743947 0.5346751 0.072068766 0.92656916 -1.0697944
12 0.11787325 -0.36266628 0.56071377 -0.63446164 -1.0249622 -0.4764267 0.12124626 0.64504135 -0.25702637 0.40034363 -0.37413314 0.43879402 -0.27922776 0.032161925 1.4617167 -0.012318079 0.87989736 -0.3907053 -0.16410874 1.153832 0.8825571 0.3588713 0.47015268 0.859639 0.41075608 0.34592184 -0.20337054 -0.48986885 0.9997342 0.0052695 0.49608618 -0.77651376
13 -0.6519485 -0.7037922 -0.1584358 0.6376669 -0.9242682 -0.067857645 1.4748768 0.6755831 -1.230885 -0.41916293 0.7557565 -0.77939874 -0.48518604 -0.5154466 -0.088365905 -0.11927775 0.094730504 0.5955338 0.023789201 -0.13928455 0.15500806 0.026870899 1.5920693 -0.76265097 0.10375312 -0.04099816 0.38330644 -0.064251386 0.6975461 -0.24677597 -0.2972521 -0.13679472
14 -0.13124956 -0.18740346 0.12721078 -0.7969075 -1.2028573 -0.69516444 -0.3643696 -0.2253228 0.5335262 0.20230782 -0.09108714 -0.39213502 0.027903132 0.22507362 -0.22696118 0.22791727 -0.20370263 0.51347417 -0.844799 0.6155158 1.284827 -0.023174513 0.8365956 1.2931752 0.15380691 -0.23470707 0.35964084 0.44107747 0.24867252 -0.02531976 0.79022115 -0.047219902
15 0.3439259 -0.8714175 0.3616947 -0.61586565 -0.8489649 -0.624391 -0.2054828 0.78934985 0.12565944 0.060779642 -0.34698036 -0.09844098 -0.5171972 0.41672173 0.9065889 0.2351027 0.85934055 -0.18642165 -0.47648147 0.83157206 0.7348056 0.23001191 0.6794364 0.5865236 0.027448334 0.6039616 -0.25517452 -0.21646038 0.7392071 -0.25895923 1.057851 -0.86047405
16 -0.91808385 -0.66564333 -0.030010873 0.7639104 -0.7044665 -0.20111522 1.4145968 0.5256778 -1.244151 -0.3568362 0.5003932 -0.29886612 -0.4382853 -0.7152494 -0.20564537 0.090704255 0.33384857 0.73293936 -0.23409837 0.17850341 0.33957157 0.49673676 1.5316027 -0.5090868 0.55527 -0.45306036 1.0546147 -0.0077247163 0.85870004 -0.035029795 -0.42715392 -0.11130367
17 -0.75698644 -0.32913852 0.33997592 -0.4906599 -0.99673855 -0.2410118 0.25916433 -0.063811556 -0.26438844 0.48010662 -0.03173439 -0.4381775 0.6799178 0.3516277 0.31311256 -0.9538625 -0.52438927 0.567788 -1.4267216 -0.04087781 0.23882374 1.3717768 0.7371019 1.2002585 -0.33756518 -0.32408148 -0.14783914 0.84395164 0.3860757 -0.8162274 0.86470664 0.3434464
18 -0.7560286 -0.5670317 1.0016727 0.22541134 -0.09940746 -0.7230482 0.73147136 0.28360716 -0.7676627 -0.56822205 0.31431758 -0.58660316 -0.20630164 -0.051419735 -0.05332742 -0.22470143 -0.29438075 1.0042882 0.6805092 -0.37631494 0.31771332 0.60425 0.9249232 -0.059301466 1.039831 0.09581951 -1.0259265 0.6686407 0.18105382 0.18554693 -0.65959245 0.1848148
19 -0.81823045 -0.86221665 0.08419228 0.75181454 -0.71685994 0.03661249 1.304874 0.7207137 -1.0799503 -0.6032453 0.7682024 -0.6644599 -0.16456294 -0.4526563 0.010931976 -0.4509234 0.23250753 0.8575879 0.3906449 -0.114924975 0.35406157 -0.04814586 1.8598357 -0.5697 0.45427895 0.09856789 0.14774883 -0.08368847 0.47993726 -0.31539598 -0.4080323 -0.1887301
20 -0.63044626 -0.678321 -0.1741241 0.5916264 -1.0415648 -0.29025048 1.73564 0.5136188 -1.05056 -0.30910823 0.43345752 -0.3345845 -0.49212435 -0.47121704 -0.13436979 0.021839924 0.26232323 0.45692557 -0.3513398 0.09063855 0.32907537 0.19748685 1.2428027 -0.42247763 -0.06762458 -0.3458392 1.1339381 -0.3226999 0.5495292 0.10769065 -0.45407215 -0.108585104
21 -0.5742471 -0.19204044 0.35999563 -0.45031014 -1.2491711 -0.26161546 0.025167055 -0.13981225 -0.61377454 0.33011958 -0.088576086 -0.44982046 0.7162391 0.1838554 0.08671135 -0.63201463 -0.46876213 0.32279828 -1.1027399 -0.023441479 0.08562578 0.9076411 0.7279976 1.1601472 -0.3049561 -0.17008372 0.10235445 0.40249544 0.049949106 -0.43719408 0.6919571 0.18330748
22 0.37213066 -0.5060419 0.57909584 -0.48422995 -0.8053315 -0.716938 -0.10982578 0.8756706 0.09238261 0.24509445 -0.28730106 0.2837296 -0.6883707 0.10996543 1.0222771 0.04391782 0.95826685 -0.45312536 -0.33741894 0.5436847 0.9671208 0.45718223 0.8532905 0.70594704 0.07102371 0.60790277 -0.4477752 -0.23883009 0.84862643 0.009256763 0.9510083 -1.0930861
23 0.45229942 -0.62679994 0.5679207 -0.3286646 -0.7430156 -0.58061284 -0.034608517 1.2211592 0.20103483 0.00015792408 -0.3510925 0.113049194 -0.27516472 0.13486904 1.1467128 0.063556336 1.0739872 -0.16602968 -0.41190162 0.94178754 1.0706726 0.5582982 0.72098434 0.47532547 0.30030146 0.46738115 -0.58277065 -0.340756 0.93965274 -0.14347345 0.7783317 -1.064695
24 -0.7348918 -0.94397455 -0.010956267 0.40118104 -0.96581995 0.13983184 1.2892406 0.6833864 -1.2432575 -0.5616576 0.85037464 -0.58125514 -0.39978012 -0.5995659 -0.115974925 -0.46953076 0.17196181 1.1284734 0.38380003 -0.1231494 0.17978781 0.0322695 1.5497549 -0.7586271 0.061117675 -0.12685806 0.26857308 -0.16089351 0.68796414 -0.44698098 -0.31039214 -0.31034243
25 0.23817009 -0.967234 0.25448322 -0.59213054 -0.7255414 -0.69480777 -0.13832437 0.7654319 0.16123655 0.17788239 -0.30311862 0.41941434 -0.62138295 0.01955459 0.9872997 -0.105181254 1.0830549 -0.19487976 -0.18300383 0.63262624 0.6998305 0.49938437 0.7275346 0.5233634 0.11526327 0.6518281 -0.36165616 -0.23637967 1.0796791 -0.22077079 0.9354542 -1.0427731
26 -0.208578 -0.3021402 -0.04510614 -0.8081539 -0.74161917 -0.39841917 -0.035412855 0.1991953 -0.35206294 0.3985685 -0.42889902 0.3252697 -0.55148804 0.24420545 1.2635978 0.13510402 0.6891464 0.10234645 -0.50198036 1.4623809 0.9680367 0.37591848 0.3207884 1.0716748 0.761972 0.46111616 0.21343976 -0.5998733 1.2332773 -0.12951282 0.38074437 -0.32725763
27 0.2973467 -0.7126901 0.31244397 -0.47068882 -0.7633419 -0.43040225 -0.3250299 0.79562736 0.051569883 -0.030935375 -0.29697102 -0.012500187 -0.4068817 0.42036656 0.9150387 0.1727442 0.82572937 -0.13042895 -0.42896277 0.8457742 0.8980028 0.46314716 0.8404424 0.55551803 0.024018088 0.48336053 -0.21452282 -0.3820048 0.87331873 -0.3952895 0.9631077 -0.8946126
28 -0.6830701 -0.40788534 0.67462265 0.26294398 0.0028776634 -0.5555542 0.9847235 0.76674736 -0.48868632 -0.40570286 0.42009437 -0.37084553 -0.12249766 -0.7226993 -0.4314468 -0.25546575 -0.4370247 0.7675528 0.5633983 -0.048753113 0.22720295 0.15431109 1.0204787 -0.16611998 1.2975022 0.15504476 -0.34676066 0.55291265 0.36884543 -0.21330218 -0.73910177 -0.18227874
29 -0.56714594 -0.83376247 -0.34100506 0.5130379 -0.6865591 -0.33607236 0.7121773 1.1718713 -0.45748508 -0.07244972 0.7732317 -0.5803534 -0.6741568 -0.7768229 -0.8110585 -0.42457902 -0.20907809 0.4061037 -0.45658156 0.69551283 -0.010534115 0.7846473 0.861361 -0.20536321 -0.8588202 -0.50673085 0.3401589 -0.0072368872 0.851065 0.298756 -0.5205277 -0.548546
30 1.9302323 -0.70026654 0.18602012 -0.4810437 0.59948015 -1.2076204 1.2151715 -0.23902336 -0.042102393 -0.39496604 -0.95072716 -1.0231271 -0.135476 -0.56675947 0.3932039 1.5656017 -0.6933043 -0.025027255 0.13848998 0.83566505 0.45544586 1.3874354 -0.17728718 0.28773507 0.008283173 0.3317279 0.53071123 1.4393103 0.052254338 0.20024695 -0.36248225 -0.6430654
31 -0.6516308 -0.48310947 0.8538566 -0.1238354 -0.42139268 -1.5058117 1.0978584 -0.2587013 -0.26966348 -0.6965239 0.28755766 -0.20690306 -0.37006977 -0.7221768 -0.24598305 -0.4995177 0.021879483 -0.017700907 0.46733853 -0.47469154 0.786184 1.1599281 0.04609851 0.069845356 0.79373586 0.44338286 -0.6037676 0.9655568 0.06457128 0.22319672 -0.51035595 0.684831
32 -0.51520556 -0.69956243 0.64941484 -0.1447678 -0.22196478 -1.4024664 0.8923243 0.35631442 -0.47159508 -0.8783016 0.19326364 -0.75513613 -0.5092645 -0.5921619 -0.23005003 -0.4532827 -0.110394515 0.42722633 0.47019473 -0.39755112 0.13364334 0.92775846 -0.050428003 -0.020948444 0.8222476 0.32202074 -0.8096167 1.0306323 0.014148701 -0.15228339 -0.43783498 0.51750124
33 -0.6596587 -0.68343014 -0.2642833 0.9283492 -0.94128436 -0.11851071 0.8326099 0.9428979 -0.68293583 -0.086268306 0.5824869 -0.79727906 -0.68518555 -0.5515678 -0.48143935 -0.4796455 -0.41325757 0.33526066 -0.56306463 0.2535794 0.46243736 0.46439365 0.64913327 -0.18326662 -0.8460652 -0.1392695 0.3836828 -0.10143773 0.44786036 0.23287949 -0.39970168 -0.55330336
34 -0.9150528 -0.874304 0.19914879 0.6128509 -0.5075477 0.10206511 1.2951522 0.40017205 -1.0680255 -0.39940855 0.800869 -0.5765232 -0.47630137 -0.41628543 0.1012267 -0.38239345 -0.21200226 0.87216717 0.39601648 -0.39367327 0.5154103 -0.16801074 1.4758161 -0.40521482 0.45461228 0.25024816 0.23369345 0.24631485 0.499164 -0.34694904 -0.44752324 -0.39850333
35 0.2778294 -0.57868594 0.37836683 -0.4942902 -1.0480542 -0.76752084 -0.055525467 0.88671386 0.09488263 -0.059184097 -0.29932508 0.13854156 -0.4509704 0.23921669 1.074259 0.07645233 1.0820119 -0.29735497 -0.35732913 0.7483786 0.77332896 0.6367234 0.572174 0.5672877 0.11110594 0.6284194 -0.476741 -0.5580773 0.7494378 -0.0063252887 0.8019058 -0.94110715
36 -0.664992 -0.6682239 0.74711293 0.1781569 -0.31618893 -1.3973131 1.030575 -0.2552029 -0.5452886 -0.8061247 0.073740624 -0.09786394 -0.5941059 -0.7829149 -0.4545843 -0.13222212 -0.06157175 0.23705941 0.39918178 -0.4226713 0.7141389 1.2424086 0.03260937 0.0641388 0.83412886 0.384127 -0.9586999 0.8666737 -0.20670174 0.27805293 -0.017376183 0.9115611
37 -0.75651675 -0.877997 -0.190409 0.683901 -0.93440694 -0.17245252 1.5689911 0.59579253 -1.129247 -0.20026055 0.2998882 -0.17438222 -0.30819955 -0.6539426 -0.34587663 0.13090685 0.15294157 0.46695054 -0.30558214 0.03466213 0.37002432 0.4220149 1.4949431 -0.4445891 0.38947994 -0.26318175 1.2628499 -0.047573548 0.5609453 0.10956787 -0.42221072 -0.1700561
38 0.30976388 -0.29425743 0.24598423 -0.11506865 0.23615658 -0.8475153 0.6464001 -0.6504945 -0.16154641 -0.20640124 0.2813005 -0.83641094 -0.28926715 -0.30233794 -0.15262648 0.6310096 0.20987873 -0.4145502 0.44966707 0.5711309 0.37023667 1.2243335 0.3700714 -0.2931958 -0.70096713 0.18599932 -0.9822561 0.37303433 -0.7611562 -0.22595179 -0.050132792 -0.82261956
39 -0.44254217 -0.4979948 -0.41909587 0.53983146 -1.5879712 -0.02624218 0.5665271 0.81715214 -1.098085 0.1332021 0.8193847 -0.9214214 -0.39767656 -1.0501679 -0.30479133 -0.34054428 -0.07965162 -0.09595662 -0.2720335 0.4903949 0.23052849 0.48630515 0.949429 0.099036 -0.88897634 -0.19607523 1.0935647 0.68048733 1.2997059 1.258531 -0.32232383 -0.33126217
40 0.16324149 -0.023339802 -0.005845246 -0.6819854 -1.9214575 -0.48482126 -0.26551238 -0.66655356 0.11471157 0.3775102 0.010480788 -0.5371322 0.30925274 0.114426844 -0.082069084 0.0018079244 -0.27599096 0.114846714 -0.69789934 0.08578326 1.2112216 0.026107246 1.0859092 1.355175 -0.076039955 -0.27511957 0.36377302 0.77257717 0.07959574 0.378612 0.7649446 -0.050925992
41 0.07415561 -0.28272092 0.22599192 -0.9525303 -0.9574706 -0.7170716 -0.6487966 0.09702799 0.68038154 0.10180826 -0.09670134 -0.2149438 -0.14024681 -0.1567762 -0.090003006 0.28188705 -0.088522844 0.105154395 -0.7625295 0.4859816 0.8160203 0.053361308 1.1175483 1.0837218 0.20115148 0.2769711 0.5301671 0.36530516 0.4383625 -0.6384621 1.0588576 -0.016766492
49 0.16412157 -0.5630578 -0.03844855 -0.35021693 -1.9872906 -0.15611911 -0.005794205 -0.68149185 0.072871424 0.22452825 0.092210755 -0.44904992 1.1163284 0.1475169 -0.09215127 -0.14601465 0.007921797 0.6075224 -0.9546253 0.106596135 0.93675596 0.47062063 0.8109448 0.99194974 -0.28913772 -0.5345783 0.09629485 0.80971205 0.13837837 0.44316107 0.7634199 -0.11097238
54 -0.009108722 -0.11225288 0.06107532 -0.59411204 -1.4925842 -0.53754085 -0.613107 -0.54014295 0.4303957 0.2003208 -0.2820476 -0.664814 0.18535823 0.14605068 -0.28125963 0.05439146 -0.22468519 0.28315404 -0.8606614 0.17005357 1.3466967 0.3027236 1.2077068 1.2147541 -0.07472313 -0.25518686 0.31075105 0.5988803 0.3401672 -0.2512405 0.84418255 0.08148157
55 0.13040185 -0.8559535 0.112212725 -0.4726186 -0.8285635 -0.44072175 -0.2511019 0.45743823 -0.0015989457 0.09507334 -0.4278928 0.118225284 -0.5720475 0.2677394 0.9431286 0.16745101 0.85178113 -0.14694895 -0.4256207 0.87324667 0.9617566 0.2321807 0.5983731 0.6342986 0.25314522 0.6125129 -0.06929984 -0.27436683 0.8552044 -0.27339277 0.7712901 -0.6925711
56 0.280994 -0.6006562 0.68509966 -0.51513004 -1.0277458 -0.6635636 0.0016386259 0.99051154 0.14780428 0.25462782 -0.2916743 0.46127135 -0.29017687 -0.009638546 1.0916662 0.1605366 1.1107702 -0.22772342 -0.26321137 0.6052824 1.0155755 0.73621416 0.78848326 0.4559457 -0.012560842 0.40270936 -0.47772396 -0.38911322 0.8061138 0.10081811 0.8650733 -1.1180503
58 0.13891225 -0.8812713 0.24932416 -0.55134165 -0.6407185 -0.6697678 -0.03661864 0.8257384 0.01172696 0.20507862 -0.41396236 0.3495438 -0.75053453 0.051695667 1.160225 -0.0816439 1.0070434 -0.3057456 -0.17752686 0.6736157 0.73856056 0.3956077 0.6155804 0.6716294 0.4255856 0.604164 -0.23411344 -0.28922084 0.7913152 -0.18905708 0.9192578 -1.043772
59 0.06983003 -0.6857887 0.41906056 -0.611471 -0.6576025 -0.6064081 -0.8060235 -0.04083914 0.17971075 0.20386261 -0.43236557 -0.4420605 -0.03901003 -0.03261346 0.10579867 0.535129 0.48134628 0.105141394 -0.8851698 0.78130597 0.47891507 0.15513124 1.3423091 0.9201002 0.9300197 0.3485681 0.4614133 0.2628292 0.14633228 -0.7701987 1.1811061 -0.6551445
60 0.03208772 -0.64804465 0.28550193 -0.83124375 -0.82356745 -0.71622086 -0.7807237 -0.16638328 0.35129544 -0.037874132 -0.41854244 -0.6829295 -0.1587147 0.12799127 -0.02833599 0.52871966 0.4336191 0.21639471 -0.7762517 0.84525853 0.14825773 0.08406449 1.2824699 0.74376625 0.90483254 0.43641552 0.45523795 0.1541766 0.2560917 -0.69940275 0.8929454 -0.6279318
61 0.03778416 -0.62425035 0.25829563 -0.99800414 -0.6434728 -0.64432144 -0.81708145 0.024883248 0.22643383 0.035453387 -0.39656535 -0.7081789 -0.32909426 0.2230258 -0.007291116 0.49397734 0.42326385 0.06847907 -0.76217943 0.6340719 0.511242 0.098556034 1.3738333 0.8316545 0.56508064 0.33797067 0.43117678 0.20696042 0.09050646 -0.63456887 1.1035886 -0.6188216
64 -0.61421746 -0.41399914 0.03466339 -0.6372602 -0.9069923 -0.13316274 0.27619752 -0.24983226 -0.42614096 0.6003355 -0.09273 -0.5489621 0.5010324 0.5436189 -0.015889738 -0.9158023 -0.49459714 0.3687396 -1.205463 -0.025740374 0.25303945 1.1396236 0.6523555 1.3287569 -0.27972028 -0.31719762 -0.006364616 0.88431126 0.24636184 -0.75695986 0.8453357 0.18072535
74 0.23727463 -0.60314095 0.3725965 -0.8871751 -0.7916295 -0.54123026 -0.8074465 -0.2055903 0.019373419 0.06514523 -0.49506006 -0.6781926 -0.15599704 0.11011458 -0.1291953 0.51773524 0.35996118 0.2959467 -1.0045493 0.6514399 0.47715455 0.09866135 1.4417566 0.8053813 0.72100765 0.36905828 0.5776754 0.2603145 -0.007793303 -0.7383909 1.2037681 -0.5962795
83 -0.5495139 -0.64911556 -0.40566736 0.92407477 -0.7191553 -0.40077394 0.45678592 1.554561 -0.46429724 0.16636033 0.45052972 -1.1057403 -0.21374966 -0.694094 -0.36293268 -0.4003166 -0.027378237 0.2881553 -1.2987722 0.9283699 0.05303604 1.1934978 0.56268924 -0.2054749 -1.0794305 -0.56044614 0.3360347 0.59266406 1.0549845 0.23085292 -0.29512405 -0.34320816
84 -0.28948548 -0.5330284 -0.08618962 -0.93450874 -0.97999674 -0.51563025 -0.20032944 -0.02590985 -0.449126 0.65868795 -0.38671386 0.31086946 -0.45547256 0.13035768 0.9195544 0.335441 0.50586444 -0.1242195 -0.3251185 1.3040727 0.8637812 0.15425754 0.3989214 1.2974147 0.6416973 0.5311197 0.116132975 -0.59546304 1.2803473 0.1487537 0.41717204 -0.36743888
86 -0.12604682 -0.9517714 0.34358603 -0.60898554 -0.826913 -0.44055593 -0.7517901 0.3693354 0.21924055 0.04246397 -0.45001537 -0.16877589 -0.20486456 0.34202266 0.36423722 0.57622087 0.46709087 0.094628744 -0.5133868 0.93027806 0.7294211 0.30082127 0.89013577 0.4299916 0.43786827 0.362902 0.09311873 0.017838245 0.47603533 -0.5683546 0.8724083 -0.506259
87 -0.20672601 0.15946697 0.32814893 -1.295119 -1.1470718 -0.19801357 -0.20994507 -0.2631063 0.06571144 -0.06469974 0.03267071 -0.5337266 0.8805688 -0.25665608 -0.24306597 -0.28716946 -0.0035186901 1.0594794 -0.76263183 0.94965273 0.29165557 0.38736346 1.0454037 1.1124012 0.115979254 -0.19992425 0.15772973 -0.29160896 0.043435596 -1.0969514 0.7994855 0.13511024
89 -0.04629686 0.119890444 0.36400548 -1.3948314 -0.9960958 -0.4932017 -0.5692273 0.088535756 0.374681 -0.25760558 0.08769767 -0.2405489 0.56751686 -0.6918388 -0.27286217 0.08543808 -0.011562949 0.72871566 -0.31279168 0.8840075 0.6553797 -0.07429332 1.1267308 1.3927178 0.090986185 -0.083366565 0.42960966 -0.23740621 0.46443838 -1.034595 1.0524849 -0.18348888
94 -0.13997892 0.1423945 0.30590817 -1.5059927 -1.2108763 -0.32874754 -0.45405552 -0.17643613 0.28396165 -0.010796383 0.09497721 -0.44038558 0.51650196 -0.5334138 -0.6123794 -0.025810074 -0.28455684 0.7295889 -0.43771648 1.0042048 0.43489286 0.14297666 1.2229631 1.5355881 0.046836883 0.18740626 0.4915963 -0.5419506 0.07442833 -1.00364 0.81881034 -0.3807546
95 -0.55225 -0.34694457 -0.114574164 -0.3780983 -1.6715851 -0.35801613 0.62715834 0.5137467 -0.90698963 1.1492552 -0.31901065 -0.11521823 1.0658127 -0.6668879 0.075961545 -0.30477446 -0.87223727 -0.009832371 -1.4065343 -0.34354642 -0.22753628 1.2991165 0.8382239 0.9384452 -0.17826623 0.34035563 0.52816147 0.73638284 0.10897551 -0.39708248 0.29314333 0.54825085
105 -0.7641661 -0.64789736 -0.12937528 0.62569034 -0.45360363 0.008400225 0.55155116 0.8271769 -1.1704382 -0.10875259 0.6901618 -0.4259108 -0.80147725 -1.1204578 -0.7941973 -0.37964758 -0.42837793 0.57115936 0.28314647 0.8955762 0.052410692 0.10291318 0.93929803 0.46730527 -0.34838575 -0.2577589 0.5239411 0.09160473 0.07132722 -0.0123413745 -0.83893114 -0.7178365
128 -0.72774684 -0.88109213 -0.2693329 1.0457636 -1.1279342 -0.58877873 0.7875178 1.3735608 -0.5395656 0.09318303 0.40891737 -1.1816069 -0.78643966 -0.4986633 -0.43517444 -0.20398407 -0.22306937 0.3678696 -1.1122092 0.83755016 0.21107247 0.84117174 0.5416356 -0.084044315 -1.4517425 -0.6012368 0.38784277 0.111572854 0.63533694 0.43188035 -0.7399695 -0.5290456
133 -0.050473627 -0.67457986 0.35440817 -0.94102436 -0.94000256 -0.4299183 -0.77092516 -0.17904496 0.17809859 0.12147818 -0.39808404 -0.5514174 -0.24393338 0.1075189 -0.2889973 0.2169078 0.051235482 0.4593783 -0.83376175 0.67312676 0.31128195 0.17137836 1.0147309 1.0808486 0.4453383 0.4763424 0.39430654 0.3935554 -0.14456207 -0.6607966 1.2016913 -0.73547405
135 0.08220939 -0.7994739 -0.476049 -0.6415149 0.4464855 -0.13000676 0.58075756 -1.2913827 -1.4354852 -0.9505108 -0.078311354 -0.34100965 -1.6803017 -0.76445174 0.1855251 -0.73573875 -0.032491434 0.2776697 0.27440384 -0.14507508 1.7875807 1.2151611 0.024232943 0.5646156 -0.20786503 0.59941137 0.05612653 1.1438271 0.33023524 -0.54960495 -0.3451622 1.4459959
136 -0.41940978 -0.1830989 -0.1888816 -0.35559258 -1.685514 -0.55929804 0.84628916 0.6528014 -0.76723886 1.1146228 -0.6424501 -0.5392889 1.0187953 -0.333518 0.3279395 -0.10840503 -0.91478 -0.019872949 -1.5226549 -0.2694672 -0.3177592 0.9800902 0.7866785 0.70193034 -0.39349538 0.4420142 0.30920625 0.525248 -0.18888275 -0.41028148 0.017600305 0.58773077
137 0.64680916 -0.333139 -0.10774407 -0.22266302 0.7199889 -0.5641033 1.4044605 -0.8973398 -0.35088378 0.27621034 0.10937827 -0.7692343 -0.052622434 -0.9365791 0.37725264 0.48386356 0.28781992 0.079232596 0.123054095 1.5556425 -0.026228575 0.8405881 0.20846868 0.48465526 0.044298414 0.050634664 -0.79678124 0.8423277 -0.86119896 -0.989412 0.5068925 -0.54843956
48 -0.07187019 -0.42183238 0.013239223 -0.49633765 -1.8835282 0.14037222 -0.18482053 -0.58783793 -0.40154153 0.31094712 0.26500413 -0.17810507 1.028543 0.04112614 -0.13747749 -0.41286367 -0.108565494 0.46007982 -0.6500967 0.48427418 0.704221 0.3526876 0.8007326 1.2843679 -0.36740458 -0.35909072 0.1888523 0.91136503 0.3403103 0.28037187 0.6836821 0.06009513
50 -0.33716926 -0.08636325 -0.5184757 0.16445601 -1.4259679 -0.02610538 0.5512981 0.97446954 -0.9166068 0.24990521 0.6172344 -0.99965453 -0.49522895 -1.1748918 -0.18831874 -0.25068998 -0.21939662 -0.0062636132 -0.3614392 0.121763326 0.4886917 0.6310641 1.0720385 0.08149468 -0.840472 -0.3991161 1.2138678 0.5817082 1.5814998 1.3372091 -0.25722727 -0.031367518
51 -0.6400785 -0.38215208 0.45154783 -0.64853436 -1.1340815 -0.13039692 0.17360325 -0.054224145 -0.5684296 0.59171194 -0.23515058 -0.3556243 0.93369025 0.16069508 0.11112015 -0.6883608 -0.5724981 0.24136278 -0.93785864 0.16657716 -0.16414022 1.0767112 0.55015177 1.2467117 -0.17434765 0.06264729 0.04262362 0.55312604 0.06215104 -0.62287784 0.6501783 0.11716768
63 -0.4970869 -0.30760726 1.11613 -0.23001693 -0.31844047 -1.3928586 1.4379411 -0.13995643 -0.48565847 -0.65815943 0.27096537 -0.4494385 -0.7764205 -0.6561952 0.43464467 -0.62366456 0.31977692 0.23666988 0.45602736 -0.20035607 0.9237379 0.41395006 -0.14308615 0.76003736 1.0535505 0.14901666 -0.25750083 0.24371825 0.3477268 -0.27139595 -0.38418964 1.2476197
73 -0.49989387 -0.21651733 0.04509813 -0.50772125 -1.7703034 -0.25573114 0.42863756 0.5114192 -1.3762113 0.8043863 -0.4318956 -0.2121378 1.0717858 -0.49812326 0.32094628 -0.5485844 -0.53277045 -0.17720345 -1.193816 -0.12735379 -0.3951353 1.1238004 0.77590734 1.1309171 -0.53948885 0.57321495 0.3855389 0.48664647 0.13842304 -0.45290247 0.25664338 0.7207004
77 0.12833443 -0.7365477 0.50582594 -0.6273029 -0.8557504 -0.654734 -0.17542908 0.80189484 0.11852516 0.020445032 -0.25065047 0.035660587 -0.3975836 0.46156955 0.7795145 0.44718236 0.8711224 -0.32772717 -0.36760205 0.79741657 0.81289816 0.40427738 0.80333406 0.45969325 0.059230667 0.6297131 -0.22630976 -0.24534795 0.74796796 -0.30224285 0.8812316 -0.81215477
79 0.4133076 -0.63768584 0.02833775 -0.6202678 -0.67199844 -0.074188456 -0.117173366 0.81719184 -1.3516041 0.038206186 0.041020446 -0.31811383 0.8348401 0.076981686 0.14595158 -0.64139646 -0.09774883 0.8794208 -1.5353268 -0.41289258 -0.45459145 0.80387086 1.1916363 1.171572 -0.69005823 0.1567173 -0.17078766 0.28542012 0.1847085 0.0020868583 0.65358424 0.5343675
80 0.2789617 -0.475914 -0.3591824 0.25712827 -0.13103853 -0.39950022 0.34540337 1.4740512 -1.1081796 0.170539 0.044955473 -0.42497486 -0.55929214 -0.66622823 -0.634132 -0.1611233 -0.5808156 0.7191367 -1.9220864 -0.008411817 -0.10817216 0.8130292 0.9082392 0.7087353 -0.6464412 0.11382779 0.9193487 0.05660141 0.32808277 0.15663707 -0.0757669 0.055799283
81 -0.79132897 -0.47683126 -0.1615008 0.6399456 -0.59234446 -0.15572214 0.7329954 1.0080347 -0.674786 0.113089025 0.5273334 -0.51292664 -0.8582439 -1.0936795 -0.9377783 -0.34405378 -0.73806965 0.7663945 -0.09655714 1.0119858 0.14625232 0.27810824 0.9415188 0.16791302 -0.24030392 -0.09329259 0.20927766 -0.4767559 0.2087019 -0.07548392 -1.0607696 -0.25818616
82 -0.25721386 -0.76690114 -0.21506098 -1.3207664 -0.7528834 -0.61809313 -0.019875633 -0.4172892 -0.22712186 0.6772179 -0.24209273 -0.03201558 -0.5070469 -0.052081063 0.7003617 0.83887124 0.592548 0.6317694 -0.5557763 0.9112997 0.7495768 -0.118418686 0.35703963 1.28855 0.57526857 0.54266095 0.41765437 -0.5769324 1.4126819 0.12281686 0.52886695 0.075790785
85 -0.5461686 -0.3557446 -0.24537064 0.46048483 -0.27044842 -0.049496885 0.43265763 1.351133 -1.1586125 -0.05880822 0.04432267 -0.4787223 -0.8381119 -0.9566309 -0.6967408 -0.5453014 -0.42396313 0.6485478 -0.7843899 0.9988201 0.28962258 1.0188632 0.7474776 0.71108854 -0.6243516 -0.5709748 1.1347106 -0.3390897 0.55986154 0.30220252 -0.6115609 -0.25247633
91 0.4081725 -0.027041202 -0.31571788 -0.14088424 -0.4824461 -0.42962435 0.35690743 1.5900829 -1.2264785 0.34060746 0.5435179 -0.68756986 -0.067147724 -0.7209157 -0.1670697 -0.29541078 -0.19461809 0.6644865 -1.8398331 -0.07399534 -0.3190242 0.27023757 0.9458559 0.6711216 -0.5573247 0.39950687 0.5012745 -0.077301286 0.6279971 0.43665007 0.2786183 0.44695276
92 -0.24510883 -0.7713805 -0.09848527 -1.3243444 -1.0292506 -0.70406485 0.1412738 -0.40614676 0.03530947 0.8244161 -0.36039037 -0.038149707 -0.4435432 -0.23125675 0.3476704 0.75365084 0.60322607 1.0204152 -0.77422506 0.6184114 0.72689205 -0.25196537 0.30316508 1.2862011 0.6020895 0.20970775 0.24939246 -0.7855122 1.1387196 0.20863414 0.78412485 -0.12748174
97 -0.24293932 -1.0064065 -0.10653721 -0.6817957 -0.7487955 -0.6106473 -0.21293807 0.010694832 0.0018890369 0.2950256 -0.5098032 -0.055059284 -0.27033433 0.36462486 0.6959482 0.6694831 0.6322778 0.5982834 -0.78147626 1.1489588 0.896882 0.02420117 0.3073582 0.7677022 0.5129315 0.54789484 0.22730857 -0.51624644 1.2454919 -0.29141027 0.4999248 -0.19183205
99 -0.17890628 -0.1589148 0.0403536 -1.1152625 -0.82645845 -0.6548495 -0.08641966 -0.6957363 0.02982214 0.43325827 0.04356127 -0.4246161 0.36253735 -0.18262126 0.071220554 0.53998655 0.21880491 0.8202278 -0.7928711 0.23154262 0.68320715 -0.178343 0.6442202 1.2855664 0.20745613 -0.19086751 0.3501997 -0.43990302 0.7671581 -0.39266053 0.7919906 0.1439322
103 1.6720829 -0.79214907 0.41915333 -0.30879226 0.4703865 -1.0239607 1.2702534 -0.4412495 -0.015195195 -0.39660925 -0.89121485 -0.72260255 -0.059074346 -0.8268173 0.36928922 1.6033965 -0.69048244 -0.31844896 0.24331456 0.8645627 0.32771555 1.6607633 0.13077047 0.087322876 0.119348146 0.3510526 0.62610936 1.4897696 0.052692804 -0.12568204 -0.3664947 -0.81138706
104 0.2209213 -1.0799528 1.3699849 -0.71312386 0.07861377 -0.26129338 1.630128 1.3725709 -0.529978 -0.3525865 0.011273473 -0.28101313 0.48722643 -0.33857262 0.34606633 0.4307452 -1.3062629 0.8692706 0.7521392 -0.7301151 0.76648647 -0.09715847 1.251776 0.3302428 0.797526 0.49736267 0.6309153 1.5822423 0.540885 0.032810193 -0.91431224 -0.2852618
142 -0.24053906 -0.3917393 -0.4982593 0.4410646 -0.37391955 -0.31315148 0.5957889 1.4087034 -0.7880458 0.15202715 0.20884286 -0.60632706 -0.599596 -0.78955156 -0.484118 -0.21528633 -0.5247268 0.8381565 -1.5920404 0.55128044 0.07699323 1.0186983 0.4397506 0.38216552 -0.5886524 -0.25575182 0.8835062 -0.0387121 0.5339987 0.30348867 -0.31728262 -0.27544218
143 -0.65868634 -0.56532645 -0.25311524 0.6647084 -0.2186946 -0.041195586 0.61435854 0.9744838 -1.0944 0.086168334 0.15474997 -0.46524853 -1.0008302 -1.0806403 -0.80034965 -0.5406531 -0.5969339 0.7544311 -0.746261 1.1262821 0.27534768 0.9374318 0.7386392 0.63016284 -0.549462 -0.48064658 0.9262819 -0.21369924 0.74464417 0.17802808 -0.78333956 -0.2239322
147 0.93237466 0.04604523 -0.043004993 -0.14406724 0.24131778 -0.22884682 1.7189419 -0.9082548 -0.10211258 0.39833364 0.69378567 -0.21903273 0.036943153 -0.70922786 0.729554 0.60183585 0.071637295 0.22992237 0.23674579 0.8900711 1.0433302 1.0656999 1.0587134 0.26537406 0.069492154 -0.28880695 -1.0299217 0.47818914 -1.1029862 -1.288604 0.46661744 -1.3595865
76 0.2756614 -0.66387373 0.2742273 -0.59878993 -0.7828329 -0.14293596 0.31143653 0.9387694 -1.3488333 0.45300177 0.05445452 -0.28144252 0.5849126 0.22498521 0.0063991407 -0.45918283 -0.20182219 1.13505 -1.7555685 -0.4755562 -0.3536019 0.75546926 1.0129836 1.3416137 -0.95630187 0.46238124 -0.19526748 0.11973992 -0.12227876 0.2068249 0.73651487 0.48866576
90 0.42528835 -0.25715518 -0.31280443 -0.34270212 -0.087251425 -0.2364264 0.36890042 1.3375274 -1.0339414 0.30651966 0.32027158 -0.71304846 0.17729919 -0.20904256 -0.10638894 -0.38260216 -0.34441632 1.1822916 -1.9478877 -0.37301219 -0.28501278 0.43794346 0.9730561 1.0203177 -0.61228555 0.26746473 0.298483 0.17773813 0.35134974 0.1243703 0.28228775 0.20708042
93 -0.34697938 -0.18900809 0.430371 -0.41519293 -1.230196 -0.17169689 0.10524802 0.08739007 -0.5659048 0.4899296 0.23148948 -0.17114218 0.5547856 -0.056377612 -0.087265134 -0.64685106 -0.39729974 0.43210915 -1.2197313 0.047125824 0.40517443 0.36602372 0.80797005 1.406408 -0.54762214 -0.21205059 0.025577039 0.4484946 -0.045685556 -0.20763001 0.9543661 0.22647646
98 0.4680074 0.045591626 0.014567579 -0.32701844 -0.4157927 -0.4070101 0.37267205 1.4411427 -1.1189065 0.21510127 0.42568582 -0.559569 0.28959098 -0.30135 -0.0021473314 -0.4371554 -0.1668118 0.88842285 -1.823581 -0.3060106 -0.4846014 0.41098863 1.1419134 0.8122969 -0.6936479 0.22553548 0.14739761 -0.044687558 0.29195547 0.05187735 0.38453335 0.39934114
57 -0.3706906 -0.33261296 1.2905512 -0.075019635 -0.25734195 -1.3598697 1.3714225 -0.25094858 -0.49521628 -0.42163047 0.20781407 -0.52135134 -0.64447224 -0.7964913 0.6895578 -0.69361544 0.08069661 0.049145486 0.5514492 -0.300656 0.8980704 0.58552665 -0.121443585 0.94568074 0.9603801 -0.16065396 -0.33716387 0.3789509 0.029373053 -0.24725133 -0.35380855 1.16683
72 -0.09589787 -0.9070167 -0.3721416 -0.5361668 0.40016663 -0.2004071 0.81152135 -1.3650736 -1.360372 -0.88950825 0.012548151 -0.29096022 -1.854046 -0.6307455 0.0327648 -0.8550772 0.058240704 0.10145322 0.3140358 -0.024001278 1.7265102 1.3218713 0.081000276 0.44839713 -0.259915 0.4656274 0.18351567 1.0149715 0.5042398 -0.49314436 -0.19427553 1.2889065
127 -0.0856939 -0.666769 1.2443078 -0.711468 0.08924482 -0.40308276 1.3582523 1.0428468 -0.4113433 -0.32898492 0.0956807 -0.48090026 0.111239865 -0.20738365 0.291997 0.18006092 -1.1708359 0.83811224 0.70912653 -0.4842566 0.56991225 -0.26260298 0.91140985 0.4983835 0.73614955 0.4951645 0.25540015 1.0596893 0.2790294 0.13656107 -0.96053773 -0.22203118
42 0.48149082 -1.3600703 -0.25559714 -0.62753415 0.5952945 -0.5325543 0.7535503 -0.41375455 -0.44731516 -0.92140776 0.1817311 -0.5613847 0.48874235 -1.0677257 -0.02876451 0.23778689 0.7318333 0.036635224 0.77285963 0.65227556 0.7499076 0.9510801 -0.37835437 0.25645941 -0.4128134 0.4502461 -0.3877744 0.943927 -0.08111497 -0.029789066 0.29187328 -0.109438166
43 -0.019400729 -0.7234139 0.2906354 0.12375177 0.30864796 -1.2235103 0.7104846 -0.84753656 -0.10726722 -0.9496766 0.4301132 -0.79991364 0.08460208 -0.60047144 -0.6734033 -0.041447885 0.82231885 -0.25136352 0.10122274 0.4144268 1.1978643 1.2911521 0.079510145 -0.29203692 -0.27035093 0.3725486 -0.90634066 0.6034799 -0.14566019 0.14235806 -0.4283044 0.044245403
44 -0.39268053 -0.5002597 0.5093792 -0.111143544 -0.037918057 -0.9240382 0.906561 -0.05665331 -0.451403 -0.6426606 0.12781423 -0.24230334 -0.6478275 -0.7181218 -0.33510104 -0.5106184 -0.06807834 0.25271103 0.2741938 -0.16596766 0.6112907 0.740908 0.0039268597 0.2873501 0.8161912 0.367872 -0.9102788 0.99652785 -0.0061501274 0.18957293 0.040393364 0.9303063
45 -0.50741565 -1.0812247 0.17141858 -0.07228438 -0.26290953 -0.4425473 1.2624658 0.5464433 -0.41779077 -0.30780065 0.847304 -0.8523094 0.124533884 -0.15250418 0.13361831 -0.3168513 -0.20209058 0.8794165 0.43958056 0.084522754 -0.10990677 -0.3770401 1.0376544 0.5916945 1.4275221 0.4148205 -0.48063782 0.50327176 0.6519025 0.2905704 -1.3658978 -0.25535306
46 -0.8753461 -0.98434174 -0.39728016 0.5415056 -0.8373457 0.05768143 1.1364466 0.48079613 -1.2311245 0.12801766 0.93023235 -0.65492266 -0.37706244 -0.74632496 -0.25133893 -0.3862507 -0.07260635 0.5469764 0.33188364 0.44025102 -0.026726395 -0.5425127 1.4106139 0.07472375 0.8144297 0.4812964 0.13071886 0.02391447 0.6653924 0.09223472 -0.9041448 -0.3439916
52 -0.29059362 -0.29637244 0.041574605 -0.3483373 -0.8202099 0.1063536 0.18548127 0.49698958 -0.52390444 0.5672223 0.09412328 -0.54694337 0.9235983 0.201343 0.031880632 -0.551812 -0.59353137 0.9372019 -1.2300211 -0.044618994 -0.16748299 0.67789406 1.0153533 0.8667995 -0.38313094 -0.16531396 -0.19263707 0.27800143 0.22451562 -0.4745915 0.27489477 0.20852976
69 -0.33925214 -0.18053259 -0.34297922 0.22736207 -0.8121008 -0.47823167 1.4100304 0.74183446 -0.86799 -0.117880635 0.1378425 -0.53171694 -0.07552465 -0.3940024 0.09046275 0.07778921 0.13213666 0.44516703 -0.81240225 -0.3741497 -0.035565972 0.5055567 0.93995965 -0.45627406 -0.36029026 -0.18284231 0.7881729 -0.54044664 0.5968087 0.24005668 -0.21406578 0.32347342
100 0.18601215 -1.2359499 -0.40810406 -0.577957 0.32559735 -0.7988633 0.44843775 -0.08556972 -0.60512674 -1.1364951 0.7246894 -0.12609705 0.29695654 -1.0989888 -0.26702636 0.046166454 0.67816186 0.28832057 0.8809173 0.72004503 0.8310341 0.7578849 -0.66393864 0.6719614 -0.13794374 0.24958132 -0.6633639 1.0890751 0.010178538 -0.0065379883 0.2636913 0.25375053
101 -0.82182604 -0.877359 0.17610997 -0.02407739 -0.2329703 -0.5752744 1.361271 0.5826403 -0.25476333 -0.042063188 0.77750725 -0.9587839 -0.06746069 -0.14462408 -0.025279922 -0.29142937 -0.26508626 0.6723937 0.4570064 0.06839183 -0.13093083 -0.44913217 0.89228964 0.6130711 1.4235177 0.44651997 -0.72130924 0.4959283 0.47603726 0.45653424 -1.0269662 -0.43571606
102 -0.48222488 -1.0766729 0.13902484 0.25586444 -0.16176128 -0.24943838 0.9804407 0.6792575 -0.37253034 -0.20756462 1.0395236 -0.8879975 -0.02827866 -0.18847156 -0.0036289515 -0.50880367 0.08493124 0.63358575 0.3030458 0.05053224 -0.28544518 -0.5040083 1.1285022 0.5956064 1.3238453 0.39811954 -0.58921057 0.75656 0.74445564 0.13530399 -1.1454974 -0.50658405
108 -0.85225546 -0.9785515 -0.58522546 0.20515078 -0.7609658 -0.025920713 1.09684 0.5220578 -1.3267516 0.18313614 0.9515181 -0.818113 -0.656694 -0.5777765 -0.59584343 -0.11907963 0.1416067 1.1423775 -0.096577436 0.2526723 -0.23288228 -0.51719517 1.2012142 -0.21923678 0.570099 0.42274287 0.14954326 -0.043974128 0.59191364 0.20422846 -0.60062426 -0.39753112
125 0.59330446 -1.4953799 -0.099275105 -0.71384114 0.47654408 -0.780017 0.62241197 -0.3207078 -0.92752224 -1.4693438 0.40284392 -0.33455202 0.7755165 -1.5017116 -0.114169024 0.2519925 0.9794418 0.040147487 1.0385449 0.7418548 0.7047885 1.0969931 -0.32497504 0.58383137 -0.5343987 0.33555827 -0.2930166 0.965501 -0.3153039 0.07756016 0.35186085 -0.3265146
126 -0.111446284 -0.73489 0.17347488 -0.54941773 -0.6021742 -1.0253588 1.2604564 -0.13359685 -0.334695 -0.81311756 0.7588366 -0.60793865 -0.37996936 -0.20205966 -0.012791544 -0.18983655 0.15925063 -0.0069258055 0.34474635 -0.2939124 0.35302427 -0.29639778 0.17019957 0.64075977 0.9975851 0.49371335 -0.45812416 0.59590244 0.016875474 0.45750442 -0.7958792 0.5799177
131 0.88393176 -0.176014 -1.3893337 -0.3009485 0.18647183 -0.07795988 0.4697505 -0.53328216 0.01987134 0.69492126 0.5761459 -0.9134486 -0.62876 -0.41669035 0.70483303 0.69487405 -0.5720939 0.79826796 -0.24230748 0.50374544 0.94719386 1.3917199 1.2307299 0.73358923 0.12963219 0.8376321 -1.1018227 -0.8758264 -0.83978176 0.12497115 -1.040396 -1.5861486
138 0.81855726 -0.12916037 -1.3913319 -0.3393714 0.19695365 -0.11253681 0.48200455 -0.37084126 -0.10436787 0.671828 0.6462104 -0.5944373 -0.4614369 -0.34806618 0.7234728 0.56499785 -0.61736834 0.95306754 -0.46704 0.36218923 0.716342 1.5677352 1.128394 0.846683 -0.22267646 0.7831591 -1.2171866 -0.81492645 -0.7907508 0.19823028 -0.83330905 -1.5132837
139 -0.17307708 -0.8430285 0.4762669 0.49459633 0.32488173 -1.2465206 0.5613616 -0.9134467 -0.4182221 -0.6884086 0.25201485 -0.90814614 -0.39394212 -0.64044863 -0.43503377 0.45553598 0.38712606 -0.85845983 0.6324399 0.45505407 1.0442218 1.1902874 0.33841452 0.039120406 -0.5786324 0.23981011 -0.71768206 0.6835681 -0.8461146 -0.059668068 -0.029522557 -0.5456854
140 -0.33145484 -0.74372375 0.39949754 -0.2771901 -0.5163713 -0.91948813 0.9056587 0.19871365 -0.6139242 -0.5273403 0.76084244 -0.8341123 -0.16938896 0.08508385 -0.061217096 -0.3153229 -0.10125285 0.21641254 0.44567606 0.12904094 -0.15139244 -0.35197788 0.7632986 0.72178155 1.2015651 0.4116125 -0.7487702 0.6542528 0.27801847 0.3596297 -1.0804886 0.2980177
144 -0.5240693 -0.9136173 0.41498113 -0.14922966 -0.5844141 -0.6939495 0.9770504 0.2850464 -0.5619654 -0.5788024 0.8596606 -0.51054645 -0.11131935 -0.49334237 0.10747463 -0.4437346 -0.09888823 0.15622234 0.6409447 -0.089211054 -0.19558598 -0.24378304 0.6436364 1.0122964 1.3409433 0.45221257 -0.5776069 0.6326842 0.17778927 0.43217108 -1.0882546 0.049834866
145 0.5536063 -1.3491607 -0.07019167 -0.66099745 0.34333146 -0.8022626 0.551101 -0.33366454 -0.70798016 -1.0321515 0.4224831 -0.4861102 0.60582525 -1.1654953 -0.10919601 0.47024238 0.71819365 -0.10200729 0.9205467 0.95648366 0.4209067 1.0398607 -0.41803595 0.6146035 -0.66617775 0.15966015 -0.45500022 1.0076526 -0.43560687 0.03962934 0.42615333 -0.36876443
150 0.39850026 -0.23891614 -1.1911852 -0.232681 0.21379815 -0.4314005 -0.01707374 -0.30157402 0.054970123 0.4568764 0.5490265 -0.16661485 -0.37273785 -0.8416109 0.5236938 0.07484535 -0.22373578 0.67004263 -0.40136886 -0.37275657 0.54981524 1.5972168 1.2267412 0.7044169 0.064832985 0.91616166 -0.84573525 -0.49647722 -1.1858183 -0.2900716 -0.7303176 -1.331924
71 0.7861766 -0.11891215 0.3723378 -0.09885423 0.7355157 -0.44596398 1.3184814 -0.85628426 -0.46386838 0.16878425 -0.16799004 -0.73871183 -0.20077313 -0.59560883 0.41307414 0.68159187 -0.24764737 -0.23512703 0.22148545 1.0691264 0.39903507 1.1432406 0.5170438 0.346745 -0.0064735888 0.06505772 -0.3586638 0.72452706 -0.90246403 -0.9140316 0.3860138 -0.81434613
78 -0.84308726 -0.8398925 -0.18602368 0.58381575 -0.50171727 -0.059846733 0.5518608 1.2129346 -0.8022774 0.007281528 0.40691105 -0.45817092 -0.9561864 -0.9758047 -0.78723097 -0.47161052 -0.38729438 0.6760642 -0.14155996 0.909115 0.17289895 0.5151599 0.8263863 0.22379875 -0.5867201 -0.57840127 0.5872331 -0.01960456 0.56707525 -0.101380445 -0.7772427 -0.5919676
132 -0.5137136 -0.3692238 0.24601284 -0.516927 -1.5697415 -0.20317495 0.4694162 0.34530953 -0.9461572 0.7988032 -0.4798614 -0.113290876 1.1120161 -0.41132218 0.37124023 -0.40709054 -0.7169978 0.22143993 -1.2802548 -0.1332664 -0.30828735 1.2162249 0.696161 1.0912671 -0.38814056 0.6234439 0.54016244 0.6625452 0.34962896 -0.6414287 0.3706313 0.55031043
134 0.28743786 -0.921385 1.456857 -0.9504815 0.028103841 -0.5161059 1.9272283 1.4351593 -0.2837107 -0.3589467 0.15332352 -0.5831282 0.42702454 0.0018084666 0.281721 0.32288182 -1.3087833 1.1531227 0.53063047 -0.58778906 0.8618323 -0.32429314 1.1638142 0.2913298 0.65164757 0.4663664 0.47290194 1.5498784 0.633919 0.27828655 -0.8329149 -0.2679695
141 -0.16367587 -0.10611805 -0.66187495 0.39978042 -0.25761878 -0.32625765 0.5579619 1.4376109 -1.0103383 0.068959296 0.3014283 -0.7766401 -0.82867503 -0.7001882 -0.36778575 -0.33732566 -0.35445467 0.61374354 -1.5007282 0.43176168 0.2522959 0.9442359 0.6960712 0.4569296 -0.6227579 -0.15075095 0.8878511 -0.35961458 0.60564005 0.4083799 -0.34250766 -0.13271709
146 0.6898152 0.024770936 -0.100640655 -0.02742518 0.058736235 -0.32833984 1.5538201 -1.041277 -0.12587647 0.4245504 0.64277726 -0.050375476 -0.3180067 -0.96070486 0.6837039 0.621568 -0.0011019065 0.07912764 0.34972933 0.548432 1.2490638 1.099437 1.2251209 0.36355194 0.16488378 -0.06150253 -0.74381983 0.36680722 -1.4938813 -1.4741459 0.53394157 -1.6021891
88 -0.18017569 -0.20064409 -0.27893662 -0.015082135 -0.7860105 -0.39620134 0.43102452 0.8778612 -1.1522218 0.83268505 -0.10463374 -0.5768491 0.29559246 -0.44222453 0.20681544 0.036651097 -0.6031762 -0.034452826 -1.51185 -0.59990036 -0.43754625 0.53541607 0.92039955 0.5675243 -0.21566495 0.3030695 0.5558405 0.3431576 0.18412617 -0.014725401 0.10152411 0.13182855
96 0.83886003 0.2685908 0.40319803 -0.45456907 0.59304744 -0.8726072 1.3561773 -0.93697387 -0.47092712 0.026031192 0.16855703 -0.60375303 -0.15303804 -1.039766 0.3741407 0.9430061 0.3089684 0.6780806 0.024475137 1.8869318 -0.024269404 1.1597949 0.6797554 0.19878681 -0.026991205 -0.023140822 -1.0149025 0.20361444 -1.0053887 -1.6501144 0.33917296 -0.4933651
75 0.5871903 0.38156196 0.1883981 -0.48213148 0.37098226 -1.0756977 1.5012282 -0.8910301 -0.3031328 0.44920683 0.25924736 -0.35738972 -0.4433618 -1.0689031 0.48977154 1.0912061 0.28177103 0.5261662 -0.13720728 1.6845406 0.12176275 0.99859446 0.70197016 0.18199036 0.021657772 0.16726781 -1.047884 -0.069815345 -1.1514043 -1.4847388 0.30048904 -0.65278625
148 0.7619972 0.096965425 -0.5650354 -0.35949248 0.10957674 -0.21119352 0.90704656 -0.6155742 -0.08571746 0.6695567 0.64611995 0.20749928 -0.23327965 -0.91591406 0.7817271 0.32793015 0.0017467927 0.44085598 0.3331602 0.3228072 0.77294475 1.1744999 1.2327696 0.3378898 -0.33744884 0.054608557 -0.8597857 -0.100414746 -1.0969193 -0.8572399 -0.08897287 -1.3868597
62 1.2060633 0.18523972 -0.1287244 -0.44436634 0.13894182 -0.60845435 0.5626399 -1.0026641 -0.19886981 0.20957687 0.22512192 -0.23746149 -0.891498 -0.45370662 0.7374881 1.1097008 -0.596684 0.07297445 0.40349993 0.44554803 -0.03610033 1.6685079 1.0604459 0.048660606 -0.2961653 0.17918472 -0.25479645 0.706373 0.10248211 -0.330463 -0.80757385 -0.71183443
106 1.1321232 0.21180375 -0.54370296 -0.790332 -0.10774076 -0.8634235 0.22655694 -1.045835 0.020516945 0.74291885 0.9098281 0.05326525 -0.85605466 -0.88187873 0.61770856 1.1933956 -0.2760757 0.363985 0.43855274 0.8061299 -0.14734659 1.8629102 1.15863 0.2489002 -0.5781078 -0.08346625 -0.82054263 0.48120052 0.5979372 -0.30722395 -1.0068365 -0.48494583
53 0.85249233 0.26129463 -0.8723495 -0.86851776 -0.2585497 -0.9291335 0.30423823 -1.1347393 -0.02532914 0.8362096 0.9510456 0.20146343 -1.0881748 -0.9355465 0.7406495 0.9525953 -0.29478163 0.6369635 0.28418383 0.5092944 -0.04451219 1.8770748 1.189819 0.32826748 -0.61398345 0.10131641 -0.9243673 0.13633001 0.33263507 -0.21844523 -1.1636858 -0.50699615
65 1.0718501 -0.19873925 -1.0317844 -0.65947026 -0.2848808 -0.48880175 0.46035594 -0.084819034 -0.19496901 -0.13330728 0.5133221 0.67868143 0.66760665 -1.903072 0.8660072 0.18446502 0.21809603 0.80029327 -0.071572036 -0.44529173 0.37207842 1.8131605 1.0076795 0.7851774 0.3857494 0.48049176 -0.046321478 -0.47855285 -1.1956198 0.06516422 -0.29519922 -1.5608808
130 0.76295125 0.3723822 -0.623939 -0.7639523 -0.28066462 -0.7435095 0.3581946 -1.191882 -0.27856737 0.8311741 0.8702422 0.31756043 -1.024777 -1.179686 0.81407297 0.8841377 -0.3929711 0.34454837 0.60699517 0.7780803 -0.017896306 2.1058812 1.1737225 0.5114691 -0.61646014 -0.07292728 -0.8697815 0.23159388 0.35748795 -0.1770966 -1.1608056 -0.57108027
149 0.14462471 -0.28963065 -1.1855865 0.030808302 0.34910035 -0.13776284 -0.008148874 -0.710665 0.07202543 0.6682095 0.6412132 -0.5310471 -0.6006286 -0.50830996 0.57768047 0.17515562 -0.4817452 0.46805778 -0.22694366 -0.1170998 0.9386326 1.806887 1.353727 0.71882224 -0.2548226 0.7858777 -0.8968363 -0.30928686 -0.9612964 -0.5771151 -0.74241304 -1.39068
47 1.2573236 -0.2418247 -1.3512219 -0.8457361 -0.3508869 -0.75671875 0.36463276 0.03474031 -0.3107003 -0.2193669 0.6876022 0.53005147 1.1602491 -2.13279 1.093033 0.34231654 0.6482542 1.07583 -0.23604654 -0.3888182 0.42216596 1.6782632 1.0649301 0.97427875 0.44227368 0.6081512 0.0633114 -0.7741816 -1.227838 0.22186385 -0.25023884 -1.7988073
152 1.0394315 -0.33897147 -1.2325764 -0.8049943 -0.4762056 -0.73569405 0.28702405 0.03549582 -0.19067867 -0.17325142 0.39538467 0.61298454 0.94339496 -2.1438868 0.8874165 0.22974874 0.4314184 0.7884716 -0.10895506 -0.67931074 0.59793276 1.7732722 1.0747839 0.81648326 0.47606727 0.797618 0.16346362 -0.6387804 -1.283856 0.35863706 -0.3439809 -1.5855589
66 0.1138721 -0.57737416 -1.2749876 0.15404166 0.28331947 0.008727198 -0.38899177 -0.6332003 0.26753253 0.5273884 0.8006969 -0.69295174 -0.3208947 -0.45671934 0.6846217 -0.14019038 -0.27884668 0.90779364 -0.19540088 -0.0951091 0.9394682 1.9208379 1.7698956 0.5639104 -0.323202 0.7864904 -1.2624817 -0.16236041 -0.75371283 -0.8790243 -0.8988983 -1.5102836
67 -0.20483813 0.03761632 0.90460414 -0.60971105 -0.039115198 -0.84340715 0.75203425 1.2921864 -0.9557538 -0.7820512 -0.07876918 -1.1112325 -0.44677174 -0.24940239 -0.08741757 -0.4809257 -0.8553871 0.4742908 0.7003042 0.17345873 0.4851966 -0.41583973 0.61911863 0.8945295 0.5977639 0.11327211 -0.57343656 0.25146577 -0.20053819 0.3227495 -0.9539288 0.16968657
68 0.2396616 -0.7571876 -0.47898102 -0.5210381 0.45589447 -0.5505298 0.6495653 0.06591225 -0.2835411 0.11081155 -0.0028153937 -0.88191116 -0.14079075 -1.0823061 -0.34244728 -0.29380226 0.21450144 0.04674479 0.41682234 0.56681144 1.0380722 0.5354088 -0.1950639 0.26733032 -0.14620599 0.9250998 -1.1293787 0.6719049 -0.1365739 -0.00038540558 -0.14058942 1.0440897
70 0.26844543 -0.1715327 0.14695443 -0.36302614 -0.29381913 -0.99524146 0.84293634 0.4597682 -0.71283984 -0.7369093 -0.14669882 -1.308421 -0.4426396 -0.69249594 0.32993615 -0.29908812 0.0018948903 -0.15354855 0.36699802 0.046508625 0.87581843 -0.27992374 0.1754046 0.4591939 0.5556297 0.63959867 -0.9301361 0.48278335 -0.29671744 -0.28539926 -0.4648873 1.1403726
107 0.11122668 -1.2253814 -0.35297018 -0.7931675 0.38260806 -0.53447884 0.70264167 -0.20777392 -0.39260367 0.33946055 -0.26320392 -1.0009041 -0.05547328 -1.1873933 -0.39266267 -0.002153007 0.44810712 0.017347716 0.8311948 0.8237262 0.8622536 0.35398892 -0.10244767 0.25365326 -0.3381537 0.7957128 -0.99186313 0.40020043 -0.21172868 0.22985002 -0.16386604 0.6663853
109 -0.38024276 -0.130923 1.195653 -0.639335 -0.070466265 -0.81326747 0.47856238 1.132668 -1.0918299 -0.7896586 -0.49720773 -0.9521745 -0.3363066 -0.5294653 -0.3776939 -0.47118452 -0.83736986 0.15321606 1.0544375 0.34151727 0.617836 -0.4488502 0.8596824 1.0406893 0.67810684 0.20614047 -0.5261728 -0.057772107 -0.24575856 0.19952169 -0.9389172 0.121372156
110 0.14802721 -1.1103413 0.52140105 -0.90426826 0.25396937 -0.5625033 0.97712487 -0.4185681 -0.5277601 -0.0011627448 -0.60245025 -0.97784644 0.05889433 -1.2680813 -0.16208133 0.3978623 0.18393423 -0.5164265 1.3994418 1.1070381 0.50788075 0.73594886 -0.017967157 0.28252116 -0.7674351 0.19186325 -0.2131643 0.47376278 -0.6982739 0.12416144 0.030402632 -0.4962836
111 0.10973746 -1.0745873 -0.35123894 -0.580643 0.5087228 -0.43183166 0.40276885 0.10114901 -0.24710342 0.22030675 -0.09437641 -0.97584856 0.3416581 -1.2521929 -0.16442989 0.06516253 0.2676569 0.085772425 0.8684418 0.6276891 1.3079685 0.5471678 -0.028047187 0.123540655 -0.23087281 0.7440008 -1.1004589 0.44349003 0.15414453 0.03805243 -0.013509864 0.9879518
112 0.6982372 -0.53172415 -0.020196846 -0.35175204 0.13706143 -0.5363279 0.7804292 0.34405634 -0.34625533 -0.28399846 0.026228232 -0.92577845 -0.12680916 -1.1570127 -0.071711816 -0.51617163 0.28432 -0.16755378 0.6384459 0.53736496 1.056317 -0.0063921027 0.31310415 0.40346617 0.18331546 0.70506984 -1.0601896 0.4767854 -0.1472664 0.13071786 -0.25086978 1.2672914
113 0.45287588 -0.3310976 -0.15020238 -0.7043721 -0.12641421 -0.72731125 0.86336464 0.50314856 -0.21186487 -0.37056106 -0.022381805 -0.9938417 -0.33093062 -0.9858298 -0.021711169 -0.4853462 0.05851358 -0.083769985 0.4050488 0.45961204 0.99114877 0.004384671 -0.004476531 0.2315484 0.06304705 0.74234486 -1.1395108 0.42951846 0.023786115 -0.10977495 -0.25804967 1.4417505
114 0.16496547 -1.0792918 -0.579361 -0.5431868 0.38348547 -0.43921924 0.6027935 -0.08533594 -0.12501606 0.2344353 -0.21156688 -0.9562872 0.17721993 -1.451661 -0.3925867 -0.042005327 0.23507456 -0.09683409 0.73066145 0.7551907 1.1694655 0.6303514 0.02185916 0.24340637 -0.26801562 0.78253365 -1.0150725 0.5040362 0.09504864 0.2338052 -0.2099021 0.94838524
115 0.33074796 -1.4611093 -0.22657633 -0.86663777 0.6049487 -0.27180493 0.78869814 -0.3521394 -0.03848987 0.33394444 -0.67504 -1.3312684 0.24225469 -1.1063632 -0.05770602 -0.009580575 0.3106104 -0.03757134 0.71811897 1.109723 0.9025093 0.68558246 -0.21428335 0.1528076 -0.5168223 0.47392046 -0.65578353 0.7006896 -0.038099624 -0.090819396 -0.31914106 0.31901124
116 0.06587346 -0.17353632 0.76564693 -0.7315108 -0.109533034 -0.904493 0.7431118 1.0682942 -0.73564136 -0.8162562 0.09603121 -1.0717752 -0.26667953 -0.71855634 0.093672484 -0.5112947 -0.22554757 0.20074788 0.5491495 0.12990262 0.8117081 -0.5719209 0.4737828 0.73822343 0.2361468 0.5292755 -0.98656464 0.3035592 -0.3176235 -0.23403451 -0.4428152 1.0838829
117 0.41759473 -0.2842844 0.48616022 -0.38698116 -0.11840789 -0.8738995 0.8533192 0.76022553 -0.4770722 -0.70273226 0.023732854 -0.99631405 -0.5042941 -0.6667639 0.038749795 -0.40386885 0.013025937 -0.077898264 0.39920864 0.1801553 1.2204281 -0.3744539 0.3624047 0.55415684 0.45287138 0.7226735 -1.1929603 0.37304753 -0.3179371 -0.13187532 -0.22171734 1.1492203
118 0.25444013 -1.2883066 -0.07139444 -0.41855705 0.76080793 -0.23893738 0.84727275 -0.33216992 -0.23795195 0.40846038 -0.5938213 -1.0017811 0.1572226 -1.2957042 -0.19924936 0.3361852 0.077428274 -0.33564556 0.8132754 1.0960721 0.9068912 0.7004372 0.07582161 0.2223747 -0.23003328 0.49402258 -0.61316186 0.7755596 -0.090402104 -0.037061486 0.02497462 0.37319684
119 0.3613372 -0.08643423 0.5058581 -0.5244707 -0.13791877 -1.099107 0.7566341 0.5448759 -0.6293901 -0.6776513 0.11256226 -1.0758413 0.06362418 -0.8883768 0.2437683 -0.4373157 0.31008056 0.12867823 0.37527072 0.121102996 1.2313572 -0.34049717 0.29457512 0.4286231 0.48598802 0.46067664 -1.1044763 0.38991684 -0.19932036 -0.19335002 -0.38802007 1.3259264
120 0.38410828 -1.3194351 0.19857474 -0.8992466 0.18900743 -0.5187767 1.1634042 -0.43502808 -0.4959149 0.11989095 -0.59071887 -1.1930023 0.1416395 -0.84356236 0.091187045 0.6561415 0.10887445 -0.4694254 0.9702243 0.9445937 0.47283146 0.5914547 -0.06275603 0.0687586 -1.0346422 0.33746246 -0.51163363 0.24799627 -0.5412029 0.22195572 -0.06276422 -0.08966767
121 0.20614769 -1.1454184 -0.5370887 -0.4572697 0.4121546 -0.5201176 0.32870883 0.108214155 -0.2003209 0.15275997 -0.04087118 -1.0121766 -0.13458972 -1.3872716 -0.2959543 -0.27342132 0.29752508 -0.40825075 0.715312 0.53051424 1.119331 0.3321469 0.16872483 0.38201332 -0.17232054 0.9402457 -1.0568744 0.82775795 0.0028900856 0.013456951 -0.03946524 1.0234565
122 0.20793514 -1.3230647 -0.4272456 -0.8948843 0.53648263 -0.33886433 0.72750354 -0.3587469 -0.090104945 0.31395775 -0.3624225 -1.1670694 0.17795467 -1.2574284 -0.28990367 0.1437372 0.14092202 -0.34637028 0.9554261 0.86997855 1.028589 0.7722015 0.1391429 0.12857956 -0.45859003 0.9839003 -0.7397726 0.5108172 -0.03042267 0.06179756 -0.10444436 0.69008124
123 0.5220672 -0.2359045 0.5163338 -0.47573018 -0.15949062 -0.8577048 0.98723555 0.6118688 -0.53655654 -0.58912355 0.07350312 -1.1112683 -0.07214141 -0.9238016 0.11991124 -0.35157752 0.20104796 0.11091744 0.4813728 0.16850153 1.3836763 -0.44951892 0.2968063 0.5318153 0.52665937 0.57874393 -1.2646635 0.31235468 -0.2391211 -0.18425998 -0.29361522 1.2134916
124 0.44546843 -0.2791491 0.42810532 -0.33283782 -0.111253 -1.0308118 0.9298505 0.5767121 -0.82161725 -0.6176118 0.118712634 -1.2089995 -0.056854382 -0.71364135 0.43159553 -0.36587748 0.30799177 0.054827143 0.48263386 0.012830357 1.3898304 -0.395199 0.19038136 0.61596566 0.43092996 0.5080306 -1.2293503 0.33088687 -0.22309478 -0.2070405 -0.33220834 1.2063241
151 0.08471213 -0.3989247 -1.1419277 0.276139 0.14849025 0.0034613893 -0.42730087 -0.68849474 0.2912783 0.42591995 0.63377243 -0.61181027 -0.583456 -0.8239924 0.6615849 -0.2445619 -0.14707628 0.6327524 -0.11198283 -0.3292256 1.1886795 2.017892 1.7525228 0.5098179 -0.33508614 0.83143747 -1.0564224 -0.24658863 -0.91541743 -0.96289593 -0.8320613 -1.3164276
129 0.6587332 -0.036304515 -0.5237735 -0.0056912997 0.23352028 -0.1836342 0.75246626 -0.85874456 -0.043648392 0.15243113 0.34225634 -0.5856995 -0.25569278 -0.319441 0.4210255 0.6413919 -0.43591258 0.5328027 0.04562085 0.50702673 0.59795564 1.36131 0.9713437 0.30847353 -0.04274193 0.317247 -0.7876063 -0.14426823 -0.91228867 -0.4171952 -0.52340096 -1.3087369
