15 17
15 21
15 29
15 35
15 39
15 48
15 50
15 56
15 63
15 66
15 79
15 80
15 89
15 95
15 102
15 105
15 113
15 116
15 118
15 119
15 120
15 122
15 123
15 132
15 134
15 150
15 153
15 154
15 164
15 172
15 179
15 181
15 184
15 185
15 194
15 196
15 205
15 209
15 222
15 223
15 240
15 242
15 253
15 255
15 267
15 271
15 272
15 273
15 275
15 285
15 311
15 335
15 374
15 431
15 448
15 481
15 492
15 494
15 496
15 499
15 511
15 513
15 601
15 603
15 662
15 709
15 762
15 765
15 771
15 778
15 782
15 786
15 791
15 804
15 819
15 826
15 845
15 875
15 938
15 939
15 987
17 21
17 29
17 35
17 39
17 48
17 50
17 56
17 63
17 66
17 79
17 80
17 89
17 95
17 101
17 102
17 105
17 113
17 116
17 118
17 119
17 120
17 122
17 123
17 131
17 132
17 134
17 150
17 153
17 154
17 164
17 172
17 179
17 181
17 184
17 185
17 194
17 196
17 205
17 209
17 222
17 223
17 240
17 242
17 253
17 255
17 265
17 267
17 271
17 272
17 273
17 275
17 285
17 311
17 335
17 374
17 431
17 448
17 481
17 492
17 494
17 496
17 499
17 511
17 513
17 601
17 603
17 662
17 751
17 762
17 765
17 771
17 778
17 782
17 784
17 786
17 791
17 804
17 819
17 826
17 845
17 875
17 938
17 939
17 987
21 29
21 35
21 39
21 48
21 50
21 56
21 63
21 66
21 79
21 80
21 89
21 95
21 101
21 102
21 105
21 113
21 116
21 118
21 119
21 120
21 122
21 123
21 132
21 134
21 150
21 153
21 154
21 164
21 172
21 179
21 181
21 184
21 185
21 194
21 196
21 205
21 209
21 222
21 223
21 240
21 242
21 253
21 255
21 267
21 271
21 272
21 273
21 275
21 285
21 311
21 335
21 374
21 431
21 448
21 481
21 492
21 494
21 496
21 499
21 511
21 513
21 601
21 603
21 662
21 709
21 751
21 762
21 765
21 771
21 778
21 782
21 784
21 786
21 791
21 804
21 819
21 826
21 845
21 875
21 938
21 939
21 987
29 35
29 39
29 48
29 50
29 56
29 63
29 66
29 79
29 80
29 89
29 95
29 102
29 105
29 113
29 116
29 118
29 119
29 120
29 122
29 123
29 132
29 134
29 150
29 153
29 154
29 164
29 172
29 179
29 181
29 184
29 185
29 194
29 196
29 205
29 209
29 210
29 222
29 223
29 240
29 242
29 253
29 255
29 265
29 267
29 271
29 272
29 273
29 275
29 285
29 311
29 335
29 374
29 431
29 448
29 481
29 492
29 494
29 496
29 499
29 511
29 513
29 601
29 603
29 662
29 762
29 765
29 771
29 778
29 782
29 784
29 786
29 791
29 819
29 826
29 845
29 875
29 938
29 939
29 987
35 39
35 48
35 50
35 56
35 63
35 66
35 79
35 80
35 89
35 95
35 102
35 105
35 113
35 116
35 118
35 119
35 120
35 122
35 123
35 131
35 132
35 134
35 150
35 153
35 154
35 164
35 172
35 179
35 181
35 184
35 185
35 194
35 196
35 205
35 209
35 210
35 222
35 223
35 240
35 242
35 253
35 255
35 265
35 267
35 268
35 271
35 272
35 273
35 275
35 285
35 311
35 335
35 374
35 431
35 448
35 481
35 492
35 494
35 496
35 499
35 511
35 513
35 533
35 601
35 603
35 751
35 762
35 765
35 771
35 778
35 782
35 784
35 786
35 791
35 804
35 819
35 826
35 845
35 875
35 938
35 939
35 987
39 48
39 50
39 56
39 63
39 66
39 79
39 80
39 89
39 95
39 102
39 105
39 113
39 116
39 118
39 119
39 120
39 122
39 123
39 131
39 132
39 134
39 150
39 153
39 154
39 164
39 172
39 179
39 181
39 184
39 185
39 194
39 196
39 205
39 209
39 222
39 223
39 240
39 242
39 253
39 255
39 265
39 267
39 271
39 272
39 273
39 275
39 285
39 311
39 335
39 374
39 431
39 448
39 481
39 492
39 494
39 496
39 499
39 511
39 513
39 533
39 601
39 603
39 662
39 762
39 765
39 771
39 778
39 779
39 782
39 784
39 786
39 791
39 804
39 819
39 826
39 845
39 875
39 938
39 939
39 987
48 50
48 56
48 63
48 66
48 79
48 80
48 89
48 95
48 102
48 105
48 113
48 116
48 118
48 119
48 120
48 122
48 123
48 132
48 134
48 150
48 153
48 154
48 164
48 172
48 179
48 181
48 184
48 185
48 194
48 196
48 205
48 209
48 211
48 222
48 223
48 240
48 242
48 253
48 255
48 265
48 267
48 268
48 271
48 272
48 273
48 275
48 285
48 311
48 335
48 374
48 431
48 448
48 481
48 492
48 494
48 496
48 499
48 511
48 513
48 601
48 603
48 762
48 765
48 771
48 778
48 782
48 784
48 786
48 791
48 804
48 819
48 826
48 845
48 875
48 938
48 939
48 987
50 56
50 63
50 66
50 79
50 80
50 89
50 95
50 101
50 102
50 105
50 113
50 116
50 118
50 119
50 120
50 122
50 123
50 131
50 132
50 134
50 150
50 153
50 154
50 164
50 172
50 179
50 181
50 184
50 185
50 194
50 196
50 205
50 209
50 210
50 222
50 223
50 240
50 242
50 253
50 255
50 265
50 267
50 271
50 272
50 273
50 275
50 285
50 311
50 335
50 374
50 431
50 448
50 481
50 492
50 494
50 496
50 499
50 511
50 513
50 601
50 603
50 662
50 762
50 765
50 771
50 778
50 782
50 784
50 786
50 791
50 804
50 819
50 826
50 845
50 875
50 938
50 939
50 987
56 63
56 66
56 79
56 80
56 89
56 95
56 102
56 105
56 113
56 116
56 118
56 119
56 120
56 122
56 123
56 131
56 132
56 134
56 150
56 153
56 154
56 164
56 172
56 179
56 181
56 184
56 185
56 194
56 196
56 205
56 209
56 211
56 222
56 223
56 240
56 242
56 253
56 255
56 265
56 267
56 268
56 271
56 272
56 273
56 275
56 285
56 311
56 335
56 374
56 431
56 448
56 481
56 492
56 494
56 496
56 499
56 511
56 513
56 601
56 603
56 662
56 751
56 762
56 765
56 771
56 778
56 779
56 782
56 784
56 786
56 791
56 804
56 819
56 826
56 845
56 875
56 938
56 939
56 987
63 66
63 79
63 80
63 89
63 95
63 102
63 105
63 113
63 116
63 118
63 119
63 120
63 122
63 123
63 131
63 132
63 134
63 150
63 153
63 154
63 164
63 172
63 179
63 181
63 184
63 185
63 194
63 196
63 205
63 209
63 211
63 222
63 223
63 240
63 242
63 253
63 255
63 265
63 267
63 271
63 272
63 273
63 275
63 285
63 311
63 335
63 374
63 431
63 448
63 481
63 492
63 494
63 496
63 499
63 511
63 513
63 533
63 601
63 603
63 709
63 751
63 762
63 765
63 771
63 778
63 779
63 782
63 786
63 791
63 804
63 819
63 826
63 845
63 875
63 938
63 939
63 987
66 79
66 80
66 89
66 95
66 102
66 105
66 113
66 116
66 118
66 119
66 120
66 122
66 123
66 132
66 134
66 150
66 153
66 154
66 164
66 172
66 179
66 181
66 184
66 185
66 194
66 196
66 205
66 209
66 222
66 223
66 240
66 242
66 253
66 255
66 267
66 271
66 272
66 273
66 275
66 285
66 311
66 335
66 374
66 431
66 448
66 481
66 492
66 494
66 496
66 499
66 511
66 513
66 601
66 603
66 762
66 765
66 771
66 778
66 782
66 786
66 791
66 804
66 819
66 826
66 845
66 875
66 938
66 939
66 987
79 80
79 89
79 95
79 102
79 105
79 113
79 116
79 118
79 119
79 120
79 122
79 123
79 132
79 134
79 150
79 153
79 154
79 164
79 172
79 179
79 181
79 184
79 185
79 194
79 196
79 205
79 209
79 222
79 223
79 240
79 242
79 253
79 255
79 265
79 267
79 271
79 272
79 273
79 275
79 285
79 311
79 335
79 374
79 431
79 448
79 481
79 492
79 494
79 496
79 499
79 511
79 513
79 533
79 601
79 603
79 662
79 709
79 762
79 765
79 771
79 778
79 782
79 784
79 786
79 791
79 804
79 819
79 826
79 845
79 875
79 938
79 939
79 987
80 89
80 95
80 102
80 105
80 113
80 116
80 118
80 119
80 120
80 122
80 123
80 132
80 134
80 150
80 153
80 154
80 164
80 172
80 179
80 181
80 184
80 185
80 194
80 196
80 205
80 209
80 222
80 223
80 240
80 242
80 253
80 255
80 267
80 271
80 272
80 273
80 275
80 285
80 311
80 335
80 374
80 431
80 448
80 481
80 492
80 494
80 496
80 499
80 511
80 513
80 601
80 603
80 762
80 765
80 771
80 778
80 782
80 786
80 791
80 804
80 819
80 826
80 845
80 875
80 938
80 939
80 987
89 95
89 102
89 105
89 113
89 116
89 118
89 119
89 120
89 122
89 123
89 132
89 134
89 150
89 153
89 154
89 164
89 172
89 179
89 181
89 184
89 185
89 194
89 196
89 205
89 209
89 222
89 223
89 240
89 242
89 253
89 255
89 267
89 271
89 272
89 273
89 275
89 285
89 311
89 335
89 374
89 431
89 448
89 481
89 492
89 494
89 496
89 499
89 511
89 513
89 601
89 603
89 762
89 765
89 771
89 778
89 782
89 786
89 791
89 819
89 826
89 845
89 875
89 938
89 939
89 987
95 102
95 105
95 113
95 116
95 118
95 119
95 120
95 122
95 123
95 131
95 132
95 134
95 150
95 153
95 154
95 164
95 172
95 179
95 181
95 184
95 185
95 194
95 196
95 205
95 209
95 222
95 223
95 240
95 242
95 253
95 255
95 265
95 267
95 271
95 272
95 273
95 275
95 285
95 311
95 335
95 374
95 431
95 448
95 481
95 492
95 494
95 496
95 499
95 511
95 513
95 601
95 603
95 709
95 751
95 762
95 765
95 771
95 778
95 782
95 784
95 786
95 791
95 804
95 819
95 826
95 845
95 875
95 938
95 939
95 987
101 118
101 335
101 494
101 499
101 511
101 765
101 784
101 875
102 105
102 113
102 116
102 118
102 119
102 120
102 122
102 123
102 131
102 132
102 134
102 150
102 153
102 154
102 164
102 172
102 179
102 181
102 184
102 185
102 194
102 196
102 205
102 209
102 222
102 223
102 240
102 242
102 253
102 255
102 267
102 268
102 271
102 272
102 273
102 275
102 285
102 311
102 335
102 374
102 431
102 448
102 481
102 492
102 494
102 496
102 499
102 511
102 513
102 601
102 603
102 709
102 762
102 765
102 771
102 778
102 782
102 784
102 786
102 791
102 804
102 819
102 826
102 845
102 875
102 938
102 939
102 987
105 113
105 116
105 118
105 119
105 120
105 122
105 123
105 132
105 134
105 150
105 153
105 154
105 164
105 172
105 179
105 181
105 184
105 185
105 194
105 196
105 205
105 209
105 222
105 223
105 240
105 242
105 253
105 255
105 265
105 267
105 271
105 272
105 273
105 275
105 285
105 311
105 335
105 374
105 431
105 448
105 481
105 492
105 494
105 496
105 499
105 511
105 513
105 533
105 601
105 603
105 662
105 751
105 762
105 765
105 771
105 778
105 779
105 782
105 784
105 786
105 791
105 804
105 819
105 826
105 845
105 875
105 938
105 939
105 987
113 116
113 118
113 119
113 120
113 122
113 123
113 132
113 134
113 150
113 153
113 154
113 164
113 172
113 179
113 181
113 184
113 185
113 194
113 196
113 205
113 209
113 222
113 223
113 240
113 242
113 253
113 255
113 267
113 268
113 271
113 272
113 273
113 275
113 285
113 311
113 335
113 374
113 431
113 448
113 481
113 492
113 494
113 496
113 499
113 511
113 513
113 601
113 603
113 662
113 762
113 765
113 771
113 778
113 782
113 784
113 786
113 791
113 804
113 819
113 826
113 845
113 875
113 938
113 939
113 987
116 118
116 119
116 120
116 122
116 123
116 132
116 134
116 150
116 153
116 154
116 164
116 172
116 179
116 181
116 184
116 185
116 194
116 196
116 205
116 209
116 210
116 211
116 222
116 223
116 240
116 242
116 253
116 255
116 267
116 268
116 271
116 272
116 273
116 275
116 285
116 311
116 335
116 374
116 431
116 448
116 481
116 492
116 494
116 496
116 499
116 511
116 513
116 601
116 603
116 709
116 751
116 762
116 765
116 771
116 778
116 782
116 784
116 786
116 791
116 819
116 826
116 845
116 875
116 938
116 939
116 987
118 119
118 120
118 122
118 123
118 131
118 132
118 134
118 150
118 153
118 154
118 164
118 172
118 179
118 181
118 184
118 185
118 194
118 196
118 205
118 209
118 222
118 223
118 240
118 242
118 253
118 255
118 267
118 268
118 271
118 272
118 273
118 275
118 285
118 311
118 335
118 374
118 431
118 448
118 481
118 492
118 494
118 496
118 499
118 511
118 513
118 601
118 603
118 662
118 751
118 762
118 765
118 771
118 778
118 782
118 784
118 786
118 791
118 804
118 819
118 826
118 845
118 875
118 938
118 939
118 987
119 120
119 122
119 123
119 132
119 134
119 150
119 153
119 154
119 164
119 172
119 179
119 181
119 184
119 185
119 194
119 196
119 205
119 209
119 210
119 222
119 223
119 240
119 242
119 253
119 255
119 265
119 267
119 268
119 271
119 272
119 273
119 275
119 285
119 311
119 335
119 374
119 431
119 448
119 481
119 492
119 494
119 496
119 499
119 511
119 513
119 533
119 601
119 603
119 662
119 709
119 751
119 762
119 765
119 771
119 778
119 782
119 784
119 786
119 791
119 804
119 819
119 826
119 845
119 875
119 938
119 939
119 987
120 122
120 123
120 132
120 134
120 150
120 153
120 154
120 164
120 172
120 179
120 181
120 184
120 185
120 194
120 196
120 205
120 209
120 222
120 223
120 240
120 242
120 253
120 255
120 265
120 267
120 268
120 271
120 272
120 273
120 275
120 285
120 311
120 335
120 374
120 431
120 448
120 481
120 492
120 494
120 496
120 499
120 511
120 513
120 533
120 601
120 603
120 662
120 709
120 751
120 762
120 765
120 771
120 778
120 779
120 782
120 786
120 791
120 804
120 819
120 826
120 845
120 875
120 938
120 939
120 987
122 123
122 132
122 134
122 150
122 153
122 154
122 164
122 172
122 179
122 181
122 184
122 185
122 194
122 196
122 205
122 209
122 222
122 223
122 240
122 242
122 253
122 255
122 267
122 271
122 272
122 273
122 275
122 285
122 311
122 335
122 374
122 431
122 448
122 481
122 492
122 494
122 496
122 499
122 511
122 513
122 601
122 603
122 762
122 765
122 771
122 778
122 782
122 786
122 791
122 819
122 826
122 845
122 875
122 938
122 939
122 987
123 131
123 132
123 134
123 150
123 153
123 154
123 164
123 172
123 179
123 181
123 184
123 185
123 194
123 196
123 205
123 209
123 222
123 223
123 240
123 242
123 253
123 255
123 267
123 271
123 272
123 273
123 275
123 285
123 311
123 335
123 374
123 431
123 448
123 481
123 492
123 494
123 496
123 499
123 511
123 513
123 601
123 603
123 709
123 762
123 765
123 771
123 778
123 782
123 784
123 786
123 791
123 804
123 819
123 826
123 845
123 875
123 938
123 939
123 987
131 132
131 134
131 150
131 153
131 154
131 194
131 210
131 211
131 240
131 242
131 253
131 271
131 273
131 335
131 448
131 511
131 603
131 751
131 762
131 771
131 778
131 784
131 804
131 819
131 826
131 845
131 938
131 987
132 134
132 150
132 153
132 154
132 164
132 172
132 179
132 181
132 184
132 185
132 194
132 196
132 205
132 209
132 211
132 222
132 223
132 240
132 242
132 253
132 255
132 265
132 267
132 268
132 271
132 272
132 273
132 275
132 285
132 311
132 335
132 374
132 431
132 448
132 481
132 492
132 494
132 496
132 499
132 511
132 513
132 601
132 603
132 709
132 751
132 762
132 765
132 771
132 778
132 782
132 786
132 791
132 819
132 826
132 845
132 875
132 938
132 939
132 987
134 150
134 153
134 154
134 164
134 172
134 179
134 181
134 184
134 185
134 194
134 196
134 205
134 209
134 222
134 223
134 240
134 242
134 253
134 255
134 267
134 268
134 271
134 272
134 273
134 275
134 285
134 311
134 335
134 374
134 431
134 448
134 481
134 492
134 494
134 496
134 499
134 511
134 513
134 601
134 603
134 751
134 762
134 765
134 771
134 778
134 782
134 784
134 786
134 791
134 804
134 819
134 826
134 845
134 875
134 938
134 939
134 987
150 153
150 154
150 164
150 172
150 179
150 181
150 184
150 185
150 194
150 196
150 205
150 209
150 222
150 223
150 240
150 242
150 253
150 255
150 265
150 267
150 271
150 272
150 273
150 275
150 285
150 311
150 335
150 374
150 431
150 448
150 481
150 492
150 494
150 496
150 499
150 511
150 513
150 533
150 601
150 603
150 709
150 751
150 762
150 765
150 771
150 778
150 782
150 786
150 791
150 804
150 819
150 826
150 845
150 875
150 938
150 939
150 987
153 154
153 164
153 172
153 179
153 181
153 184
153 185
153 194
153 196
153 205
153 209
153 222
153 223
153 240
153 242
153 253
153 255
153 265
153 267
153 271
153 272
153 273
153 275
153 285
153 311
153 335
153 374
153 431
153 448
153 481
153 492
153 494
153 496
153 499
153 511
153 513
153 533
153 601
153 603
153 709
153 751
153 762
153 765
153 771
153 778
153 782
153 784
153 786
153 791
153 804
153 819
153 826
153 845
153 875
153 938
153 939
153 987
154 164
154 172
154 179
154 181
154 184
154 185
154 194
154 196
154 205
154 209
154 211
154 222
154 223
154 240
154 242
154 253
154 255
154 265
154 267
154 271
154 272
154 273
154 275
154 285
154 311
154 335
154 374
154 431
154 448
154 481
154 492
154 494
154 496
154 499
154 511
154 513
154 533
154 601
154 603
154 751
154 762
154 765
154 771
154 778
154 779
154 782
154 784
154 786
154 791
154 819
154 826
154 845
154 875
154 938
154 939
154 987
164 172
164 179
164 181
164 184
164 185
164 194
164 196
164 205
164 209
164 222
164 223
164 240
164 242
164 253
164 255
164 267
164 271
164 272
164 273
164 275
164 285
164 311
164 335
164 374
164 431
164 448
164 481
164 492
164 494
164 496
164 499
164 511
164 513
164 601
164 603
164 762
164 765
164 771
164 778
164 782
164 786
164 791
164 804
164 819
164 826
164 845
164 875
164 938
164 939
164 987
172 179
172 181
172 184
172 185
172 194
172 196
172 205
172 209
172 211
172 222
172 223
172 240
172 242
172 253
172 255
172 265
172 267
172 268
172 271
172 272
172 273
172 275
172 285
172 311
172 335
172 374
172 431
172 448
172 481
172 492
172 494
172 496
172 499
172 511
172 513
172 601
172 603
172 709
172 751
172 762
172 765
172 771
172 778
172 782
172 786
172 791
172 804
172 819
172 826
172 845
172 875
172 938
172 939
172 987
179 181
179 184
179 185
179 194
179 196
179 205
179 209
179 222
179 223
179 240
179 242
179 253
179 255
179 267
179 268
179 271
179 272
179 273
179 275
179 285
179 311
179 335
179 374
179 431
179 448
179 481
179 492
179 494
179 496
179 499
179 511
179 513
179 601
179 603
179 709
179 751
179 762
179 765
179 771
179 778
179 782
179 786
179 791
179 804
179 819
179 826
179 845
179 875
179 938
179 939
179 987
181 184
181 185
181 194
181 196
181 205
181 209
181 222
181 223
181 240
181 242
181 253
181 255
181 267
181 271
181 272
181 273
181 275
181 285
181 311
181 335
181 374
181 431
181 448
181 481
181 492
181 494
181 496
181 499
181 511
181 513
181 601
181 603
181 662
181 762
181 765
181 771
181 778
181 779
181 782
181 786
181 791
181 819
181 826
181 845
181 875
181 938
181 939
181 987
184 185
184 194
184 196
184 205
184 209
184 211
184 222
184 223
184 240
184 242
184 253
184 255
184 265
184 267
184 268
184 271
184 272
184 273
184 275
184 285
184 311
184 335
184 374
184 431
184 448
184 481
184 492
184 494
184 496
184 499
184 511
184 513
184 601
184 603
184 751
184 762
184 765
184 771
184 778
184 782
184 786
184 791
184 804
184 819
184 826
184 845
184 875
184 938
184 939
184 987
185 194
185 196
185 205
185 209
185 211
185 222
185 223
185 240
185 242
185 253
185 255
185 265
185 267
185 268
185 271
185 272
185 273
185 275
185 285
185 311
185 335
185 374
185 431
185 448
185 481
185 492
185 494
185 496
185 499
185 511
185 513
185 601
185 603
185 762
185 765
185 771
185 778
185 782
185 784
185 786
185 791
185 804
185 819
185 826
185 845
185 875
185 938
185 939
185 987
194 196
194 205
194 209
194 222
194 223
194 240
194 242
194 253
194 255
194 267
194 268
194 271
194 272
194 273
194 275
194 285
194 311
194 335
194 374
194 431
194 448
194 481
194 492
194 494
194 496
194 499
194 511
194 513
194 601
194 603
194 662
194 762
194 765
194 771
194 778
194 782
194 784
194 786
194 791
194 804
194 819
194 826
194 845
194 875
194 938
194 939
194 987
196 205
196 209
196 222
196 223
196 240
196 242
196 253
196 255
196 267
196 271
196 272
196 273
196 275
196 285
196 311
196 335
196 374
196 431
196 448
196 481
196 492
196 494
196 496
196 499
196 511
196 513
196 533
196 601
196 603
196 662
196 709
196 762
196 765
196 771
196 778
196 779
196 782
196 786
196 791
196 804
196 819
196 826
196 845
196 875
196 938
196 939
196 987
205 209
205 222
205 223
205 240
205 242
205 253
205 255
205 267
205 268
205 271
205 272
205 273
205 275
205 285
205 311
205 335
205 374
205 431
205 448
205 481
205 492
205 494
205 496
205 499
205 511
205 513
205 601
205 603
205 662
205 751
205 762
205 765
205 771
205 778
205 782
205 784
205 786
205 791
205 804
205 819
205 826
205 845
205 875
205 938
205 939
205 987
209 210
209 222
209 223
209 240
209 242
209 253
209 255
209 267
209 268
209 271
209 272
209 273
209 275
209 285
209 311
209 335
209 374
209 431
209 448
209 481
209 492
209 494
209 496
209 499
209 511
209 513
209 601
209 603
209 762
209 765
209 771
209 778
209 782
209 786
209 791
209 804
209 819
209 826
209 845
209 875
209 938
209 939
209 987
210 253
210 265
210 271
210 335
210 481
210 511
210 751
210 778
210 826
210 845
211 240
211 268
211 273
211 448
211 481
211 492
211 513
211 601
211 709
211 751
211 778
211 819
211 826
211 938
211 939
222 223
222 240
222 242
222 253
222 255
222 265
222 267
222 268
222 271
222 272
222 273
222 275
222 285
222 311
222 335
222 374
222 431
222 448
222 481
222 492
222 494
222 496
222 499
222 511
222 513
222 533
222 601
222 603
222 709
222 751
222 762
222 765
222 771
222 778
222 779
222 782
222 786
222 791
222 804
222 819
222 826
222 845
222 875
222 938
222 939
222 987
223 240
223 242
223 253
223 255
223 265
223 267
223 268
223 271
223 272
223 273
223 275
223 285
223 311
223 335
223 374
223 431
223 448
223 481
223 492
223 494
223 496
223 499
223 511
223 513
223 601
223 603
223 662
223 709
223 762
223 765
223 771
223 778
223 782
223 784
223 786
223 791
223 804
223 819
223 826
223 845
223 875
223 938
223 939
223 987
240 242
240 253
240 255
240 267
240 268
240 271
240 272
240 273
240 275
240 285
240 311
240 335
240 374
240 431
240 448
240 481
240 492
240 494
240 496
240 499
240 511
240 513
240 533
240 601
240 603
240 751
240 762
240 765
240 771
240 778
240 782
240 784
240 786
240 791
240 804
240 819
240 826
240 845
240 875
240 938
240 939
240 987
242 253
242 255
242 265
242 267
242 268
242 271
242 272
242 273
242 275
242 285
242 311
242 335
242 374
242 431
242 448
242 481
242 492
242 494
242 496
242 499
242 511
242 513
242 601
242 603
242 762
242 765
242 771
242 778
242 779
242 782
242 784
242 786
242 791
242 804
242 819
242 826
242 845
242 875
242 938
242 939
242 987
253 255
253 267
253 271
253 272
253 273
253 275
253 285
253 311
253 335
253 374
253 431
253 448
253 481
253 492
253 494
253 496
253 499
253 511
253 513
253 601
253 603
253 751
253 762
253 765
253 771
253 778
253 782
253 786
253 791
253 804
253 819
253 826
253 845
253 875
253 938
253 939
253 987
255 267
255 271
255 272
255 273
255 275
255 285
255 311
255 335
255 374
255 431
255 448
255 481
255 492
255 494
255 496
255 499
255 511
255 513
255 601
255 603
255 751
255 762
255 765
255 771
255 778
255 782
255 786
255 791
255 819
255 826
255 845
255 875
255 938
255 939
255 987
265 267
265 268
265 275
265 311
265 448
265 481
265 492
265 496
265 499
265 511
265 513
265 533
265 603
265 751
265 778
265 779
265 784
265 804
265 819
265 826
265 845
265 875
265 938
265 987
267 268
267 271
267 272
267 273
267 275
267 285
267 311
267 335
267 374
267 431
267 448
267 481
267 492
267 494
267 496
267 499
267 511
267 513
267 533
267 601
267 603
267 662
267 709
267 751
267 762
267 765
267 771
267 778
267 779
267 782
267 786
267 791
267 804
267 819
267 826
267 845
267 875
267 938
267 939
267 987
268 275
268 335
268 431
268 448
268 492
268 511
268 513
268 603
268 751
268 762
268 778
268 779
268 784
268 786
268 804
268 826
268 845
268 875
268 938
268 939
268 987
271 272
271 273
271 275
271 285
271 311
271 335
271 374
271 431
271 448
271 481
271 492
271 494
271 496
271 499
271 511
271 513
271 533
271 601
271 603
271 751
271 762
271 765
271 771
271 778
271 782
271 786
271 791
271 819
271 826
271 845
271 875
271 938
271 939
271 987
272 273
272 275
272 285
272 311
272 335
272 374
272 431
272 448
272 481
272 492
272 494
272 496
272 499
272 511
272 513
272 601
272 603
272 762
272 765
272 771
272 778
272 782
272 786
272 791
272 819
272 826
272 845
272 875
272 938
272 939
272 987
273 275
273 285
273 311
273 335
273 374
273 431
273 448
273 481
273 492
273 494
273 496
273 499
273 511
273 513
273 601
273 603
273 709
273 751
273 762
273 765
273 771
273 778
273 782
273 786
273 791
273 804
273 819
273 826
273 845
273 875
273 938
273 939
273 987
275 285
275 311
275 335
275 374
275 431
275 448
275 481
275 492
275 494
275 496
275 499
275 511
275 513
275 533
275 601
275 603
275 709
275 762
275 765
275 771
275 778
275 782
275 784
275 786
275 791
275 804
275 819
275 826
275 845
275 875
275 938
275 939
275 987
285 311
285 335
285 374
285 431
285 448
285 481
285 492
285 494
285 496
285 499
285 511
285 513
285 601
285 603
285 762
285 765
285 771
285 778
285 782
285 786
285 791
285 804
285 819
285 826
285 845
285 875
285 938
285 939
285 987
311 335
311 374
311 431
311 448
311 481
311 492
311 494
311 496
311 499
311 511
311 513
311 601
311 603
311 662
311 709
311 751
311 762
311 765
311 771
311 778
311 779
311 782
311 784
311 786
311 791
311 804
311 819
311 826
311 845
311 875
311 938
311 939
311 987
335 374
335 431
335 448
335 481
335 492
335 494
335 496
335 499
335 511
335 513
335 601
335 603
335 751
335 762
335 765
335 771
335 778
335 782
335 784
335 786
335 791
335 804
335 819
335 826
335 845
335 875
335 938
335 939
335 987
374 431
374 448
374 481
374 492
374 494
374 496
374 499
374 511
374 513
374 601
374 603
374 762
374 765
374 771
374 778
374 782
374 786
374 791
374 819
374 826
374 845
374 875
374 938
374 939
374 987
431 448
431 481
431 492
431 494
431 496
431 499
431 511
431 513
431 601
431 603
431 751
431 762
431 765
431 771
431 778
431 782
431 786
431 791
431 804
431 819
431 826
431 845
431 875
431 938
431 939
431 987
448 481
448 492
448 494
448 496
448 499
448 511
448 513
448 533
448 601
448 603
448 709
448 751
448 762
448 765
448 771
448 778
448 779
448 782
448 784
448 786
448 791
448 819
448 826
448 845
448 875
448 938
448 939
448 987
481 492
481 494
481 496
481 499
481 511
481 513
481 601
481 603
481 709
481 762
481 765
481 771
481 778
481 782
481 786
481 791
481 804
481 819
481 826
481 845
481 875
481 938
481 939
481 987
492 494
492 496
492 499
492 511
492 513
492 533
492 601
492 603
492 709
492 751
492 762
492 765
492 771
492 778
492 779
492 782
492 786
492 791
492 804
492 819
492 826
492 845
492 875
492 938
492 939
492 987
494 496
494 499
494 511
494 513
494 601
494 603
494 709
494 762
494 765
494 771
494 778
494 782
494 784
494 786
494 791
494 804
494 819
494 826
494 845
494 875
494 938
494 939
494 987
496 499
496 511
496 513
496 601
496 603
496 662
496 751
496 762
496 765
496 771
496 778
496 782
496 786
496 791
496 804
496 819
496 826
496 845
496 875
496 938
496 939
496 987
499 511
499 513
499 533
499 601
499 603
499 709
499 751
499 762
499 765
499 771
499 778
499 779
499 782
499 784
499 786
499 791
499 804
499 819
499 826
499 845
499 875
499 938
499 939
499 987
511 513
511 601
511 603
511 662
511 709
511 751
511 762
511 765
511 771
511 778
511 782
511 786
511 791
511 804
511 819
511 826
511 845
511 875
511 938
511 939
511 987
513 533
513 601
513 603
513 709
513 751
513 762
513 765
513 771
513 778
513 779
513 782
513 786
513 791
513 819
513 826
513 845
513 875
513 938
513 939
513 987
533 601
533 603
533 709
533 779
533 784
533 826
533 987
601 603
601 762
601 765
601 771
601 778
601 782
601 784
601 786
601 791
601 819
601 826
601 845
601 875
601 938
601 939
601 987
603 709
603 751
603 762
603 765
603 771
603 778
603 779
603 782
603 786
603 791
603 804
603 819
603 826
603 845
603 875
603 938
603 939
603 987
662 751
662 765
662 771
662 784
662 786
662 804
662 819
662 826
662 875
662 939
709 751
709 765
709 771
709 779
709 819
709 845
709 939
709 987
751 762
751 771
751 778
751 784
751 791
751 804
751 819
751 826
751 845
751 875
751 938
751 939
751 987
762 765
762 771
762 778
762 782
762 786
762 791
762 804
762 819
762 826
762 845
762 875
762 938
762 939
762 987
765 771
765 778
765 782
765 784
765 786
765 791
765 804
765 819
765 826
765 845
765 875
765 938
765 939
765 987
771 778
771 782
771 786
771 791
771 804
771 819
771 826
771 845
771 875
771 938
771 939
771 987
778 779
778 782
778 786
778 791
778 804
778 819
778 826
778 845
778 875
778 938
778 939
778 987
779 784
779 804
779 987
782 786
782 791
782 819
782 826
782 845
782 875
782 938
782 939
782 987
784 804
784 819
784 826
784 875
786 791
786 804
786 819
786 826
786 845
786 875
786 938
786 939
786 987
791 819
791 826
791 845
791 875
791 938
791 939
791 987
804 819
804 826
804 845
804 875
804 938
804 939
819 826
819 845
819 875
819 938
819 939
819 987
826 845
826 875
826 938
826 939
826 987
845 875
845 938
845 939
845 987
875 938
875 939
875 987
938 939
938 987
939 987
