1 2
1 3
1 4
1 5
1 6
1 7
1 8
1 9
1 10
1 11
1 12
1 13
1 14
1 15
1 16
1 17
1 18
1 19
1 20
1 21
1 22
1 23
1 24
1 25
1 26
1 27
1 28
1 29
1 30
1 31
1 32
1 33
1 34
1 35
1 36
1 37
1 38
1 39
1 40
1 41
1 54
1 55
1 58
1 59
1 60
1 61
1 74
1 83
1 84
1 86
1 94
1 95
1 105
1 128
1 135
1 136
1 137
2 4
2 6
2 7
2 9
2 10
2 11
2 12
2 14
2 15
2 17
2 22
2 23
2 25
2 26
2 27
2 29
2 30
2 33
2 35
2 39
2 40
2 41
2 50
2 51
2 54
2 55
2 56
2 58
2 59
2 60
2 61
2 63
2 64
2 73
2 74
2 77
2 80
2 81
2 83
2 86
2 89
2 92
2 94
2 97
2 99
2 103
2 104
2 105
2 128
2 133
2 135
2 136
2 142
2 143
2 147
3 6
3 40
4 6
4 7
4 9
4 10
4 11
4 12
4 14
4 15
4 17
4 22
4 23
4 25
4 26
4 27
4 29
4 33
4 35
4 40
4 41
4 50
4 51
4 54
4 55
4 56
4 57
4 58
4 59
4 60
4 61
4 63
4 64
4 72
4 77
4 81
4 94
4 95
4 99
4 103
4 127
4 128
5 8
5 13
5 16
5 18
5 19
5 20
5 21
5 24
5 28
5 31
5 32
5 34
5 36
5 37
5 43
5 44
5 45
5 46
5 100
5 101
5 102
5 125
5 126
5 131
5 138
5 139
5 140
5 144
5 145
5 150
6 7
6 9
6 10
6 11
6 12
6 14
6 15
6 17
6 22
6 23
6 25
6 26
6 27
6 29
6 30
6 33
6 35
6 39
6 40
6 41
6 50
6 51
6 54
6 55
6 56
6 57
6 58
6 59
6 60
6 61
6 63
6 64
6 71
6 72
6 73
6 74
6 76
6 77
6 79
6 80
6 81
6 82
6 83
6 84
6 86
6 89
6 90
6 91
6 92
6 93
6 94
6 95
6 97
6 98
6 99
6 103
6 104
6 105
6 127
6 128
6 132
6 133
6 134
6 135
6 136
6 137
6 142
6 143
6 146
6 147
7 9
7 10
7 11
7 12
7 14
7 15
7 17
7 22
7 23
7 25
7 26
7 27
7 29
7 33
7 35
7 40
7 41
7 50
7 51
7 54
7 55
7 56
7 58
7 60
7 61
7 63
7 64
7 74
7 77
7 80
7 83
7 86
7 89
7 92
7 94
7 97
7 127
7 128
7 133
7 136
7 142
7 147
8 13
8 16
8 18
8 19
8 20
8 21
8 24
8 28
8 31
8 32
8 34
8 36
8 37
8 38
8 43
8 44
8 46
8 101
8 102
9 10
9 11
9 12
9 14
9 15
9 17
9 22
9 23
9 25
9 26
9 27
9 29
9 30
9 33
9 35
9 40
9 41
9 51
9 54
9 55
9 56
9 58
9 59
9 60
9 61
9 63
9 64
9 73
9 74
9 76
9 77
9 80
9 81
9 82
9 83
9 84
9 86
9 89
9 90
9 91
9 92
9 94
9 97
9 99
9 103
9 128
9 132
9 133
9 135
9 136
9 142
9 143
10 11
10 12
10 14
10 15
10 17
10 22
10 23
10 25
10 26
10 27
10 29
10 30
10 33
10 35
10 39
10 40
10 41
10 48
10 50
10 51
10 54
10 55
10 56
10 57
10 58
10 59
10 60
10 61
10 63
10 64
10 71
10 73
10 74
10 76
10 77
10 80
10 81
10 83
10 84
10 86
10 89
10 92
10 94
10 95
10 97
10 99
10 104
10 105
10 127
10 128
10 133
10 134
10 136
10 137
10 143
11 12
11 14
11 15
11 17
11 22
11 23
11 25
11 26
11 27
11 29
11 33
11 35
11 39
11 40
11 41
11 48
11 49
11 50
11 51
11 54
11 55
11 56
11 57
11 58
11 59
11 60
11 61
11 64
11 71
11 73
11 74
11 76
11 77
11 79
11 80
11 81
11 82
11 83
11 84
11 85
11 86
11 87
11 88
11 89
11 90
11 91
11 92
11 93
11 94
11 95
11 97
11 98
11 99
11 128
11 132
11 133
11 134
11 135
11 136
11 141
11 142
11 143
12 14
12 15
12 17
12 22
12 23
12 25
12 26
12 27
12 29
12 33
12 35
12 39
12 40
12 41
12 48
12 51
12 54
12 55
12 56
12 57
12 58
12 59
12 60
12 61
12 64
12 71
12 72
12 73
12 74
12 76
12 77
12 78
12 79
12 80
12 82
12 84
12 86
12 87
12 88
12 89
12 90
12 91
12 92
12 93
12 94
12 95
12 96
12 97
12 98
12 99
12 104
12 132
12 133
12 134
12 135
12 136
12 141
12 142
12 143
13 16
13 18
13 19
13 20
13 21
13 24
13 28
13 31
13 32
13 34
13 36
13 37
13 38
13 43
13 44
13 45
13 46
13 138
14 15
14 17
14 22
14 23
14 25
14 26
14 27
14 29
14 33
14 35
14 40
14 41
14 50
14 51
14 54
14 55
14 56
14 58
14 59
14 60
14 61
14 63
14 64
14 73
14 74
14 76
14 77
14 81
14 83
14 84
14 86
14 89
14 94
14 95
14 97
14 99
14 103
14 127
14 128
14 132
14 133
14 135
14 136
14 142
14 146
14 147
15 17
15 22
15 23
15 25
15 26
15 27
15 29
15 30
15 33
15 35
15 39
15 40
15 41
15 50
15 51
15 54
15 55
15 56
15 57
15 58
15 59
15 60
15 61
15 63
15 64
15 73
15 74
15 77
15 80
15 81
15 83
15 84
15 86
15 89
15 92
15 94
15 95
15 97
15 99
15 104
15 105
15 127
15 128
15 133
15 134
15 135
15 136
15 137
16 18
16 19
16 20
16 21
16 24
16 27
16 28
16 31
16 32
16 34
16 36
16 37
16 38
16 43
16 44
16 46
16 125
16 139
17 22
17 23
17 25
17 27
17 29
17 30
17 33
17 35
17 39
17 40
17 41
17 50
17 51
17 54
17 55
17 56
17 58
17 59
17 60
17 61
17 64
17 72
17 74
17 77
17 83
17 86
17 94
17 95
17 97
17 104
17 105
17 127
17 128
17 136
18 19
18 20
18 21
18 24
18 28
18 31
18 32
18 34
18 36
18 37
18 38
18 42
18 43
18 44
18 45
18 46
18 100
18 101
18 102
18 138
19 20
19 21
19 24
19 28
19 31
19 32
19 34
19 36
19 37
19 38
19 42
19 43
19 44
19 46
19 125
19 139
20 21
20 24
20 27
20 28
20 31
20 32
20 34
20 36
20 37
20 42
20 43
20 44
20 45
20 46
20 100
20 101
20 102
20 125
20 131
20 138
20 139
20 140
20 144
20 145
21 24
21 28
21 31
21 32
21 34
21 36
21 37
21 38
21 43
21 44
21 46
21 102
22 23
22 25
22 26
22 27
22 29
22 33
22 35
22 40
22 41
22 50
22 51
22 54
22 55
22 56
22 57
22 58
22 59
22 60
22 61
22 63
22 64
22 73
22 74
22 76
22 77
22 79
22 81
22 83
22 84
22 86
22 89
22 90
22 92
22 94
22 95
22 97
22 99
22 104
22 105
22 127
22 128
22 133
22 134
22 135
22 136
22 137
22 146
23 25
23 26
23 27
23 29
23 33
23 35
23 40
23 41
23 48
23 50
23 51
23 54
23 55
23 56
23 58
23 59
23 60
23 61
23 63
23 64
23 73
23 74
23 76
23 77
23 79
23 81
23 82
23 83
23 84
23 86
23 87
23 88
23 89
23 90
23 92
23 93
23 94
23 95
23 96
23 97
23 98
23 99
23 103
23 105
23 127
23 128
23 132
23 133
23 134
23 135
23 136
23 143
24 28
24 31
24 32
24 34
24 36
24 37
24 38
24 42
24 43
24 44
24 45
24 46
24 52
24 69
24 100
24 101
24 102
24 125
24 126
24 140
24 144
24 145
25 26
25 27
25 29
25 30
25 33
25 35
25 39
25 40
25 41
25 50
25 51
25 54
25 55
25 56
25 57
25 58
25 59
25 60
25 61
25 63
25 64
25 71
25 74
25 76
25 77
25 80
25 81
25 83
25 84
25 86
25 89
25 92
25 94
25 95
25 97
25 99
25 103
25 104
25 105
25 128
25 132
25 133
25 136
25 137
25 139
25 142
25 146
25 147
26 27
26 35
26 39
26 40
26 41
26 48
26 49
26 51
26 54
26 55
26 56
26 58
26 59
26 60
26 61
26 63
26 64
26 73
26 74
26 75
26 76
26 77
26 79
26 80
26 81
26 82
26 83
26 84
26 86
26 87
26 88
26 89
26 90
26 91
26 92
26 93
26 94
26 97
26 98
26 99
26 104
26 132
26 133
26 134
26 135
26 141
26 142
26 148
27 28
27 29
27 30
27 33
27 35
27 37
27 39
27 40
27 41
27 43
27 48
27 50
27 51
27 54
27 55
27 56
27 57
27 58
27 59
27 60
27 61
27 63
27 64
27 72
27 73
27 76
27 77
27 81
27 82
27 83
27 84
27 86
27 89
27 92
27 93
27 94
27 95
27 97
27 98
27 99
27 105
27 127
27 128
27 132
27 133
27 136
27 142
28 31
28 32
28 34
28 36
28 37
28 43
28 44
28 45
28 46
28 101
28 102
28 125
28 131
28 139
28 145
29 33
29 35
29 41
29 51
29 54
29 55
29 56
29 57
29 58
29 59
29 61
29 77
29 95
29 104
30 35
30 39
30 41
30 48
30 49
30 62
30 106
31 32
31 34
31 36
31 37
31 43
31 44
31 45
31 46
31 100
31 102
31 139
32 34
32 36
32 37
32 43
32 44
32 46
32 125
32 131
32 138
32 139
33 35
33 41
33 50
33 51
33 54
33 55
33 56
33 58
33 60
33 61
33 63
33 64
33 72
33 77
33 81
33 127
34 36
34 37
34 38
34 43
34 44
34 45
34 46
34 100
34 101
34 102
34 125
34 139
35 39
35 40
35 41
35 49
35 50
35 51
35 54
35 55
35 56
35 58
35 59
35 60
35 61
35 63
35 64
35 72
35 73
35 74
35 76
35 77
35 79
35 80
35 81
35 82
35 83
35 84
35 85
35 86
35 88
35 89
35 90
35 92
35 93
35 94
35 95
35 96
35 97
35 98
35 99
35 103
35 105
35 127
35 128
35 132
35 133
35 136
35 142
35 143
36 37
36 38
36 42
36 43
36 44
36 46
36 131
37 38
37 42
37 43
37 44
37 45
37 46
37 100
37 101
37 102
37 125
37 126
37 139
37 140
37 144
37 145
39 40
39 48
39 49
39 53
39 54
39 56
39 57
39 59
39 65
39 73
39 77
39 82
39 84
39 88
39 92
39 93
39 97
39 99
39 103
39 130
40 41
40 48
40 49
40 50
40 51
40 54
40 55
40 56
40 57
40 58
40 59
40 61
40 64
40 65
40 73
40 74
40 77
40 81
40 83
40 86
40 89
40 94
40 95
40 97
40 127
40 128
40 133
40 136
40 143
40 146
40 147
41 50
41 51
41 54
41 55
41 56
41 58
41 59
41 60
41 61
41 63
41 64
41 73
41 74
41 76
41 77
41 80
41 81
41 83
41 86
41 89
41 92
41 94
41 95
41 97
41 105
41 127
41 128
41 136
41 137
41 139
41 143
43 44
43 46
43 139
44 46
44 125
44 131
44 139
44 150
45 52
45 69
45 100
45 101
45 102
45 125
45 126
45 140
45 144
45 145
45 149
46 101
46 102
46 139
46 140
46 144
46 145
47 48
47 49
48 49
48 50
48 53
48 54
48 55
48 56
48 57
48 58
48 59
48 60
48 62
48 65
48 71
48 77
48 82
48 84
48 88
48 92
48 93
48 97
48 99
48 103
48 104
48 106
48 130
48 134
48 136
48 152
49 50
49 53
49 54
49 56
49 57
49 58
49 59
49 60
49 62
49 82
49 84
49 89
49 92
49 97
49 103
49 106
49 130
49 132
49 133
49 135
50 51
50 52
50 53
50 54
50 55
50 56
50 57
50 58
50 59
50 60
50 61
50 62
51 54
51 55
51 56
51 57
51 58
51 59
51 60
51 61
51 63
51 64
51 73
51 74
51 77
51 81
51 82
51 83
51 84
51 85
51 86
51 87
51 88
51 89
51 90
51 92
51 93
51 94
51 95
51 97
51 99
51 128
52 66
52 67
52 68
52 69
52 70
52 100
52 101
52 102
52 107
52 108
52 109
52 110
52 111
52 112
52 113
52 114
52 115
52 116
52 117
52 118
52 119
52 120
52 121
52 122
52 123
52 124
52 126
52 140
52 144
52 145
52 149
52 151
53 130
54 55
54 56
54 57
54 58
54 59
54 60
54 61
54 63
54 64
54 71
54 74
54 77
54 81
54 83
54 84
54 89
54 97
54 104
54 105
54 127
54 128
54 133
54 136
54 142
54 147
55 56
55 58
55 59
55 60
55 61
55 64
55 71
55 73
55 74
55 76
55 77
55 79
55 81
55 82
55 83
55 84
55 86
55 88
55 89
55 90
55 92
55 93
55 94
55 97
55 104
55 105
55 128
55 132
55 133
55 134
55 136
55 146
55 147
56 57
56 58
56 59
56 60
56 61
56 64
56 71
56 73
56 74
56 75
56 76
56 77
56 78
56 79
56 80
56 81
56 82
56 83
56 84
56 85
56 86
56 87
56 88
56 89
56 90
56 91
56 92
56 93
56 94
56 95
56 96
56 97
56 98
56 99
56 105
56 128
56 132
56 133
56 134
56 135
56 136
56 141
56 142
56 143
57 58
57 61
57 62
57 83
58 59
58 60
58 61
58 62
58 63
58 64
58 73
58 74
58 76
58 77
58 79
58 80
58 81
58 82
58 83
58 84
58 86
58 89
58 90
58 92
58 94
58 95
58 97
58 99
58 105
58 127
58 128
58 132
58 133
58 135
58 136
58 137
58 146
58 147
59 60
59 61
59 64
59 74
59 76
59 77
59 79
59 80
59 82
59 84
59 87
59 88
59 89
59 90
59 91
59 92
59 93
59 95
59 97
59 98
59 99
59 104
59 105
59 128
59 132
59 133
59 134
59 136
59 142
59 143
60 61
60 64
60 74
60 76
60 77
60 79
60 82
60 83
60 84
60 86
60 87
60 89
60 90
60 92
60 93
60 94
60 97
60 98
60 99
60 132
60 133
60 134
60 136
61 64
61 72
61 73
61 74
61 77
61 80
61 81
61 83
61 84
61 86
61 89
61 94
61 95
61 97
61 99
61 104
61 105
61 127
61 128
61 133
61 136
61 143
62 103
62 106
63 64
63 76
63 77
64 74
64 77
64 81
64 86
64 94
64 95
64 127
64 128
64 133
64 136
66 67
66 68
66 69
66 70
67 68
67 69
67 70
67 107
67 108
67 109
67 110
67 111
67 112
67 113
67 114
67 115
67 116
67 117
67 118
67 119
67 120
67 121
67 122
67 123
67 124
67 151
68 69
68 70
68 107
68 108
68 109
68 112
68 113
68 114
68 115
68 116
68 117
68 119
68 121
68 122
68 123
68 124
68 126
69 70
69 100
69 101
69 102
69 107
69 108
69 109
69 110
69 111
69 112
69 113
69 114
69 115
69 116
69 117
69 118
69 119
69 120
69 121
69 122
69 123
69 124
69 126
69 140
69 144
69 145
70 107
70 108
70 109
70 110
70 111
70 112
70 113
70 114
70 115
70 116
70 117
70 119
70 121
70 122
70 123
70 124
70 129
71 77
71 82
71 84
73 77
73 79
73 82
73 84
73 85
73 86
73 89
73 92
73 93
73 94
73 97
73 99
73 132
73 133
73 143
74 76
74 77
74 79
74 80
74 82
74 83
74 84
74 85
74 86
74 87
74 88
74 89
74 90
74 92
74 93
74 94
74 95
74 97
74 98
74 99
74 132
74 133
74 135
74 136
74 143
75 82
75 84
75 89
75 91
75 92
75 93
75 97
75 98
75 99
76 77
76 79
76 80
76 82
76 84
76 85
76 87
76 88
76 89
76 90
76 91
76 92
76 93
76 94
76 95
76 97
76 98
76 99
76 132
76 133
76 134
77 80
77 81
77 82
77 83
77 84
77 85
77 86
77 87
77 88
77 89
77 90
77 92
77 93
77 94
77 95
77 97
77 99
77 104
77 127
77 132
77 133
77 136
77 141
77 142
77 143
78 79
78 84
78 87
78 92
78 94
78 97
78 99
79 82
79 84
79 87
79 88
79 89
79 90
79 91
79 92
79 93
79 94
79 96
79 97
79 98
79 99
79 132
79 133
80 82
80 84
80 85
80 87
80 88
80 90
80 92
80 93
80 94
80 99
81 83
81 84
81 128
81 143
82 84
82 85
82 86
82 87
82 88
82 89
82 90
82 91
82 92
82 93
82 94
82 95
82 96
82 97
82 98
82 99
82 105
82 132
82 133
82 134
82 141
82 142
82 143
82 148
83 97
83 99
83 128
83 132
83 133
83 136
84 85
84 86
84 87
84 88
84 89
84 90
84 91
84 92
84 93
84 94
84 95
84 96
84 97
84 98
84 99
84 104
84 105
84 132
84 133
84 134
84 135
84 136
84 141
84 142
84 143
84 148
85 86
85 88
85 90
85 92
85 93
85 94
85 98
85 99
86 87
86 88
86 89
86 90
86 92
86 93
86 94
86 97
86 99
86 135
87 88
87 89
87 90
87 91
87 92
87 93
87 94
87 95
87 97
87 98
87 99
87 132
87 133
87 134
87 141
88 89
88 90
88 91
88 92
88 93
88 94
88 95
88 96
88 97
88 98
88 99
88 105
88 132
88 133
88 143
89 90
89 91
89 92
89 93
89 95
89 97
89 98
89 99
89 105
89 132
89 133
89 134
89 135
89 136
89 142
90 91
90 92
90 93
90 94
90 96
90 97
90 98
90 99
90 132
90 133
91 92
91 93
91 97
91 98
91 99
91 132
91 133
91 148
92 93
92 94
92 95
92 96
92 97
92 98
92 99
92 105
92 132
92 133
92 134
92 141
92 142
92 143
92 148
93 94
93 96
93 97
93 98
93 99
93 132
93 133
93 134
93 135
93 141
93 142
93 143
93 148
94 97
94 98
94 99
94 105
94 128
94 133
94 135
94 137
95 98
95 99
95 105
95 132
95 133
96 98
96 99
97 98
97 99
97 104
97 132
97 133
97 134
97 136
97 142
98 99
98 105
98 132
98 133
98 141
98 142
99 128
99 132
99 133
99 134
99 136
99 141
99 142
100 101
100 102
100 126
100 140
100 144
100 145
101 102
101 125
101 126
101 140
101 144
101 145
101 149
102 125
102 126
102 140
102 144
102 145
102 149
105 132
105 133
107 108
107 109
107 110
107 111
107 112
107 113
107 114
107 116
107 117
107 118
107 119
107 120
107 123
107 124
108 109
108 110
108 111
108 112
108 114
108 115
108 116
108 117
108 119
108 120
108 121
108 122
108 123
108 124
109 110
109 111
109 112
109 113
109 114
109 115
109 116
109 117
109 118
109 119
109 120
109 121
109 122
109 123
109 124
109 129
109 151
110 111
110 112
110 114
110 116
110 119
110 123
110 124
111 112
111 113
111 116
111 117
111 118
111 119
111 120
111 121
111 122
111 123
111 124
112 113
112 114
112 115
112 116
112 117
112 118
112 119
112 121
112 122
112 123
112 124
113 114
113 115
113 116
113 117
113 118
113 119
113 120
113 121
113 122
113 123
113 124
113 129
114 115
114 116
114 117
114 119
114 121
114 123
114 124
114 129
115 116
115 117
115 119
115 121
115 123
115 124
115 129
116 117
116 118
116 119
116 120
116 121
116 122
116 123
116 124
116 129
117 118
117 119
117 120
117 121
117 122
117 123
117 124
117 129
118 119
118 120
118 121
118 123
118 124
118 151
119 120
119 121
119 122
119 123
119 124
120 122
120 123
120 124
121 122
121 123
121 124
121 129
122 123
122 124
122 129
123 124
125 140
125 144
126 140
126 144
126 145
127 128
128 136
128 142
132 133
132 134
133 134
133 136
133 141
133 143
134 136
139 140
140 144
140 145
140 149
144 145
144 149
