1 -0.041694358 -0.27514854 0.16250323 0.7469941 -0.25218925 0.70558333 0.52427125 -0.59101707 0.05929571 0.21605869 0.55578274 -0.042019706 0.27625614 -0.4492851 0.08512089 -0.61568433 0.32858878 -0.8554314 0.28068212 -0.282866 0.15396516 0.54697317 1.3206624 -0.11642287 0.4394383 -0.14623238 -0.70692086 -0.65035343 -0.16564558 -0.1023253 -0.70385045 0.7086688
3 -0.34684357 -0.34464952 0.17897825 0.8017643 -0.6031463 0.5413869 0.5902673 -0.5771031 0.13552134 0.38462082 0.6087918 0.13039172 0.46084717 -0.3209761 0.17224343 -0.6167354 0.420314 -0.7961534 0.29057032 -0.23748699 0.13713095 0.64908 1.2221268 -0.12319915 0.22559278 -0.15996718 -0.8127593 -0.5485435 0.0076873777 0.0153295975 -0.63414484 0.7244914
8 -0.42367914 -0.22440356 0.21011396 0.90220124 -0.5319266 0.47631064 0.8519861 -0.30919558 0.3432477 0.553362 0.7120541 0.2103374 0.44476458 -0.04385741 0.46242133 -0.39700207 0.4523975 -0.79507744 0.58029675 -0.30492428 0.056421053 0.6689099 1.2108269 -0.27185372 -0.0055349497 0.041579574 -0.81450427 -0.6190068 0.05026102 -0.09883141 -0.36044818 0.87321347
9 -0.09825358 -0.253669 0.1923511 0.7348165 -0.30348125 0.697809 1.2335261 -0.4789265 -0.16219197 0.6415978 0.6252333 0.72559816 -0.48241553 -0.12472733 0.94165605 -0.16887975 0.92251813 -0.49143687 0.54862154 -0.38815764 0.086770505 1.383737 1.2837154 -0.71691674 0.087733656 -0.40936595 -0.94099176 -0.4557693 0.48424727 -0.66197944 -0.4189995 0.93799436
12 -0.33784533 -0.25180346 0.0938536 0.66220826 -0.57689995 0.61237514 0.5179553 -0.6009552 0.21376717 0.35277218 0.70202774 0.099437244 0.55588114 -0.29727885 0.23394315 -0.7161967 0.39574838 -0.7236217 0.38915697 -0.23484524 0.0709803 0.63665366 1.3133042 -0.016426401 0.3843102 -0.21685937 -0.6462735 -0.58956164 -0.06599224 -0.20488146 -0.7138961 0.70570153
19 -0.07374181 -0.4390859 1.005921 -0.5864452 -0.090376645 -0.66883516 0.36144572 0.6503942 -0.53974587 0.0067404755 -0.04931343 -0.5448444 0.29470688 -0.024326403 -0.36063057 0.13670035 0.11144551 0.679245 -0.5638647 0.49273047 0.20579387 0.5731008 0.78833455 0.600457 -0.27413958 0.19876803 -0.0963401 0.07977723 0.23768492 -1.044428 0.311461 0.06047415
29 0.100008585 -0.8341414 0.83925325 -0.6094965 -0.32155848 -0.72938794 0.009990318 0.48308378 -0.92957425 0.18630087 0.04726742 -0.6546008 0.2576673 0.072218455 0.37090024 0.14820041 0.103951484 0.5879327 -0.5348265 -0.14218478 -0.0023962385 0.5616699 0.93958277 0.93490434 -0.079265736 0.70246655 -0.13651256 -0.231866 -0.05486088 -0.9885257 -0.28318748 -0.46750766
30 -0.13028672 -0.19207384 0.22210467 0.67346215 -0.26278496 0.76868516 1.0698916 -0.32660332 -0.08557572 0.6614089 0.49821037 0.63995403 -0.6171873 -0.05838265 0.8519015 -0.17978218 0.8599203 -0.30986568 0.6211304 -0.37059176 0.052738156 1.3206277 1.3228515 -0.7262107 -0.03779844 -0.46224526 -0.85645276 -0.45517996 0.46523356 -0.5615353 -0.17566225 0.80319995
33 -0.27308333 -0.25347063 0.10605935 0.5603567 -0.45133418 0.6421534 1.025443 -0.287006 -0.028523613 0.81620127 0.6661306 0.6082856 -0.5787154 0.22060065 1.013655 -0.2914032 0.8724639 -0.05724172 0.49626872 -0.59248537 -0.32695282 1.5354122 1.3854494 -0.6348691 -0.23703423 -0.4847194 -0.8350137 -0.3855156 0.45134822 -0.5952784 -0.24585322 0.889013
34 0.07933465 -0.46457654 -0.29573002 0.3856467 -0.37266558 0.30138144 0.067865156 -0.26621363 -0.3007149 -0.15039249 -0.07130546 0.17891072 0.25964972 -0.19063309 0.5248283 -0.28422102 -0.02525364 0.35870385 -0.68771905 0.24103387 0.67588437 0.5073223 0.47482708 0.36780608 0.48266396 -0.38546094 0.006737004 -1.1456771 0.28479326 -0.2619869 -1.2608558 0.2371603
35 0.20991936 -0.44569534 0.21913332 0.43256795 -0.12872833 -0.44853532 0.037415158 0.12863527 -0.54572123 -0.015721254 -0.43725675 -0.15191115 0.58143014 -0.1962289 0.68738234 0.27347755 -0.0732701 0.24210887 -1.1071961 0.07856564 0.32790327 0.29171556 0.8183565 0.3187876 0.67805195 0.8269073 -0.15413454 -1.0004348 0.14038989 -0.7257321 -0.7399248 -0.5176889
38 -0.40394357 -0.17441717 0.13119867 0.68248814 -0.5229088 0.83461654 0.86207265 -0.16175097 0.15958397 0.7129938 0.64627606 0.5478015 -0.19882503 -0.0070615434 0.72635055 -0.48434716 0.69259316 -0.2638767 0.4803006 -0.39778718 -0.049193375 1.0697827 1.4752693 -0.59764636 0.13948892 -0.41042387 -0.7319106 -0.5340049 0.29970688 -0.3817989 -0.43502456 0.633918
43 -0.61392367 -0.5085116 0.039296787 0.816742 -0.89959306 0.3042927 0.31780186 -0.3275916 0.3723294 0.47221527 0.72367644 0.11258318 0.5336725 0.24384603 0.26293805 -0.31349227 0.15791947 -0.3102942 0.0122410115 -0.14788413 0.3135947 0.75954294 0.6643489 0.14840269 -0.2274027 -0.13327663 -0.81223255 -1.0050173 0.017104154 0.280065 -0.84154856 0.5259944
48 -0.7183268 -0.025366329 -0.18066971 0.7495638 -0.4279894 0.46001709 1.0192605 -0.40335754 0.45082915 0.61585206 0.6527338 0.39052263 0.11306459 -0.18536241 0.6085086 -0.6058781 0.75951624 -0.45496064 0.7110183 -0.38713527 -0.11797691 1.1320932 1.4740373 -0.49679664 0.35844794 -0.49009308 -0.56094676 -0.49081695 0.273916 -0.74596435 -0.1847472 0.80674237
54 -0.05297257 -0.35417938 0.89965206 -0.717958 0.11129125 -0.6729273 0.93766725 0.38977215 -0.45807323 0.027464677 0.1312442 -0.5391007 0.10181743 -0.03113114 -0.55263656 0.38241783 0.077759 0.2781931 -0.24392161 0.63912445 0.21159403 0.6118408 0.79600585 0.29424 -0.28946418 -0.020971363 -0.41301113 0.438215 0.44075936 -1.1133121 0.4954436 0.4298426
56 -0.251454 -0.5314927 -0.14506108 0.5148832 -0.9478982 0.22848268 0.0782287 -0.52103657 0.15103593 0.22035354 0.49749115 0.02722626 0.497909 0.097814165 0.32874703 -0.3137666 -0.100031585 -0.24599645 -0.26526052 -0.0026244912 0.5214881 0.7303012 0.45456374 0.32594538 0.046479754 -0.17296623 -0.60311997 -0.98596525 0.17144181 0.27208254 -1.1725243 0.5194887
61 0.27837893 -0.53061396 0.7438083 -0.111175284 -0.21050228 -0.7418561 -0.070644386 0.07456192 -0.96503645 0.095776 -0.31013903 -0.9015231 -0.06176581 0.14727075 0.21939126 0.37127444 0.14389978 0.5846085 -0.87537986 0.12259663 0.018939707 0.76875544 0.74286056 0.4877413 -0.14678311 0.44332823 -0.4820573 -0.115927115 -0.0039912355 -0.41339839 -0.102677576 -0.32170808
65 -0.54314744 -0.13095485 0.020700468 0.65459526 -0.35412714 0.29038057 1.2717212 -0.16254953 0.485146 0.5617459 0.9380724 0.5013645 0.3256068 0.017138103 0.69497234 -0.43795055 0.8078207 -0.55177164 0.78737414 -0.123632394 -0.25812516 0.8895584 1.241628 -0.5435508 0.42048585 -0.23001598 -0.64182097 -0.52665806 0.3771374 -0.6687301 -0.10911155 0.9413521
73 -0.0044909664 -0.44265833 -0.25633547 0.22767252 -0.4615211 0.21546969 0.006818095 -0.26632473 -0.22012684 -0.14190376 -0.008867659 0.06664193 0.7177581 -0.30385464 0.5123305 -0.42969084 -0.26639903 0.30723777 -0.4050409 0.4003746 0.6134799 0.29702023 0.6042134 0.41470072 0.81848955 -0.062921494 0.014596686 -1.0903362 0.33393186 -0.26192743 -1.2081472 0.09416793
75 0.38995373 -0.52495563 0.35332558 0.47130558 -0.23577437 -0.71274185 0.09880019 0.043444585 -0.42959005 -0.19162406 -0.17988455 -0.30109254 0.33910108 0.08336556 0.8086408 0.4859496 0.30658954 0.08012679 -1.3652213 0.3704909 0.29689983 0.3522838 0.60925514 0.33280754 0.96448374 0.66688275 -0.050042517 -0.9310813 0.21109456 -0.4914194 -0.5065154 -0.20740895
78 0.21455419 -0.5753728 0.24603796 0.07993277 -0.13243724 -0.77464837 -0.176317 -0.12733947 -0.73182917 0.110686 -0.29228207 -0.41697636 0.22601297 -0.07089292 0.64882106 0.35458848 0.12101745 0.37672946 -0.9640672 0.055085506 0.070601024 0.66476417 0.7299218 0.57976013 0.662426 0.56696856 -0.16259582 -0.7618602 0.18444286 -0.58330756 -0.49983686 -0.43760037
79 -0.27587244 -0.5841384 -0.21916021 0.32560584 -0.85958385 0.410622 0.09105518 -0.43847427 -0.06747417 -0.04622618 0.38162702 0.009442966 0.36042982 -0.12642461 0.48416266 -0.60406876 -0.2855578 0.14658669 -0.1408436 -0.0076057008 0.63494873 0.6187129 0.57052535 0.29961428 0.49421 -0.2626012 -0.36428088 -0.9170328 0.3681357 0.23299378 -1.3446136 0.3959834
81 0.021043941 -0.29733306 -0.11360303 0.34782186 -0.33554202 -0.42486125 0.04615283 -0.2392276 -0.27312744 -0.22354692 -0.36009127 -0.009484847 0.6393494 -0.14900953 0.8772063 0.08788077 0.024638927 0.40142387 -0.81158817 0.5175712 0.7059221 0.23794577 0.72115314 0.2641836 0.91916084 0.45453393 -0.038223717 -1.1324524 0.21919413 -0.4636124 -0.84646446 -0.11492725
87 -0.31577754 -0.647413 -0.09096057 0.6454547 -0.743702 0.119394004 0.23224597 -0.54406947 0.3156797 0.33252704 0.71299314 0.100377195 0.5360773 0.21018066 0.31069958 -0.13121973 0.09952191 -0.38546312 -0.099812284 -0.08167907 0.29704896 0.79980516 0.42946267 0.3845156 0.032366052 -0.21919063 -0.66657573 -1.1179038 0.1504959 0.33045346 -0.991046 0.6607495
88 0.026954299 -0.3749674 -0.045724407 0.35733187 -0.24810018 -0.24481949 0.19889592 -0.14731815 0.032284338 -0.1362605 0.03780497 0.26125872 0.7688804 -0.16179638 1.0186362 0.0903844 0.10303808 0.21602075 -0.17113914 0.4756907 0.70463437 0.06890535 0.54343104 0.4736581 0.69502276 0.33692116 0.11387342 -1.3332508 0.29508692 -0.23047985 -0.896858 0.35271496
93 -0.39566544 -0.7040859 -0.008875806 0.6431503 -0.86478 0.15381387 0.13956155 -0.38010108 0.4955744 0.4447679 0.829565 -0.078331135 0.4803735 0.3822529 0.1778272 -0.14500369 0.100974634 -0.3857245 -0.12019196 -0.14641674 0.30630192 0.79648983 0.5163718 0.36708784 0.052718814 -0.2556262 -0.71154827 -1.1733948 0.16159233 0.5148764 -0.9626022 0.49553972
95 -0.3199663 -0.17943309 0.88510716 -0.5915997 -0.103925556 -0.5330876 0.89702076 0.6561374 -0.21432154 0.07548349 -0.03154197 -0.6040049 0.038007922 0.00782415 -0.59589076 0.3670465 -0.22753757 0.44245014 -0.2902098 0.52758896 0.37068486 0.6342999 0.83244973 0.07434142 -0.2182361 0.040895186 -0.4372951 0.46192026 0.58597225 -0.92676806 0.5214284 0.23684753
99 -0.6363061 -0.670682 -0.04287056 0.58229256 -1.1112994 0.3098951 0.11187665 -0.22564116 0.3375959 0.2772165 0.35155666 0.21778193 0.48516694 0.45213896 0.6312547 -0.14727463 -0.0796072 0.27644986 -0.45107675 -0.04520118 0.40892696 0.47491962 0.4569662 0.28298673 -0.10458728 -0.010987633 -0.59007007 -1.154527 0.49462014 0.55109674 -0.9357437 0.512048
100 0.08810596 -0.49919376 -0.197151 0.3506442 -0.31686828 0.073030055 0.14181484 -0.39353228 -0.14805062 -0.13752107 0.0053007756 0.26363656 0.64711386 -0.1562512 0.7617435 -0.10728156 -0.0880206 0.41146752 -0.17627525 0.5561233 0.66284305 0.37374207 0.41201296 0.3977158 0.5817185 -0.019432614 -0.10781157 -1.2878634 0.4293137 -0.07311246 -1.1311133 0.4723871
103 -0.44846436 -0.13475373 0.6880477 -0.56370604 -0.10619616 -0.7011962 1.0656106 0.6607534 -0.08098957 0.055000808 0.044286843 -0.68423307 0.22389872 -0.035365287 -0.7944332 0.23450641 -0.050478082 0.21057081 -0.046767883 0.67223644 0.30295825 0.65382224 0.89638406 0.157014 -0.16291308 0.15675102 -0.57278365 0.4889269 0.36748362 -1.273123 0.4534675 0.2641737
113 -0.14125673 -0.38639957 0.058585554 0.7848549 -0.6047854 0.6143606 0.44643652 -0.6353693 -0.051564775 0.41811135 0.6213368 0.078710884 0.2980318 -0.22723661 0.24446669 -0.49434286 0.3087469 -0.7966234 0.08415552 -0.26743945 0.23075531 0.87676483 1.0780356 0.00806577 0.010662456 -0.1365752 -0.830858 -0.6549056 -0.14313786 0.0028198701 -0.8394064 0.72806704
2 0.00040968892 -0.507758 0.00044531163 0.43766916 -0.5169554 0.5620749 0.20897247 -0.6717435 -0.2098376 0.08383721 0.58261055 -0.02916739 0.41056886 -0.47019035 0.022872746 -0.6002602 0.006714125 -0.48701042 0.061878756 0.016114948 0.451271 0.5998635 0.99556214 0.1336835 0.5272258 -0.332329 -0.6887006 -0.67638636 -0.10686417 0.19101448 -1.3093075 0.45420456
18 0.04765551 -0.3050125 0.30317646 0.24711487 -0.31749603 -0.80656594 -0.21289684 0.16401489 -0.75626624 0.11952458 -0.3003983 -0.58589363 -0.0022577813 0.16643551 0.8089217 0.29482514 0.2870342 0.9005112 -1.1034979 0.19420615 0.05882753 0.81286865 0.82707095 0.15347894 0.62705487 0.6286001 -0.33692908 -0.6398068 0.3136018 -0.51822734 -0.30301833 -0.7444606
20 -0.342651 -0.20456742 0.69882023 -0.5509977 -0.2312975 -0.6892822 0.8166263 0.6364011 0.031128155 0.13010393 0.20043004 -0.675565 -0.11801603 -0.073784396 -1.0465508 0.6612961 -0.085540004 -0.09892497 -0.3572871 1.0203271 0.6951798 0.7241569 0.7607279 0.039171066 -0.038365055 0.051916134 -0.6958435 0.3544607 0.38501573 -0.822457 0.33002755 0.05910816
21 0.03967685 -0.5358498 -0.1804881 0.39047498 -0.13115059 -0.37543613 0.19323395 -0.4341936 -0.4806488 -0.24804497 -0.4520759 -0.15041313 0.6730336 -0.29504195 0.6335552 -0.12183383 -0.14229733 0.43957102 -0.8346124 0.23448595 0.48480362 0.43033776 0.49984273 0.65428853 0.8062511 0.16420779 0.1708332 -1.0801585 0.33452067 -0.73071444 -0.93190926 0.023479352
22 0.25967744 -0.6112878 0.81997335 -0.80608046 0.19381668 -0.71427655 0.67494434 0.305054 -0.9247673 0.14267811 -0.030341344 -0.5280027 -0.15228713 0.02926837 -0.124552734 0.44284087 0.062193915 0.41553825 -0.21227407 0.15115029 0.23414516 0.7651213 0.67734414 0.57924885 -0.41885507 0.3637633 -0.28450528 0.33242545 0.28096178 -1.2149564 0.2486539 0.46668106
37 -0.3492719 -0.36011627 0.1456215 0.8536831 -0.736157 0.5682175 0.42689002 -0.51323795 0.121509984 0.31531352 0.66866136 0.07040422 0.3927143 -0.054751724 0.20839207 -0.6819242 0.37076268 -0.66607356 0.08007602 -0.391713 0.28895265 0.65030617 1.2055919 0.0014388448 0.041743338 -0.3352786 -0.7423862 -0.61208504 -0.24398632 0.049612444 -0.8823873 0.67968225
42 -0.51689047 -0.032098133 -0.14579459 0.76360166 -0.33515704 0.3801777 1.05711 -0.31225425 0.4127202 0.5227419 0.7526887 0.2930192 -0.021365043 -0.005869875 0.6939617 -0.49179736 0.77764803 -0.5833482 0.65391296 -0.5140068 -0.1310586 0.99235386 1.4794738 -0.64174026 0.43031716 -0.3635244 -0.5655735 -0.4336334 0.178233 -0.6368492 -0.21543048 0.7331599
45 0.04657505 -0.40551233 0.041105025 0.48936898 -0.16346237 -0.31282744 0.1254706 -0.26392803 -0.3604219 -0.23561968 -0.4565814 0.059890557 0.51452285 -0.22952287 0.74240106 0.18917227 0.025022164 0.368615 -0.87698144 0.43605202 0.67367107 0.31571218 0.58438754 0.38957292 0.796635 0.38960308 -0.06995265 -1.2434107 0.29547733 -0.41233277 -0.7215184 0.026641263
53 0.14647824 -0.428405 -0.19595808 0.40213382 -0.07092281 -0.17357004 0.19110034 -0.3007707 -0.38681749 -0.22396982 -0.3016194 -0.009171286 0.47528195 -0.27852687 0.92880267 0.01619402 -0.06296395 0.2599902 -0.6962251 0.071538955 0.5220816 0.34593484 0.6851811 0.4327526 0.9606169 0.21529905 0.1842012 -1.1294694 0.34096602 -0.47366047 -1.0061177 0.013187131
68 -0.30439025 -0.57297546 -0.06184038 0.6869366 -0.7814622 0.533804 0.11386261 -0.44385183 0.15430747 0.30384615 0.56548864 -0.006336026 0.3126398 0.021588074 0.12943222 -0.41589138 0.046834536 -0.341342 -0.25037396 -0.18626082 0.2800008 0.724784 0.8266012 0.28272283 0.12568066 -0.30270642 -0.70721656 -0.97549045 0.035440266 0.3581992 -1.0707903 0.4546896
69 -0.315292 0.062379215 0.9424447 -0.59429836 -0.14011608 -0.654552 0.8165483 0.7512614 -0.021660568 0.20423931 0.3405559 -0.74670196 0.22790806 -0.2834506 -0.9892198 0.38882402 -0.33376583 0.27339086 -0.14456406 0.74399227 0.48994765 0.7225729 1.029553 -0.15628992 0.22011727 0.17293291 -0.5240239 0.51665556 0.5547295 -0.5992682 0.34700418 0.000421462
89 -0.19601695 -0.36156785 0.07299122 0.72759974 -0.59742916 0.57188165 0.47105145 -0.48360527 0.10027486 0.34721333 0.84915376 0.12012074 0.43586814 -0.16533907 0.34478608 -0.5613984 0.33014938 -0.80000186 0.3292646 -0.27334464 0.1704943 0.7709487 1.1167474 -0.031036612 0.14649773 -0.0006755724 -0.794134 -0.6794045 -0.19362219 -0.025699392 -0.8304942 0.70116377
98 -0.03896036 -0.48095798 -0.27697566 0.4874941 -0.5401507 0.4302977 0.14561175 -0.5346941 -0.16841605 -0.0712207 0.27380845 0.16353256 0.3877717 -0.3491191 0.28427693 -0.4290826 0.00016748131 -0.06967257 -0.41202596 0.19994615 0.68694067 0.60773134 0.5622932 0.4114063 0.58878654 -0.4206011 -0.33655888 -1.2012446 0.16437663 -0.055058926 -1.3422742 0.35995683
108 -0.37337002 -0.119304836 0.06569954 0.5123572 -0.40218404 0.606675 0.9996561 -0.12226306 0.20248611 0.67083246 0.80252624 0.5508375 -0.14379439 0.0052843806 0.8490788 -0.41895273 0.72463197 -0.25564697 0.84430164 -0.2954867 -0.071079075 1.0981449 1.3138719 -0.73823553 0.19856133 -0.25844285 -0.7310058 -0.47148922 0.43340862 -0.597432 -0.30852658 0.7456809
109 -0.17628607 -0.38673443 0.37159216 0.13836297 -0.6052913 -1.0123217 -0.0031586299 -0.06288551 -0.6127874 -0.045410205 -0.25947925 -0.5687598 0.4251345 0.12317643 1.0257727 0.27666575 0.270287 0.49751842 -1.0355439 0.1457762 0.3036756 0.4818709 0.8909717 0.42016596 0.60782146 0.9238066 -0.2096972 -0.31180164 0.06872061 -0.72666204 -0.29010108 -0.6238056
15 -0.6041249 0.09707782 0.45597595 -0.46061295 -0.28578317 -0.247575 0.87816596 1.0031857 0.48223388 0.23384604 0.08923229 -0.82969475 -0.06957881 0.23034994 -0.80754524 0.3807036 -0.6548183 0.100482315 -0.17258789 0.34036133 0.53378296 0.4959903 1.0599402 -0.18414965 0.11068181 0.13311297 -0.36060625 0.33468297 0.6495191 -0.62342405 0.4613738 -0.15250047
36 -0.45183134 -0.22483733 0.005803616 0.77100825 -0.74003124 0.410215 0.38415402 -0.5419017 0.25113052 0.5472679 0.47324488 0.13759483 0.24197456 0.048703216 0.36284384 -0.54863024 0.46783644 -0.55219686 0.14680505 -0.37062788 -0.0014357794 0.89752185 1.0997932 -0.009230358 -0.064387225 -0.24253018 -0.70184815 -0.6079409 -0.0010530959 -0.11219769 -0.40327704 0.6538279
40 -0.22005932 -0.49253887 -0.017005961 0.5381896 -0.67431426 0.5415531 0.176835 -0.5203707 -0.03224539 0.17122303 0.5546217 0.019907434 0.46151295 -0.26557013 0.0027997885 -0.57550746 -0.06388588 -0.3477338 -0.046203043 0.054937728 0.44866848 0.7030651 0.74818414 0.23960307 0.18688336 -0.27243647 -0.75337005 -0.76281476 -0.024349675 0.14046425 -1.1724447 0.49687618
62 0.22397411 -0.39357874 0.5957634 -0.0045826393 -0.37042305 -1.1968831 -0.2506011 -0.12123144 -0.6609718 0.08436799 -0.07185445 -0.67650396 0.24406037 0.33478212 0.67218083 0.5270535 0.43085763 0.46378416 -0.92349494 0.38470617 0.12022952 0.6689229 0.75509083 0.4086832 0.26953387 0.43382654 -0.3366209 -0.518167 -0.21728235 -0.3956117 -0.25248647 -0.38393322
72 -0.17908765 -0.4706712 0.16612446 0.57819086 -0.65627545 0.62980705 0.31318727 -0.6214821 0.08574444 0.24517766 0.6633219 -0.042038463 0.48646975 -0.29070023 0.0819134 -0.83492 0.19574907 -0.76860076 0.19578205 -0.37608 0.26114398 0.57095414 1.2420245 0.30360526 0.24002743 -0.33925387 -0.59772474 -0.67763567 -0.111147925 -0.017290477 -1.0127468 0.723238
102 -0.29930115 -0.20225267 0.04581175 0.88886356 -0.5481588 0.4234807 0.7624693 -0.48808867 0.2062701 0.39101753 0.69251394 0.19021018 0.24000683 -0.06534648 0.53222895 -0.51383156 0.5679634 -0.80877423 0.45073774 -0.3403528 0.021994486 0.79948187 1.2185837 -0.2782403 0.20067717 -0.09090038 -0.7732613 -0.6094442 -0.05865499 -0.2638553 -0.42097634 0.8335214
104 -0.15354505 -0.50660205 0.12802553 0.62308353 -0.49261868 0.75713843 0.39791837 -0.6757447 0.013121319 0.29478273 0.6346596 0.077335276 0.4848974 -0.34609896 0.076736026 -0.7966948 0.24020603 -0.74983543 0.12342121 -0.39718515 0.14294897 0.6670383 1.2150825 0.27768862 0.13551536 -0.29947558 -0.64829934 -0.6645187 -0.1878647 -0.096679464 -0.937468 0.8413245
4 -0.3680032 0.13453867 0.06929562 -0.061534986 0.42121622 -0.27988783 0.9631533 0.697577 0.81145465 0.06897367 -0.07930516 -1.1714795 -0.21565019 0.5327766 -0.7590361 0.8553469 -1.2235682 0.117831245 -0.049256835 -0.10146617 0.85408646 0.87318224 0.83820456 -0.021834286 0.43392658 -0.16069193 0.00072332565 -0.23986 0.7671492 -0.049044404 0.36000285 0.18309486
6 0.14850985 -0.6343996 0.48057005 -0.22244664 -0.34510425 -0.9580337 0.061399177 0.13937652 -0.74920547 0.012321049 -0.026177498 -0.6783882 0.51251775 0.13939303 0.95641476 0.275531 0.17071895 0.35151866 -0.7421491 0.10185327 0.03603103 0.35099834 0.9226119 0.47358727 0.72002083 0.97834504 -0.11842717 -0.23928215 0.104596 -0.6873295 -0.39551818 -0.45609522
5 0.7020998 0.082935736 0.44824234 0.04710065 0.5050015 0.106837906 0.73285735 0.78845066 0.4943704 -0.14499655 -0.30840987 -1.4899964 -0.44506347 0.8576439 -0.30001658 0.7215607 -1.3863583 -0.19752294 0.44590732 -0.06742422 1.5941724 0.27890044 1.7652445 -0.2200744 -0.85625476 -0.027412921 0.04337838 -0.6308336 -0.3236999 0.21831995 -0.45436257 0.9365748
23 -0.40516195 -0.70956445 -0.117657 0.65820926 -0.9540834 0.413959 -0.00079748756 -0.26169455 0.3808418 0.35600337 0.5035008 -0.039031565 0.44234204 0.44857836 0.30553824 -0.36487633 -0.08957817 -0.1203322 -0.5214516 -0.3360615 0.3041492 0.7995578 0.5685792 0.5272899 -0.13260439 -0.22140737 -0.45021072 -1.2284604 0.27837 0.3882637 -1.0427747 0.39468813
57 0.17074445 -0.32065508 -0.009495844 0.30802888 -0.08869292 -0.315388 0.41235816 -0.15348849 -0.41350693 -0.34298286 -0.37733784 0.3373339 0.62921035 -0.32216376 1.2246213 0.30296817 -0.11249613 0.4798824 -0.48087785 0.46494013 0.93656635 0.048551567 0.70842016 0.19822644 0.877956 0.59161407 0.0012290279 -1.3153728 0.39395255 -0.42539153 -0.99460775 0.28057888
16 -0.045752283 -0.6099135 0.9869405 -0.40917805 0.05079983 -0.7674211 0.7228914 0.33202133 -0.7363528 -0.004358003 -0.22273862 -0.6808398 -0.007348013 0.07093964 -0.33688003 0.38983348 0.15545239 0.4607471 -0.6480745 -0.038126398 0.047993742 0.8242635 0.68692976 0.7992319 -0.43885058 0.17556065 -0.1383913 0.2186747 0.27219066 -1.182171 0.5601108 0.36789748
39 0.03508358 -0.7469436 0.9679593 -0.64372545 0.38616607 -0.7934642 0.63960934 0.3001043 -0.99980766 -0.0043911473 -0.13383013 -0.86882263 0.1844011 -0.17707705 -0.44412878 0.32592636 -0.025610246 0.8106083 -0.2748387 0.1779561 -0.08975819 0.97794837 0.69138354 0.8815879 -0.1880766 0.16585033 -0.25101626 0.11352703 0.2501757 -0.9803339 0.24938947 0.12483006
71 0.14227758 -0.41067946 0.24710509 0.454408 -0.15720049 -0.5596447 0.2148662 0.02245424 -0.25104332 -0.04530966 -0.23859915 0.036915205 0.76091075 -0.08713686 1.1638184 0.4060939 0.2009971 0.2797455 -0.64018446 0.33593684 0.38415858 0.026035203 0.7241859 0.3144361 0.75321054 0.99924546 -0.09206358 -1.0909637 0.2594043 -0.41742212 -0.640242 -0.1548361
106 -0.5109864 0.099569924 0.38039666 -0.44669667 0.01274436 -0.3127645 1.0790005 0.88597083 0.35398683 0.018599397 0.04942682 -0.9021962 -0.121847786 0.1848073 -0.8601013 0.38707867 -0.69921464 0.02924504 -0.07898638 0.25818366 0.5248541 0.6504623 0.9840097 -0.20369942 0.3047378 0.048403457 -0.43641698 0.40974337 0.69457084 -0.6374101 0.41870087 0.04072239
58 0.05362025 -0.6046096 1.0829715 -0.52287745 -0.085252866 -0.4780078 0.17562121 0.43113014 -0.92968446 -0.06855546 -0.37764338 -0.5911994 0.25308967 0.053529162 -0.053220365 -0.062181517 0.06301641 1.0132692 -0.64124006 0.041877445 0.054448765 0.5828424 0.94166774 0.742852 -0.53574044 0.23222232 -0.15953144 0.031698078 0.19701447 -0.96541864 0.21604858 0.13762526
90 -0.48205027 0.040714398 0.4563931 -0.35988155 -0.2609496 -0.4936185 0.8162372 0.81148285 0.24951352 0.18565162 0.081887625 -0.8916775 -0.22510165 0.06277704 -1.0727866 0.42676285 -0.37512058 -0.065394394 -0.32635236 0.63134086 0.67903584 0.67434484 1.0054849 -0.12557995 0.03186489 -0.061425507 -0.42276564 0.49887395 0.5615053 -0.74141365 0.46490893 0.14256884
91 -0.11482186 0.15525466 0.3565914 -0.018507117 0.3932307 -0.22000162 0.8763033 0.71395016 0.825328 0.13880268 -0.22573051 -1.1595757 -0.049780976 0.60440576 -0.7483156 0.43721247 -0.92719734 0.009911581 -0.01472773 -0.10626132 0.56228346 0.53235996 1.3589127 0.015548195 -0.08469637 -0.19809945 0.3273991 -0.028492289 0.39743173 -0.41927418 0.40444487 0.46660683
96 -0.22531925 -0.46251988 0.8733919 -0.43853453 0.005090698 -0.7513615 1.2104629 0.30566907 -0.4554612 0.061467495 -0.2228138 -0.25856984 -0.081244074 0.090315826 -0.313151 0.5247779 0.27155608 0.26113555 -0.4425966 0.42531258 0.26097912 0.639129 0.670556 0.36322972 -0.46690953 0.073835775 -0.38175377 0.52802855 0.51041055 -1.4467826 0.5990623 0.4783222
11 0.040301576 -0.9324794 0.8659918 -0.67472506 -0.23588999 -0.64299476 0.16793859 0.44610783 -0.98387426 0.11421134 0.11610826 -0.6334925 0.1762301 0.17072017 0.7282551 0.25745046 0.022739826 0.8201902 -0.27731276 -0.07131528 0.13960537 0.4719781 0.8678748 0.8205162 -0.12532787 0.79373384 -0.07508926 -0.11270499 -0.06584042 -0.9483234 -0.33120725 -0.42303142
13 -0.50290835 -0.050616354 0.39730397 -0.4715281 -0.15201509 -0.30118704 0.94250923 0.95332557 0.34862673 0.18722406 0.18557248 -0.85123754 -0.11405479 0.25220627 -0.95311505 0.3683405 -0.5175344 -0.006395566 -0.24886018 0.49998334 0.49211603 0.50724155 1.0610999 -0.12938462 0.11646692 -0.030071551 -0.33743235 0.4050113 0.6103657 -0.6554438 0.39273673 0.02434678
27 -0.07369891 0.15956354 -0.07123036 0.14060645 0.5899658 -0.17246309 0.9175611 0.7898169 0.97158176 0.09644742 -0.34066588 -1.1469868 -0.74661845 0.8847557 -0.6600198 1.2136544 -1.196803 0.06075021 -0.17145139 0.13994727 1.3462093 0.94378847 1.1320658 -0.27394056 0.15465882 -0.38068557 0.1310227 -0.8051725 0.5318796 -0.0027887248 0.23880784 0.3752645
31 -0.6132228 0.1848804 0.08159438 -0.042316124 0.15273255 -0.13291879 0.6640179 0.8634846 0.6925147 0.34593904 -0.101988204 -1.1587998 -0.29153308 0.50105023 -0.86171955 0.3654474 -0.86988395 0.19756389 -0.23967797 -0.1317904 0.5292237 0.7267525 1.3048315 -0.07391637 0.10406085 -0.17733262 0.08024008 0.058853995 0.54691225 -0.3674517 0.537859 -0.11878286
44 -0.30499497 -0.22284852 0.90645564 -0.5543331 -0.028640034 -0.65657467 0.82629365 0.3497785 -0.40409794 0.013631097 -0.10408491 -0.644937 0.19844633 -0.15587145 -0.8091024 0.23390694 -0.011305346 0.49697912 -0.32868132 0.7589007 0.35032466 0.74789065 0.76607746 0.35518056 -0.22613986 -0.12211884 -0.41014692 0.34995556 0.41982165 -1.1430851 0.6327386 0.34856743
49 0.12629075 -0.28938153 0.048555963 0.62631243 -0.20572495 -0.25993833 -0.021594282 -0.22344825 -0.46998268 -0.17105126 -0.7024252 -0.19880435 0.59314734 -0.27145454 0.5880718 -0.09911334 -0.04747765 0.41659018 -1.1630237 0.3726279 0.46527693 0.31629246 0.8309697 0.32020044 0.80994177 0.3857521 -0.012006016 -1.08401 0.16078386 -0.59466785 -0.70378095 -0.27201372
51 0.07235125 -0.5795678 0.8600288 -0.5179811 0.34692112 -0.5831312 0.7280627 0.2797416 -1.0068986 -0.04026623 -0.4093091 -0.68014646 -0.062737055 0.045114174 -0.14461142 0.2380676 -0.05735455 0.9457793 -0.43991697 0.17533958 0.11874934 0.8621012 0.8365123 0.5336432 -0.38251638 0.11314865 -0.22384873 0.2645371 0.3051586 -1.0968943 0.24598873 0.18395066
59 -0.2457149 0.0005012046 0.16757414 -0.3210927 0.32591653 -0.20480815 0.83389646 0.8784669 0.4798066 0.12965499 0.0029267499 -1.0952722 -0.42124444 0.4846881 -0.7351088 0.52982193 -0.8479193 0.06957969 -0.0628562 -0.05227853 0.56430084 0.68281925 1.1955171 -0.12888707 0.20904341 -0.025907528 -0.03408886 0.13322449 0.52388644 -0.332765 0.32760823 0.020424023
66 0.10172716 -0.5881873 0.67584103 0.10283523 -0.4914359 -1.025049 0.06401605 0.028518904 -0.84679085 -0.057258908 -0.15157619 -0.6019235 0.27000603 0.18160322 0.85458165 0.2737786 0.3381885 0.48040414 -1.1797659 0.14286189 0.028976465 0.59816164 0.8258456 0.49586117 0.46410152 0.7881987 -0.267638 -0.26506594 0.040090557 -0.7124114 -0.26383138 -0.4394686
82 -0.3445134 -0.13072321 0.76174694 -0.5703534 -0.08465798 -0.57833123 0.9052726 0.8481267 -0.18214116 0.11814505 0.12084563 -0.7936783 -0.09308628 -0.11472172 -0.91025835 0.47905824 -0.19260207 0.21683578 -0.25970522 0.64638627 0.42232245 0.86759716 0.8993603 -0.038994804 0.051020134 0.16470788 -0.59061944 0.57004887 0.5183565 -0.7614407 0.3513705 -0.0071211113
85 0.10330256 -0.29143807 0.011761091 0.4676518 -0.22570717 -0.63951176 -0.116890155 -0.15996854 -0.37557125 -0.14777909 -0.5373523 -0.28684753 0.67757237 -0.13506103 0.9578252 0.041487444 0.13325232 0.68109775 -0.85073256 0.45228446 0.5673718 0.27199048 0.901062 0.37776592 0.8349131 0.5830559 -0.018076194 -1.1147368 0.29253265 -0.48919484 -0.63089585 -0.050170768
97 -0.25383142 -0.21658652 0.6347143 -0.7185619 -0.056973923 -0.46547562 0.9276482 0.76800525 -0.010125479 0.2012473 0.23816529 -0.60930705 -0.024747923 0.028752333 -0.75413394 0.44022572 -0.2326629 0.105860606 -0.11308236 0.6473941 0.35905218 0.60069263 0.85968405 -0.067270726 0.08215173 0.22940175 -0.49771512 0.51892304 0.5383483 -0.87273335 0.27955404 0.029840201
10 -0.13229822 0.16188258 -0.26758114 0.38427162 0.761518 -0.27928436 1.0716566 0.31375152 1.1035618 0.13973153 -0.55646664 -1.2600551 -0.22365662 0.8730242 -0.6671835 0.5371763 -1.0230942 -0.09378939 0.06109575 -0.02698081 0.8620416 0.50110704 1.4875997 0.1711681 0.06281769 -0.52363765 0.6855987 -0.37847137 0.57443845 -0.61077505 0.41694397 0.9356713
55 -0.4729339 -0.49321568 -0.05258433 0.75019854 -0.9142408 0.085087225 0.16771525 -0.317876 0.34710938 0.38648042 0.49278837 0.0629165 0.45797652 0.3395411 0.31806302 -0.13231537 0.059801195 -0.16813976 -0.25389624 -0.012482543 0.34647334 0.7161781 0.36849132 0.24084584 -0.26671305 -0.14243357 -0.6928769 -0.99939585 0.13389109 0.32471645 -0.83857185 0.47546947
41 0.025099097 -0.4773816 -0.19596362 0.4398024 -0.16479872 -0.14606282 0.091936596 -0.2589969 -0.20274957 -0.12918043 -0.16942914 0.07888369 0.5265949 -0.21457267 0.61302847 0.052546598 -0.18176532 0.3299894 -0.671007 0.2748104 0.61944216 0.3352396 0.47485504 0.4903322 0.7922456 0.14290026 -0.00060528686 -1.3301225 0.35138598 -0.24760087 -1.0756137 0.08912956
46 -0.21324766 0.19999968 -0.1388929 0.05825611 0.7434529 -0.40276742 0.98230946 0.64155823 0.98736197 0.22458321 -0.36173883 -1.3209674 0.021234762 0.7246399 -0.68245333 0.39573303 -0.8398117 -0.07513312 0.26727968 0.10976051 0.5968227 0.2925953 1.7475842 0.03933955 0.23026718 -0.17712726 0.58200413 -0.18951294 0.32072154 -0.8238178 0.56709343 0.5907441
70 0.2808589 0.16660988 0.35925153 0.105048716 0.42236963 -0.21960606 0.8352353 0.5165846 0.50270516 -0.13890561 -0.43063518 -1.354886 -0.22536655 0.78125 -0.18711573 0.43615177 -1.0749959 -0.025856186 0.41943386 -0.21832617 1.1917055 0.2634223 1.4717648 -0.07882849 -0.68444234 -0.10547001 0.29770327 -0.16896813 -0.071743615 -0.25460345 0.06924269 0.98779434
14 -0.06161032 -0.998894 0.7880592 -0.7901084 -0.34721273 -0.72778827 0.1515557 0.39438087 -1.0021787 0.08792126 0.104730606 -0.6773592 0.19673567 0.17481354 0.51611066 0.050361793 -0.0071507036 0.82856286 -0.42586526 -0.20742364 -0.011959919 0.5203594 0.90632504 0.99512506 -0.032110766 0.5945525 0.027873442 -0.01879199 0.13724986 -0.9837369 -0.26813492 -0.34072772
60 0.2963956 -0.8766765 0.72602403 -0.60560143 -0.21877563 -0.6422871 0.024871431 0.39363644 -1.1011941 0.24080323 0.14833248 -0.63112175 0.07296775 -0.023230094 0.77301705 0.2769615 -0.010593054 0.5821086 -0.2465658 -0.07875234 0.012356312 0.73093146 0.9356497 0.7136377 0.12652554 0.97305 -0.17908841 -0.1659304 0.052607622 -0.8701452 -0.44763955 -0.6340401
47 -0.28420445 -0.22018576 0.7539559 -0.6435823 -0.015235313 -0.5474108 0.9478689 0.7699795 -0.20783488 0.16312721 0.37663594 -0.67826635 -0.03591702 0.021563284 -0.81686133 0.4635398 -0.07495171 0.1821898 -0.25025707 0.6951896 0.37260485 0.7758566 0.8538954 -0.002402345 -0.017342022 0.018496947 -0.5645238 0.43967783 0.43242314 -0.8186983 0.4043614 0.012428484
17 0.28880027 0.17907223 0.30156398 -0.18329746 0.30652106 -0.11261326 0.58027744 0.9167419 0.65711904 0.00697891 -0.27626804 -1.3137758 -0.22133705 0.7981188 -0.14761683 0.43643388 -1.1969794 0.11207182 0.5630278 -0.1439782 1.2181815 0.18837619 1.6443291 -0.15306516 -0.66696614 -0.15782699 0.43275672 -0.47632703 -0.21611527 -0.12695475 -0.27434045 0.6806707
26 -0.012292549 -0.31709495 -0.00540564 0.44988516 -0.2972296 -0.3558436 0.2500301 -0.29503372 -0.3805576 -0.2581727 -0.6191632 0.3294678 0.55053407 -0.21419391 1.2617176 0.26109627 -0.16672829 0.5321591 -0.6388925 0.44307637 0.8099267 0.10215612 0.8056678 0.18536289 0.6745957 0.43787417 -0.076912105 -1.2656505 0.4089603 -0.29622942 -0.8785248 0.1953141
112 0.17220221 -0.40222707 0.23383673 0.32648224 -0.20203194 -0.76741433 0.16858348 -0.017272374 -0.5208285 -0.11529629 -0.37302795 -0.09856233 0.507749 -0.1965383 0.9647393 0.45900166 0.09003398 0.32455295 -1.0264307 0.33508423 0.49382174 0.24711923 0.7125761 0.45194677 0.8353968 0.798629 -0.06609883 -0.993457 0.32190725 -0.5858558 -0.605709 -0.24163722
24 0.6332059 0.03431745 0.32022327 -0.091798924 0.5715471 -0.04969899 0.84642977 0.7225353 0.48886725 -0.05258222 -0.27940473 -1.3565757 -0.53302276 0.955815 -0.012956485 0.88110346 -1.3714519 0.02716583 0.68040574 -0.038302552 1.6537826 0.3937191 1.5778935 -0.20683807 -0.67836446 -0.14916539 0.33262458 -0.6340287 -0.16199158 0.061789438 -0.4347281 1.0600306
94 0.031000145 -0.82744604 0.5793805 -0.50123614 -0.5580711 -0.78191286 -0.21805963 0.3779541 -0.95875543 0.26359394 -0.14145523 -0.5506872 0.060042094 0.007934025 0.8095831 0.19155745 0.07112087 0.6332057 -0.7445425 -0.11855543 0.060000803 0.5259526 1.1071872 0.71401924 0.20599973 0.7038937 -0.095899746 -0.39167804 -0.079556234 -0.75115126 -0.557847 -0.7147416
28 0.5995693 0.12768091 0.35067007 0.01776063 0.42783952 -0.087203495 0.5748883 0.63997006 0.42893827 -0.03995551 -0.46316266 -1.3936065 -0.5729784 0.93976414 -0.27972108 0.5568596 -1.0996557 0.0636544 0.35289106 -0.07190784 1.3551751 0.3924282 1.7361841 -0.23973645 -0.91334665 -0.40687224 0.23728845 -0.45686385 -0.27037677 -0.0045123636 -0.2817583 0.94512075
50 -0.5275818 -0.011080891 0.4238882 -0.4970992 -0.26240325 -0.39339122 0.9173498 0.9437822 0.21287356 0.26847383 0.22024372 -0.6965747 -0.06620812 0.1348849 -0.8486101 0.34765208 -0.35354507 0.0835117 -0.15358947 0.6067054 0.50757396 0.51570964 1.0210547 -0.20854689 -0.017658338 0.09432364 -0.41386753 0.55039215 0.6023227 -0.8041509 0.43481597 0.028593227
80 -0.02779582 0.10598509 -0.09786462 0.16511151 0.725305 -0.27053216 0.95758957 0.5303353 0.74722207 0.11941055 -0.42695826 -1.3200767 -0.56828904 0.8153489 -0.49534485 1.1269556 -1.3422625 0.28235662 0.04636673 -0.18742928 1.1939585 1.1150192 0.959259 0.029914716 -0.0009327488 -0.3171266 0.11078901 -0.67338645 0.5774103 0.1206466 0.30610597 0.5170529
107 -0.2620543 0.40523848 -0.04228763 0.32479924 0.6604171 -0.24798635 1.0566316 0.5230337 1.1377227 0.18176834 -0.69322914 -1.1357293 0.021960907 0.7674661 -0.44259048 0.4809408 -1.0225806 0.07161849 0.21497113 0.033294898 0.85013086 0.4364121 1.581609 -0.10923224 -0.032011766 -0.29102644 0.5833536 -0.49354252 0.45219922 -0.64816767 0.58027524 0.8030842
86 -0.48899016 0.16366236 0.25216335 0.004447742 0.012587583 -0.19827354 0.82109594 0.52688384 0.65439093 0.21648748 -0.23487969 -0.8719859 0.08260343 0.33311495 -0.77066 0.09408015 -0.5213898 -0.15056443 -0.15330417 -0.05884346 0.42640784 0.31402388 1.2420442 0.14512657 -0.08394984 -0.10873268 0.23200473 0.37394994 0.42734614 -0.85592514 0.62221307 0.4331536
63 0.6667489 -0.064312726 0.3917292 -0.14184938 0.66285855 0.16546908 0.8353064 0.77843255 0.30292293 -0.16933832 -0.18532223 -1.3573707 -0.3770806 0.6747634 -0.12807532 0.6704861 -1.4439657 -0.12556575 0.8181326 -0.12551612 1.5972934 0.17195378 1.5746713 -0.19008766 -0.6468945 0.13059482 0.18558022 -0.5365905 -0.21251978 0.12374664 -0.49603504 0.9346177
