1 -0.010287393 -0.2659988 0.21212704 0.53987765 0.08065893 -0.23267356 1.1686912 1.05912 -0.09617187 -0.44561705 0.55629796 -0.9409143 -0.19978456 0.2597746 -0.44904006 0.0036611566 0.052399013 0.1036835 0.19968458 -0.62819016 0.9766355 1.119012 0.2300736 -0.0728756 -0.69477797 0.74212986 -0.11378329 -0.0094673475 0.582126 -0.20310825 -0.1362563 0.16802688
3 -0.18456978 -0.6273497 0.1770926 0.17348617 0.51290274 0.097069375 0.9533693 0.9143996 0.27343255 -0.5595578 0.6436759 -0.458412 -0.22738823 0.27748036 -0.021303574 -0.39756984 -0.12619895 0.1749085 0.25309172 -0.52546704 1.4562433 1.1338001 -0.21637055 -0.15693814 -0.5207804 0.50647384 -0.4659847 -0.5106361 0.5706939 -0.2713614 -0.53216326 0.04997667
8 -0.30779028 -0.44690642 0.19069362 0.26662958 0.6384784 0.07472801 0.7110437 0.9663867 0.11257636 -0.54806525 0.61263883 -0.36979762 -0.024237275 0.122384965 0.15023528 -0.116375566 -0.1861965 0.3085235 0.08995736 -0.41165516 1.4073478 1.0961542 -0.13796724 -0.21774176 -0.69294566 0.5286789 -0.23774454 -0.42440635 0.6816131 -0.17263296 -0.5340686 0.41359866
9 0.26356044 0.0856298 -0.37381512 0.08170052 0.8707043 -0.26295742 0.6581185 0.75160694 0.10086374 -0.89599043 0.74790215 -0.4975903 -0.31444708 -0.04436627 0.22807604 -0.35157916 0.8071001 0.5920279 -0.08902472 -0.53603125 1.544431 0.5726159 0.18532734 -0.08735523 -0.9752772 0.9227743 -0.5482921 -1.0473927 0.8794037 -0.35813913 -0.21925378 0.08109422
12 -0.112878256 -0.45619446 0.12801689 0.20639706 0.5447983 0.04391253 0.95758194 0.78380567 0.21224321 -0.5659759 0.75639457 -0.47692722 -0.1517719 0.32681948 0.009642807 -0.31222153 0.09530078 0.2754265 0.057611533 -0.5282443 1.3378191 1.1099246 -0.10384382 0.012755748 -0.754936 0.78666055 -0.4789998 -0.5483875 0.57504404 -0.2797791 -0.38440165 -0.03481683
19 -0.44530156 -0.2609771 0.3095335 -0.06211379 0.022134028 -0.010614138 -0.19156425 0.492019 0.49151894 0.1384556 0.4211567 -0.08102194 0.54244304 -0.6775733 -0.094155535 0.23307517 0.13459212 -0.08959642 -0.20719136 0.99497724 -0.7592568 0.53545207 1.1882719 0.26197836 0.6351596 0.6790244 0.024340127 -0.82810616 -0.7008481 -0.5855828 -0.7969987 0.11051826
29 0.15693954 -0.14597297 0.50074786 0.21499977 0.3613082 -0.24482624 0.46914414 -0.42850313 -0.64813095 -0.31579623 0.26063463 -0.12018862 -0.12002408 -0.40366936 -0.17603831 0.012504098 0.22591579 -0.16332105 -0.18996546 1.6299702 0.12756164 -0.06476093 1.0186231 -0.231077 0.5288706 0.22548625 -0.7258417 -0.65847385 -0.38012472 -1.0971837 -0.99906373 0.40213868
30 0.31349257 0.023905372 -0.3751944 0.16006476 0.7739301 0.098141074 0.8056322 0.3389546 0.2330307 -0.90875536 0.58349186 -0.5438344 -0.43264225 -0.24679525 0.31046665 -0.5559952 0.69930506 0.23324119 0.06215099 -0.49948594 1.6291842 0.568956 0.13319099 -0.25765392 -0.9144014 0.83991164 -0.69163036 -1.1228471 0.81472313 -0.49540994 -0.015399674 0.0026278517
33 0.06053611 0.0030264682 -0.52357167 0.06116241 0.960062 -0.32143012 0.4570285 0.38098365 -0.28937656 -1.061046 0.6941875 -0.67168427 -0.34988192 -0.222589 0.18740925 -0.24735406 0.95425004 0.62044287 0.25704816 -0.68920475 1.5297377 0.9235789 0.2348577 -0.3664286 -0.7127873 0.89269334 -0.6863757 -1.1294693 1.1718497 -0.30145702 0.029440809 0.2220101
34 -0.13243295 -0.44976568 0.30307573 0.78469586 -0.23792383 0.10099669 1.1324311 0.48846585 0.045082625 0.07441288 0.054510754 -0.81365395 0.09887301 0.30654937 -0.36767188 -0.41454065 -0.15871069 -0.1204163 -0.05033726 -0.21836008 1.2035693 0.97842145 0.56144637 -0.20705947 -0.4718768 0.3269233 -0.05444468 -0.019608565 0.63419014 -0.45553198 0.28633332 0.42474994
35 -0.023671385 -0.46645752 0.5798362 0.12676749 0.041820943 -0.24281462 0.7210564 -0.4128246 -0.8328196 -0.33931312 0.2511238 0.13755117 -0.35066828 0.13571273 -0.31852773 0.28212643 0.3672281 0.027444327 -0.48643726 1.1999282 0.23756295 -0.0052371025 0.9518967 0.14631121 0.66997236 0.088368386 -0.483323 -0.30954167 0.21608298 -0.7178688 -0.8219117 0.5370565
38 0.030143851 -0.1627475 -0.3318336 0.036751896 0.9061508 -0.15907995 0.6184058 0.609472 0.0065743946 -0.72625697 0.66573316 -0.62612385 -0.3072973 -0.20115623 0.18846133 -0.41089478 0.6290733 0.4158442 0.20133723 -0.65941304 1.4965832 0.9754046 0.009607971 -0.34771287 -0.7461291 0.7715103 -0.7058136 -0.8243206 0.83787113 -0.44478467 -0.16993064 0.16611423
43 -0.2902475 -0.75013906 0.042333912 0.5816988 0.51775 0.13044024 0.9414745 0.48158994 0.33248895 -0.16709103 0.3702456 -0.46750143 0.22548836 0.2415391 -0.07654431 -0.111999005 -0.65915984 0.04061199 0.2389504 -0.60784966 1.6498969 1.3271381 0.05327975 -0.11005789 -0.1939714 0.5659207 -0.3363071 -0.23545487 0.49548283 -0.109140106 -0.32459277 0.20059972
48 0.07429098 -0.15203471 -0.09643711 -0.10889146 0.7725197 -0.2784836 0.9007826 1.0987668 0.170562 -0.5654283 0.642115 -0.4420327 -0.43669927 -0.21706572 0.300193 -0.16031554 0.17270692 0.5372015 -0.04879389 -0.1987175 1.6045964 1.0859622 -0.08698616 -0.05798038 -0.7438816 0.6630411 -0.55614305 -0.4844569 0.7897549 -0.15448011 -0.54987425 0.14416677
54 -0.42074686 -0.09417893 0.1278216 -0.27790782 -0.014999771 -0.21837254 -0.27557197 0.30519867 0.20807251 -0.109422855 0.4846564 -0.1880532 0.8046907 -0.68518054 -0.0856512 0.27916846 0.10578989 0.12307441 0.09196353 0.95923793 -0.51605517 0.45969433 1.3166323 0.09550168 0.74368185 0.5569919 0.34711197 -1.0447357 -0.64116347 -0.53865397 -0.3557157 0.19984083
56 -0.10873902 -0.7930556 0.14811763 0.5196469 0.19029875 0.09406336 1.1008488 0.20240767 0.012314814 0.17307149 -0.16022888 -0.60216904 0.46225277 0.2443314 0.14812653 -0.16003735 -0.2118924 0.0890169 -0.4974266 -0.25084436 1.0407034 1.0691118 0.49128848 -0.094786234 -0.34235635 0.2761125 -0.14243318 -0.0065611047 0.7469718 -0.38024953 0.2798254 0.30222943
61 0.12338946 -0.27227598 0.46039066 0.29862756 0.14847425 -0.15488231 0.7324803 -0.7404295 -0.71412766 -0.28519455 0.20030905 -0.08159948 -0.24414372 -0.1690372 -0.28488922 0.08415703 0.44923118 -0.25658217 -0.21592377 1.4992514 0.17155498 -0.012525269 1.0533776 -0.17716262 0.7227295 0.12782736 -0.6802882 -0.40852633 -0.007932628 -0.9121895 -0.9731781 0.5139943
65 0.28322923 -0.071185805 -0.18675868 -0.31555492 0.7222983 -0.49373344 0.83723915 1.2652656 0.012581245 -0.42849752 0.51205426 -0.5566276 -0.44236937 -0.31263563 0.31875893 -0.06607116 0.19252488 0.6136544 -0.12335431 -0.1420897 1.5823317 1.0788113 -0.10547363 -0.09826193 -0.86303234 0.7413338 -0.6248578 -0.70935684 0.7209794 -0.15055406 -0.40816063 0.008358606
73 -0.12617187 -0.69109887 0.44708556 0.30054244 -0.40527722 0.29255345 1.1280863 -0.28837642 -0.2828845 -0.11859291 0.12522621 -0.10657141 0.3299625 0.76964456 -0.18431284 -0.3292167 0.076370366 0.07113166 -0.49301782 0.45742625 0.9954705 0.13840793 0.85068613 0.04057551 0.019018559 0.15780956 0.2611275 -0.36739865 0.5046793 -0.75718385 0.6177832 0.22506908
75 0.009255053 -0.5872595 0.583402 0.015063211 0.036492255 -0.33142698 0.8697239 -0.3095506 -0.81321335 -0.20923373 0.1985599 0.25729674 -0.47019234 0.23954773 -0.27413997 0.34797153 0.36121893 -0.030690478 -0.6062481 1.2178797 0.4568066 -0.049785405 1.0474943 0.2123684 0.8365346 0.011485407 -0.5500989 -0.1708746 0.487641 -0.73344487 -0.7934877 0.6167522
78 0.15448205 -0.2946605 0.5417488 0.42101252 0.27159774 -0.13765936 0.64914066 -0.8083658 -0.7617443 -0.3625435 0.2510478 0.05485383 -0.31486163 -0.24482347 -0.20980059 0.25215992 0.28596365 -0.28846562 -0.42107916 1.3556798 0.20413883 -0.046533413 1.0396779 0.011670438 0.655232 0.35068506 -0.7257211 -0.46533135 -0.06300672 -0.9920577 -1.1461089 0.55175513
79 -0.19336787 -0.8214939 0.27848282 0.26431236 -0.14623904 0.089445606 1.1631037 -0.12006956 -0.38373336 0.15157528 -0.047813233 -0.5657223 0.60321 0.5058459 0.04072674 -0.24407686 -0.115238726 0.13234489 -0.23219901 0.06847779 1.0777959 0.8331868 0.77256066 -0.10148446 -0.012283317 0.067494445 0.13122405 -0.14270097 0.65556383 -0.56269723 0.9089079 0.30545866
81 -0.20468141 -0.7278773 0.60631776 -0.007999408 -0.2707821 -0.40347177 0.8057295 -0.26402122 -0.80217 -0.24599636 0.124710314 -0.04388675 -0.119362086 0.25788382 -0.38095468 0.13138576 0.513996 0.42253208 -0.60156745 1.0339507 0.5553571 0.1352432 1.0599414 0.39005238 0.8721405 0.03392155 -0.06402336 0.07294574 0.7646186 -0.49536663 -0.29785737 0.5972849
87 -0.07396174 -0.8760186 0.22861019 0.9697476 0.50297856 -0.043291114 0.95798373 0.31079742 0.09291075 -0.30001453 0.418555 -0.6061747 0.48231095 0.3305649 0.02386041 -0.085760124 -0.5705269 0.10678098 -0.19422863 -0.7433738 1.3437513 1.3914181 0.06794935 0.3666991 -0.2314538 0.56152904 -0.13129525 -0.22327411 0.5622163 -0.05549012 -0.30421832 0.20773163
88 -0.15838984 -0.6541256 -0.10066746 0.651171 -0.10670094 0.09403211 1.0793594 -0.38379475 -0.26836228 -0.19964275 -0.3228837 -0.418898 0.5689392 -0.3183218 0.4764459 0.29101604 0.074938916 0.13018657 -0.4708295 -0.07378509 0.71077764 1.1241378 0.7124227 0.07937018 0.043797445 0.08043564 0.298651 -0.000254741 1.1174138 -0.2244269 0.5017208 0.53753626
93 -0.006868549 -0.81725806 0.02862502 0.7729375 0.3803306 0.107111506 1.0414908 0.080595076 0.07433911 -0.16937537 0.13490206 -0.5828207 0.3529418 0.21430247 0.08600331 0.16733007 -0.4863414 -0.039031185 -0.1634633 -0.67298865 1.17657 1.4187096 0.18526274 0.2424312 -0.13147785 0.54240316 -0.19894524 -0.18020207 0.56357163 -0.059542503 -0.1676375 0.14255849
95 -0.49990627 -0.10794499 0.140185 -0.049565207 0.069809146 -0.1048006 -0.2559758 0.56672335 0.5478 0.19731529 0.7036307 -0.32767484 0.7762138 -0.85295874 0.011260833 0.40058768 0.037844613 -0.006127604 0.19769001 0.709857 -0.6066599 0.35738292 1.0559611 0.37205663 0.6982769 0.7080606 0.29191127 -0.82327473 -0.69484586 -0.5434017 -0.45597076 0.16816086
99 -0.17126572 -0.7599434 -0.04689797 1.0650666 0.22552517 0.14599143 1.11017 0.067759626 0.16876097 -0.037977047 -0.20228429 -0.5102201 0.5603319 -0.16000314 0.47486442 0.16545537 -0.13286015 -0.057579756 -0.7532606 -0.44307965 0.86563563 1.21764 0.4672093 0.24744153 -0.22258602 0.23470823 0.07873557 0.14363158 1.1143155 -0.05254043 0.025555814 0.61819
100 -0.30945393 -0.6032522 0.17218998 0.42471766 -0.18929186 0.21419367 1.1693728 -0.43493247 -0.38445714 0.13774014 -0.038984463 -0.41931397 0.5860511 0.4038094 0.24247804 -0.21107998 0.09007733 0.18381034 -0.37571695 0.1665338 0.93775123 0.9215883 0.7591472 0.015451018 0.11540011 -0.06881675 0.14740914 -0.19782786 0.7903475 -0.47069892 0.65627414 0.34418553
103 -0.54681164 0.00041474466 0.055403486 -0.23058751 -0.030841788 0.06033912 -0.16573615 0.45842 0.65835047 0.07653196 0.7759252 -0.3016591 0.5561389 -0.68303 -0.019738065 0.3809611 0.026063604 -0.22563377 0.31507313 0.8185239 -0.53070855 0.42931998 1.1253309 0.31012806 0.8516348 0.6469294 0.18221565 -0.95821244 -0.6646873 -0.41983622 -0.65356475 0.19412597
113 -0.37722725 -0.3199132 0.20743373 0.30648068 0.3519062 0.38040543 1.0718073 0.83797044 0.36814466 -0.29253224 0.5596503 -0.4198689 -0.13495103 0.4534014 0.116111085 -0.17587185 -0.03462505 0.15458938 -0.0084053455 -0.3077051 1.2013447 1.1458712 -0.12051997 -0.006177446 -0.72181135 0.515747 -0.32808203 -0.18622357 0.7073406 -0.16652673 -0.6785596 0.24121907
2 -0.092974775 -0.4681493 0.30891514 0.6735236 -0.10974202 0.07917968 1.3332111 0.28505772 -0.008414654 0.1443931 0.21708338 -0.7284058 0.32295343 0.52302223 -0.22737691 -0.5461653 -0.05655105 -0.008163555 -0.043343473 -0.15807751 1.2670664 0.61421454 0.45751855 -0.09547014 -0.46885312 0.27555972 0.0020312078 -0.079633966 0.55057424 -0.6754253 0.42103595 0.2363417
18 -0.14020391 -0.65282816 0.36979973 0.11276747 -0.2755861 -0.23877753 0.997722 -0.38728002 -0.9537201 -0.19878186 0.16953613 0.18170784 -0.08939614 0.32963684 -0.1552475 0.38546965 0.14182971 0.15111 -0.53918105 0.9215137 0.65362936 0.10239676 0.83971864 0.29197466 0.6253519 -0.1662719 0.066610515 -0.28364128 0.6638552 -0.65968055 -0.11453123 0.7505858
20 -0.62184405 -0.685482 0.16215564 -0.113729574 0.27112627 -0.30883563 -0.2454768 0.89206314 0.7368233 0.43935594 0.57101566 -0.5945013 0.75335926 -1.4249948 0.07871205 -0.102419004 0.64723617 -0.1020598 0.13510908 0.5962114 -0.69521993 0.16220874 0.92473763 0.26201412 0.92753255 0.515906 0.12658702 -0.32896778 -0.48630014 -0.97783774 -0.39957604 0.1334562
21 -0.13863967 -0.62260956 0.32366613 0.14302944 -0.25472915 -0.097608574 1.0860538 -0.46747988 -0.86024284 -0.098068915 0.30376664 0.338678 0.02728171 0.59110475 -0.09037384 0.2510672 0.08160714 0.21407391 -0.64870507 0.7707449 0.6317163 0.06681338 0.758636 0.4137539 0.46023196 -0.012207662 0.080660366 -0.40820673 0.541157 -0.6434608 -0.0034505965 0.48981643
22 -0.45011437 -0.24147731 0.32439616 -0.42007777 -0.24453081 -0.05138288 -0.057752647 0.31326777 0.23387425 -0.12269254 0.51373845 -0.12141193 0.6396875 -0.5656847 -0.33172724 0.21306746 -0.024380537 -0.08139788 0.009795393 1.0862811 -0.42779317 0.3318483 1.2853124 0.06532376 0.90934384 0.5398742 0.26166862 -1.034469 -0.72710454 -0.5720494 -0.4731259 0.12937868
37 -0.29831168 -0.69141304 0.2920756 0.49765214 0.22593175 0.05205373 1.0102229 0.59752375 0.016088927 -0.19993661 0.49482337 -0.66819495 0.17899126 0.43391943 -0.15259627 -0.18793714 -0.17299083 0.0802721 0.0941795 -0.5961496 1.2038964 1.1712357 0.05995327 0.05387909 -0.3242387 0.4032758 -0.16757078 -0.07450314 0.57098067 -0.22987284 -0.10916627 0.22328441
42 -0.007809141 -0.37197247 -0.09398632 -0.40410852 0.8859011 -0.28316134 1.0206722 1.1344192 -0.15810172 -0.4325678 0.6836976 -0.52314514 -0.41698804 0.00958078 0.24740481 -0.17876568 0.42656052 0.44219184 0.026375484 -0.21994364 1.3030694 1.1412027 -0.27844733 -0.26707247 -0.8332093 0.4100067 -0.86095583 -0.57392055 0.6268865 -0.39072806 -0.25555032 0.054612722
45 -0.3780585 -0.86284465 0.38473275 -0.065169476 -0.26558554 0.099420935 0.99811727 -0.13828026 -0.5617104 -0.050980978 -0.111833625 0.11859251 0.20588085 0.18567996 0.13527575 0.15408772 0.13476945 0.41398162 -0.7521684 0.6437384 0.66844475 0.45899683 0.78877956 0.15084597 0.21513887 -0.041103307 0.28352073 -0.021116389 0.8094705 -0.4693442 0.43158337 0.48264638
53 -0.18739785 -0.93264496 0.28279907 -0.032213535 -0.15916044 0.11055803 1.0348831 -0.20022792 -0.5123833 -0.06733504 -0.09302076 0.11293244 0.31329873 0.68910635 0.042191736 0.07485248 0.07927913 0.09058685 -0.67858714 0.52201205 0.7741007 0.3113645 0.9417729 -0.059126478 0.16125432 -0.1695537 0.18061867 -0.35460195 0.64273727 -0.6339691 0.65452945 0.3329248
68 -0.047682524 -0.61378235 0.17283991 0.6409625 -0.14963919 0.15060991 1.2684007 0.090495795 -0.062439356 0.0934606 0.0011664757 -0.70780116 0.31017685 0.42331594 -0.09127746 -0.3387392 -0.10347772 0.03174861 -0.23152587 -0.23543942 1.1943135 0.92182237 0.6662095 -0.09334864 -0.21512984 0.31454676 -0.004940856 -0.028238092 0.7186494 -0.47672945 0.43900707 0.15888402
69 -0.62651354 -0.6884818 0.44562462 -0.31845203 0.08152383 -0.0141500095 -0.4311892 0.9705328 1.2347498 0.3958459 0.8043177 -0.4594356 0.5127881 -1.0381968 -0.11595114 -0.0755553 0.6023222 -0.16306482 0.042496637 0.6939835 -0.429458 -0.1959612 0.91665816 0.476763 0.91702634 0.56609887 0.22131427 -0.5046703 -0.2917115 -0.8712079 -0.2610473 0.19571404
89 -0.36169493 -0.52204734 0.2587095 0.32800305 0.53722155 0.10422994 0.8147488 0.9311743 0.19640192 -0.5185739 0.76522386 -0.4144254 0.054036412 0.37650853 -0.11820936 -0.26568 -0.22206178 0.25780982 0.12264008 -0.46536478 1.4165064 1.1617007 -0.12922314 -0.17696662 -0.8059923 0.706775 -0.27379993 -0.45657992 0.42253432 -0.2853439 -0.4770805 0.20537822
98 -0.31483027 -0.9903068 0.54713356 0.36837816 -0.10856326 0.12147275 1.0663154 -0.04345897 -0.51449084 0.12667076 0.3275991 -0.35876834 0.57528585 0.84738845 -0.23415148 -0.38093153 -0.08324293 0.15285715 -0.22097157 0.13644412 1.2025036 0.3187725 0.4422208 -0.023323447 -0.038300224 -0.041392803 0.22617966 -0.31426805 0.5263282 -0.8773281 0.82054925 0.4401747
108 0.09916329 -0.1247408 -0.3313811 -0.019924836 0.77829015 -0.08836343 0.75139296 0.6845505 0.030200861 -0.9011006 0.62377584 -0.5406183 -0.18402548 -0.05356287 0.2828746 -0.2995968 0.5353998 0.4044605 0.13811749 -0.4521543 1.5091676 0.86411834 0.026899947 -0.2875026 -0.89993966 0.7796161 -0.4823303 -1.1007683 0.7669509 -0.26050007 -0.046697184 0.053645503
109 -0.029157326 -0.080577925 0.44822443 0.010585179 -0.014784734 -0.18431981 0.7183307 -0.2627314 -0.51067835 -0.15964343 0.19749026 0.037941407 -0.18426837 -0.12055674 -0.07719079 0.17373496 0.24557026 -0.039274324 -0.3059986 1.4081508 0.11492006 -0.017744431 0.83077776 -0.030311387 0.3014045 0.16582304 -0.41347358 -0.29263088 -0.12652332 -0.7344358 -0.7546367 0.30293295
15 -0.548087 -0.29337177 -0.30866763 -0.42335212 0.42486632 0.07527306 -0.28283077 0.639752 1.027972 0.3667026 0.7906427 -0.26700366 0.33591732 -1.0326 0.12705298 0.315998 0.6260737 -0.32967263 0.246979 0.07216678 -0.36565915 0.027228313 0.81411827 0.49203882 1.1387497 0.38987345 -0.074819215 -0.7523043 0.04547312 -0.5570101 -0.07229247 0.32384345
36 -0.26115966 -0.478836 0.11385423 0.5111169 0.39973688 0.02352266 1.0105042 0.7698405 0.112767525 -0.48733407 0.54871386 -0.770301 0.18248196 0.3533431 -0.012164681 -0.10936797 -0.44030434 0.028840814 0.38575092 -0.40737388 1.5194534 1.2158018 -0.08189081 -0.08654031 -0.45998263 0.36809245 -0.11368434 -0.40983912 0.52790225 -0.04354768 -0.39700302 0.44380897
40 -0.15993784 -0.5471829 0.36676377 0.5780378 0.106685214 0.18226509 0.9771055 0.7446494 0.083640575 -0.2758228 0.26832 -0.783312 0.17877308 0.3767937 -0.23478699 -0.103731364 -0.18268755 0.06917368 -0.0075111985 -0.44255725 1.1368017 1.0666273 0.27659222 -0.15521272 -0.5670598 0.5115296 -0.014546806 -0.08613297 0.66668546 -0.24662095 -0.06174446 0.29722264
62 0.05193531 -0.5580807 0.61445665 0.07484909 -0.03262842 -0.40018547 0.9398564 -0.22337963 -0.78776807 -0.14345965 0.08964858 0.01647997 -0.3961672 0.058253866 -0.341591 0.27438915 0.44501695 0.005892275 -0.5727331 1.1653459 0.3430093 -0.005192424 1.0383548 0.22806808 0.74436444 0.064567715 -0.44757348 0.046054814 0.48696935 -0.76918834 -0.67385316 0.53453916
72 -0.08413395 -0.5958855 0.4455198 0.48498377 -0.2241465 0.11322136 1.2514821 0.66476846 0.11953496 -0.25024915 0.2806263 -1.1051415 0.0057514915 0.4929829 -0.53562903 -0.3404656 -0.26750374 -0.071066596 0.37598622 -0.35813162 1.3384036 1.0957236 0.5751431 -0.2609764 -0.3468341 0.45882773 -0.022428805 0.05267989 0.58277816 -0.39059436 0.19907744 0.21272165
102 -0.25571492 -0.2513794 -0.0049519604 0.095260024 0.55916494 0.08895878 0.94325536 0.8569078 0.11878528 -0.43411496 0.7190819 -0.4970578 -0.13937534 0.2755821 0.09741416 -0.22846444 0.11927813 0.32708758 0.11299686 -0.36294776 1.348287 1.1653638 -0.15848024 -0.11425431 -0.8271627 0.6117534 -0.42585388 -0.47134212 0.5876753 -0.18776575 -0.4592538 0.16773303
104 -0.2934322 -0.3625725 0.1607342 0.28215185 0.33470747 -0.04220096 0.9659999 1.0210158 0.04936179 -0.40312812 0.65814316 -0.6450598 -0.028167142 0.34863234 -0.06178375 -0.18032263 -0.095970534 0.31188223 0.17519896 -0.39519396 1.2933336 1.1956431 -0.055547427 -0.019410104 -0.6441618 0.49937737 -0.1689995 -0.35371813 0.58687425 -0.12968107 -0.4129584 0.2590748
4 -0.476584 0.025453912 -0.9499837 -0.2821818 0.60325855 -0.07795508 -0.12596297 0.32439747 0.5910889 0.74167746 0.89846116 -0.12340458 0.03459012 -1.1786296 0.087994896 0.56543684 0.84535897 -0.4185722 0.15906687 -0.41834664 0.20934953 -0.26544237 0.53511757 0.63112 1.1904026 0.30856076 -0.32215023 -1.1233062 0.3122199 -0.5283408 0.35385755 0.53563017
6 0.10769924 -0.49001825 0.6016947 0.053227298 0.02184063 -0.46666774 0.8916164 -0.33616072 -0.90600955 -0.19088069 0.16355215 0.32279918 -0.33994916 0.020577893 -0.26434577 0.4484257 0.30322623 0.26976353 -0.81569105 1.3059806 0.48991486 0.0037580251 1.1623111 0.2408107 0.7044787 0.15745065 -0.4301902 -0.13898246 0.5029907 -0.6453202 -0.6825371 0.58026487
5 -0.2221499 -0.01172345 -0.84993494 0.10234369 0.6220911 0.208159 0.7127973 1.466433 0.9497284 0.79395 1.0912734 -0.44776654 0.060983762 -0.7585752 0.08816761 0.8156599 0.047093116 -1.538586 -0.35915297 -0.76524484 0.4827634 -0.84250474 0.46773565 0.2633545 -0.13437124 0.455647 -0.18477339 -1.6029888 -0.34790432 -0.8828444 0.83952415 0.6940283
23 -0.19936126 -0.62691087 -0.19836415 0.7074579 0.014119221 0.14436153 1.162956 -0.06931815 -0.09842287 0.21360277 -0.4485723 -0.3744432 0.58218664 -0.089265615 0.44841227 0.4462028 -0.3293744 0.103400715 -0.66061753 -0.2301377 0.97646135 1.5930985 0.7822904 0.10385244 -0.24292089 0.33899114 0.08122058 -0.015684199 0.9472851 0.055568293 0.3456219 0.55647653
57 -0.32395458 -0.70196605 0.06592939 0.6342019 -0.04269607 0.19263293 1.0594903 -0.13231927 -0.11450415 0.28603733 -0.2553294 -0.28668654 0.69482726 0.09262689 0.4869231 0.059390884 -0.016587054 0.20027459 -0.8202902 -0.002626033 0.70709693 1.1097784 0.74736243 0.22792675 -0.21421784 0.15187843 0.21544525 0.040936273 0.91319656 -0.29490265 0.47887027 0.53976315
16 -0.4605196 -0.16834337 0.28710005 -0.04504787 0.02691787 -0.044168033 -0.11454491 0.39075953 0.23366433 -0.022271322 0.5387197 -0.095005155 0.62113667 -0.5886902 -0.22884305 0.30382973 -0.0473232 -0.080851465 0.035932444 1.0629113 -0.57462347 0.29868025 1.1085637 0.09808196 0.6218628 0.61524826 0.1570834 -0.89509124 -0.77299184 -0.58500797 -0.597727 0.23196289
39 -0.5148759 -0.021612883 0.32304963 0.0004028967 -0.033362065 0.14581148 -0.20008902 0.39390692 0.4692343 -0.045887616 0.581559 0.20488012 0.5508796 -0.5693838 -0.07352924 0.35496366 0.07017897 0.02472021 -0.295965 1.1905209 -0.6751875 0.2913305 1.3077587 0.28797507 0.47770944 0.846251 0.23619793 -1.0435122 -0.73944575 -0.59054154 -0.7709582 0.227449
58 -0.039228648 -0.0741339 0.42502567 0.16195288 0.3951515 -0.1760149 0.61140895 -0.50035715 -0.51992816 -0.37283897 0.2496679 0.050842594 -0.04797814 -0.25628212 -0.079093814 0.3290973 0.21851309 -0.15326884 -0.17743249 1.5652003 -0.07152185 0.011544139 1.1058993 -0.24527639 0.4387039 0.37545362 -0.55802554 -0.5770099 -0.36431482 -0.8492422 -0.95856565 0.32364953
71 -0.01091626 -0.21530214 0.5620285 0.07051039 -0.11950579 -0.18378307 0.81929684 -0.42950043 -0.57533073 -0.25885373 0.21429364 0.15910693 -0.3055292 0.042368762 -0.2412195 0.17381658 0.30366158 0.031589508 -0.4762977 1.4887637 0.37077618 0.06727103 1.0802164 0.128054 0.5342245 0.2198368 -0.48886335 -0.2540998 0.18768623 -0.625233 -0.88567924 0.48691776
96 -0.28257844 0.117241815 0.062334932 -0.12831455 0.06939807 -0.17878252 0.038849168 0.006423007 0.1905892 -0.1697345 0.59346324 0.08181597 0.7675892 -0.8452085 0.15104188 0.5681108 -0.48699924 0.10569552 -0.03641162 1.2654793 -0.30101046 0.50767815 1.1518452 0.3533365 0.6754614 0.6601992 0.3096301 -1.1730804 -0.7628972 -0.31238097 -0.8619204 0.20897005
106 -0.2517483 -0.5816496 0.54584044 -0.10093871 -0.31836754 -0.34788746 0.84764606 -0.11362933 -0.8903104 -0.4634658 0.15712689 0.16149932 -0.289946 0.10387041 -0.30224013 0.5262811 0.379437 0.43336347 -0.55015683 1.1020054 0.53013766 0.13729206 1.0469065 0.29650468 0.7047047 0.09290227 0.034552682 0.028613918 0.7471918 -0.36239627 -0.4282488 0.7227024
90 -0.5106224 -0.3502184 -0.10001597 -0.24568567 0.31848764 -0.018080657 -0.4385754 0.722438 0.9101717 0.33448282 0.5894218 -0.20093481 0.45454222 -0.97696847 -0.02371858 0.116203204 0.6333998 -0.14180869 -0.017942661 0.31613827 -0.42173624 0.073821254 0.8323488 0.41824585 0.9165111 0.4590431 -0.026036382 -0.652242 -0.113371074 -0.58784395 -0.2735253 0.25786167
91 -0.7595817 -0.061196882 -0.77588165 -0.4223336 0.4713568 0.21775444 0.06378154 0.7638997 0.7393733 0.72346663 0.9654089 0.029146347 -0.10410921 -0.6117392 -0.07603669 0.9007378 0.6888973 -0.6256606 0.072385505 -0.38703948 -0.25775525 0.12244193 0.6063306 0.4969493 0.8340046 0.5404819 -0.3333609 -0.85225636 0.09807945 -0.30431092 0.10242661 0.4542502
11 -0.14859052 -0.06839297 0.43077055 0.01728146 0.32181978 -0.04870456 0.3383725 -0.16213387 -0.55639946 -0.20654584 0.3199152 -0.08426432 0.20389979 -0.5840058 -0.14125915 0.3475049 0.21722713 -0.10931906 -0.006096855 1.4956247 -0.5091194 0.34709123 0.91065896 -0.38840866 0.24809948 0.34733665 -0.5753275 -0.81102103 -0.7098805 -0.95750827 -0.7534974 0.2727105
13 -0.6303515 -0.079649545 -0.3878644 -0.5392272 0.24838848 -0.0919006 -0.45021254 0.6773961 0.6130384 0.29708293 0.79918057 -0.12186821 0.2960017 -0.6635348 -0.056087963 0.53431565 0.6651339 -0.14868943 0.2551687 0.06423438 -0.4426197 0.2614738 0.8992035 0.30495462 0.91713756 0.5095967 0.027853299 -0.966798 -0.10081501 -0.34987554 -0.047966894 0.3318401
27 -0.43533263 -0.08886501 -1.1647857 0.13504113 0.7198147 0.16105352 0.33356684 0.2153393 1.0224631 1.0119821 0.88406914 0.013339769 0.084968746 -1.2049155 0.47445613 0.7349318 0.603552 -0.76951003 -0.17030843 -0.5016717 0.4077097 -0.27076924 0.44896054 1.0402949 1.1963406 0.26147014 -0.39792967 -1.0112998 0.5292241 -0.50014055 0.23077035 0.6873167
31 -0.5144794 -0.09524491 -0.7389414 -0.6563426 0.56071997 0.06018896 -0.069171265 0.4693045 0.89443254 0.78290004 0.92030334 0.027681028 0.11018024 -1.0083494 0.23008616 0.5918945 0.4069754 -0.2978441 0.21035936 -0.118952096 0.23970483 0.10769066 0.4572049 0.80687416 1.286842 0.39396018 -0.24492443 -1.0447544 0.12737225 -0.3111045 0.026004732 0.2874237
44 -0.47051778 -0.08656958 0.39257622 0.012423907 0.18107288 -0.007945818 -0.06643825 0.28290787 0.1013215 0.09294228 0.49395207 0.0466078 0.63012487 -0.57016194 -0.019022273 0.43484268 0.013721958 -0.009411579 -0.10116815 1.0879787 -0.771194 0.45056692 1.1831042 0.050872 0.3397536 0.6473328 0.004632186 -0.88975656 -0.80285937 -0.7635878 -0.5734697 0.1861556
49 0.045845076 -0.6133824 0.48513982 0.32018125 -0.32391834 -0.26829413 0.93933064 -0.42920446 -0.9330172 -0.063858725 0.21541187 0.050687306 -0.10037801 0.48521957 -0.33879256 0.2538564 0.2801214 0.15568209 -0.75605565 0.8443257 0.47143584 0.1808508 0.90487677 0.3960625 0.61190253 0.048667233 -0.123590335 -0.27161363 0.45112744 -0.5875265 -0.26759943 0.5382711
51 0.11204802 0.010574803 0.3373359 0.23066282 0.20902696 -0.25858086 0.4468692 -0.3771101 -0.6484349 -0.4306973 0.17995204 -0.06252381 -0.09446166 -0.28562826 -0.12689476 0.23262407 0.29451698 -0.07504154 -0.19706742 1.2835971 0.040799003 -0.114064835 0.9569972 -0.22462961 0.24526282 0.3423664 -0.3956143 -0.51074106 -0.17265198 -0.82588935 -0.7382292 0.3788119
59 -0.51301295 -0.5811087 0.09142018 -0.46393716 0.28769684 -0.06338047 -0.41828746 1.0003327 0.9559512 0.48248228 0.6834496 -0.51053566 0.5267026 -1.0424103 -0.1529893 -0.013868882 0.6602851 -0.13688144 0.21891819 0.31303507 -0.5055657 0.17197977 0.9015205 0.32177857 1.0114714 0.45615163 -0.021323722 -0.577918 -0.22614136 -0.7536597 -0.09531153 0.07486655
66 0.053136222 -0.40368655 0.5254262 0.18462428 -0.18515153 -0.31887436 1.0302995 -0.49969813 -0.84792703 -0.16660368 0.32407027 -0.029614782 -0.40145704 0.26486745 -0.46885645 0.26581877 0.60453516 0.03912992 -0.42887783 1.3208733 0.28014827 0.025828926 1.1250535 0.25813967 0.82889163 0.1192901 -0.48915306 -0.13768044 0.32171294 -0.73436016 -0.8524413 0.47705886
82 -0.4828172 -0.27318618 0.32696494 -0.08242913 0.1845416 -0.17398463 -0.29980668 0.68903786 0.5469173 0.20727879 0.61888415 -0.28598127 0.7368048 -1.045601 0.07706184 0.17941213 0.08244786 0.053346172 0.058841392 1.0131221 -0.44884506 0.06987421 0.9254215 0.32740074 0.68655175 0.5597193 0.22332872 -0.7781942 -0.6460906 -0.7651658 -0.5225337 0.32298747
85 -0.2016091 -0.5668997 0.51010877 -0.061674252 -0.2956946 -0.40600252 1.066147 -0.29516125 -0.9539755 -0.44359618 0.17584907 0.004932845 -0.385101 0.015551373 -0.31528863 0.4461361 0.40897655 0.28015617 -0.4733649 1.1875552 0.5039619 0.085581824 1.1092035 0.35526517 0.81981313 0.027843975 -0.08818673 0.09256419 0.7563278 -0.4638063 -0.57016826 0.66965324
97 -0.53957754 -0.43775532 0.11738794 -0.12397541 0.09494445 -0.10461563 -0.43156353 0.78255635 0.8168612 0.17635976 0.5710761 -0.37727553 0.6605868 -1.0272256 -0.04748717 0.11142025 0.348608 -0.15843977 0.0642845 0.5659083 -0.562481 0.26373783 1.0487577 0.3110523 0.86457235 0.5846807 0.27912456 -0.747042 -0.4948605 -0.6166625 -0.45140773 0.21436925
10 -0.9097218 -0.20437095 -0.80486345 -0.5530428 0.56720483 0.33623523 0.4517796 0.7651483 0.7904961 0.7872754 1.1354086 0.24097502 -0.2450051 -0.6966722 0.29035673 1.1244457 0.46328717 -1.1229085 0.2116875 -0.4283018 -0.13110554 0.11341288 0.41677958 0.591903 0.9705875 0.2521935 -0.5140413 -0.9191749 0.088576764 -0.44979975 0.14135453 0.53826344
55 -0.20703691 -0.61649716 -0.005023308 0.7166051 -0.06678575 0.26269218 1.107262 -0.14481245 0.24578832 0.22073914 -0.18255012 -0.41735747 0.49763587 -0.081877254 0.37382644 -0.08301061 -0.3275855 0.05389057 -0.42941406 -0.20659481 1.1775842 1.2945622 0.49729222 0.117295325 -0.098584704 0.24511284 0.026993515 0.0049626078 0.9215435 -0.1781103 0.22590184 0.42084357
41 -0.38749662 -1.0320858 0.2778209 0.09935805 -0.12274668 -0.040957745 0.9434214 -0.26265007 -0.92894125 -0.23565494 -0.14871822 0.005623297 0.36492085 0.542263 -0.0710199 0.36443028 0.31512997 0.19534762 -0.7517473 0.42336628 0.5826377 0.617853 0.9891708 -0.042518817 0.24754396 -0.22746317 0.16735706 -0.3132569 0.87628525 -0.44765243 0.69443905 0.6983262
46 -0.8959758 -0.148408 -0.70220155 -0.50302136 0.48873764 0.31065035 -0.06416362 0.44197512 0.49862543 0.31727424 1.0813859 -0.18809938 0.048305247 -0.15618728 -0.16975349 0.92756003 0.80892575 -0.73817503 0.66011626 -0.22844234 -0.5232561 0.26383156 0.77139133 0.12169632 1.0150107 0.45488748 -0.20675874 -0.94528383 -0.040642172 -0.3165579 0.31950724 0.42546132
70 -0.5376682 -0.05034977 -0.7444837 -0.07183311 0.49518278 0.35438555 0.45375678 0.89667815 0.80308104 0.9806972 1.0754787 -0.16831397 -0.04761618 -0.19345967 -0.40631002 0.9107859 0.58230406 -1.1266266 -0.042975213 -0.5214619 -0.35811478 -0.25441805 0.80307615 0.46885136 0.72701496 0.6403903 -0.44967163 -1.0569539 -0.26676053 -0.57016754 0.46146384 0.39197356
14 -0.184271 0.03151712 0.42055982 0.20030262 0.2431925 0.16563408 0.18534628 -0.30561638 -0.03927046 -0.37870264 0.4841467 0.028382638 0.41944745 -0.42566344 -0.10310405 0.19110996 -0.020857168 -0.076116525 -0.008137564 1.2313706 -0.28239518 0.08303812 0.8813003 -0.10449559 0.26224113 0.6230902 -0.10464377 -0.93952906 -0.7750922 -0.73537666 -0.72566044 0.13558671
60 -0.1260026 -0.15489158 0.41175252 -0.017420376 0.28833696 0.22261465 0.37229827 -0.4069268 -0.24912548 -0.25684443 0.18945037 0.10714306 0.12934078 -0.3665396 -0.11775588 0.26154187 0.20742741 -0.21791415 -0.06047946 1.39856 -0.44850746 0.39962873 1.0057064 -0.3562634 0.33523387 0.5315164 -0.58598477 -0.7706137 -0.6381663 -0.8611908 -0.82010734 0.051117092
47 -0.34258533 -0.06777722 0.23666994 0.19378631 0.040256675 0.015366514 -0.2073661 0.38616633 0.55816996 0.073933594 0.48904902 -0.2742498 0.71118635 -0.8326821 -0.18725568 0.17060488 0.10729201 -0.0994766 0.10742536 0.91913366 -0.6324943 0.2545005 1.3097754 0.15554121 0.67685515 0.7258868 0.13676222 -0.8253058 -0.6695374 -0.7067022 -0.47513974 0.26380768
17 -0.38716653 0.12077872 -0.6849284 -0.06928325 0.38161406 0.15645893 0.51167107 1.4760977 0.6764528 1.1567299 0.91959316 -0.21490267 -0.084879026 -0.25873974 -0.5874673 1.1820642 0.22054882 -1.0946337 -0.33679882 -0.7924874 -0.24563363 -0.22293042 0.86030185 0.39277524 0.30174518 0.84214467 -0.39434493 -1.1381899 -0.32195807 -0.58143234 0.68427736 0.5061148
26 -0.22420008 -0.93974775 0.27962068 0.10193632 -0.21142729 0.047034305 1.0617743 -0.37341657 -0.8227355 -0.065142415 -0.08106322 0.11795841 0.40869305 0.42291382 0.18888223 0.2039264 0.09718061 0.36657244 -0.79358286 0.54292464 0.6221092 0.65827787 0.7692181 0.22237028 0.27301097 -0.080156036 0.18626305 -0.3347089 0.7712227 -0.5723043 0.47461268 0.43059933
112 0.24586742 -0.4110537 0.33381507 0.2012445 0.037960798 -0.40454167 0.90431416 -0.38130552 -0.6898776 -0.09139483 0.01157711 0.16960023 -0.436513 0.079843014 -0.11062784 0.328154 0.4086404 -0.029787714 -0.7422089 1.2357048 0.4228795 -0.11215976 1.2070601 0.25993305 0.6908416 0.05049779 -0.42016184 -0.1000103 0.58338624 -0.79350394 -0.747331 0.633175
24 -0.33366966 0.051335655 -0.8050308 0.13206995 0.5415496 0.16939573 0.4662665 0.9709314 0.8082909 0.83507705 1.004227 -0.13375533 -0.059679456 -0.6961782 -0.11903921 0.95588195 0.19948651 -1.1214082 -0.22361813 -0.63307637 0.02870714 -0.43591782 0.52906424 0.56293017 0.4949903 0.5548217 -0.3133764 -1.0985991 -0.17741081 -0.5358532 0.32660437 0.5797908
94 0.15107894 -0.20944495 0.40193403 0.018622417 0.17636652 -0.20416811 0.6054927 -0.25911424 -0.5873046 -0.3146358 0.07072046 -0.07067101 -0.25035405 -0.4588082 -0.06349034 0.1576455 0.3431362 -0.2114574 -0.27224973 1.5872751 -0.0016137052 -0.043846183 1.0334251 -0.3035058 0.36204574 0.18168204 -0.57635194 -0.5516258 -0.24161978 -0.9829988 -0.8742389 0.3819561
28 -0.48512357 0.03304053 -0.7826556 -0.057329293 0.59416986 0.5829397 0.7361309 1.1761178 0.99364126 1.2526894 1.0292878 0.032129876 -0.0004912898 -0.18017663 -0.27127346 0.92380947 0.35739344 -1.1667936 -0.5798946 -0.48021525 -0.19482988 -0.3854133 0.7228636 0.39369693 0.12313873 0.77658904 -0.54807925 -1.2667882 -0.37322736 -0.754984 0.7015859 0.39891332
50 -0.5199819 -0.38402638 -0.06851984 -0.4724539 0.27818736 -0.041768406 -0.40529338 0.74627143 0.97473985 0.42999065 0.6267552 -0.3424196 0.5538819 -0.88395095 0.03079851 0.09576724 0.5121952 -0.0727588 0.23424283 0.23738943 -0.36054632 0.20288274 0.80911607 0.31524277 0.9991171 0.41995922 -0.023309423 -0.7137971 -0.13945556 -0.62758297 -0.11341674 0.20262302
80 -0.48588082 0.11417913 -0.958186 0.0063908417 0.72049594 0.15193817 0.33570695 0.3595658 0.9432408 1.0899864 1.0282297 0.032045633 -0.20306227 -1.158563 0.34834945 0.7227634 0.754332 -0.889625 -0.1263119 -0.60165393 0.41381544 -0.47141194 0.31760603 0.88361067 1.0315394 0.44797853 -0.53259957 -0.9586138 0.4454316 -0.6676368 0.19854957 0.68747413
107 -0.9628019 -0.23551494 -0.91371274 -0.4310118 0.64740455 0.4472221 0.36235788 0.4997797 0.6252744 0.77399683 1.0217125 0.0049907635 -0.15396364 -0.8471907 0.21945956 1.1572264 0.5100324 -1.1329366 0.3781899 -0.47165123 -0.13866273 0.3377704 0.35708922 0.31344077 0.9357703 0.30650404 -0.56972027 -0.8832404 0.060775854 -0.35629448 0.1790023 0.6088876
86 -1.0611486 -0.10170333 -0.55089843 -0.40499917 0.27625862 0.52141315 -0.032234278 0.8439335 1.1099209 0.6249684 1.0585233 0.18863237 0.057266098 -0.3329456 -0.021539612 0.7421688 0.60778356 -0.52885175 0.08166413 -0.19408321 -0.4963733 0.34820014 0.7896927 0.49924657 0.75403947 0.78870463 -0.058518805 -0.836433 -0.13537303 -0.17003474 -0.1842284 0.29369032
63 -0.39696184 -0.20855954 -0.62163824 0.1651629 0.66483694 0.001827987 0.4049035 1.5732199 0.47431338 0.76343393 1.1566476 -0.5896288 0.1748376 -0.6957355 -0.36677232 0.9833259 -0.012371413 -1.4779739 -0.055047795 -0.6204667 0.43626213 -0.96926636 0.3903299 0.117947966 0.10893677 0.18413535 -0.0139695415 -1.492618 -0.41602802 -0.88866204 1.0378406 1.0492512
