1 -0.3410391 -0.12439143 0.48382166 -0.15696466 0.4394688 -0.13020578 0.4453204 0.38516948 0.27197596 -0.07709627 0.07206936 0.14250149 0.5940316 -0.7615284 -0.5943714 -0.19582424 0.032172434 0.38247183 0.0033355197 0.58930284 0.11625205 0.010725769 1.2007613 0.31882992 0.7328087 -0.25060782 0.020632887 0.077515915 1.0870144 -0.11564775 -0.8906417 0.47164562
3 0.095901884 0.011092531 0.2195383 -0.37334433 0.45188767 0.072624065 0.5763154 -0.10185537 0.34495205 0.24782577 0.52016413 -0.20863907 0.59968233 -0.68531513 -0.88858837 -0.11959323 0.117479436 0.5154183 0.19966449 0.54070204 0.1899133 0.20799522 1.294787 0.31966662 0.8665859 -0.30752438 0.23963514 0.34609345 1.262709 0.0313255 -0.69404966 0.39765802
8 -0.025207529 -0.19172703 0.14517622 -0.44522816 0.19205432 -0.28626275 0.4546982 0.11356368 0.19565877 0.33777928 0.47976863 -0.123085186 0.60727465 -0.76063746 -0.81678444 -0.27999517 0.29068774 0.7640589 -0.021694135 0.3905725 0.080237724 -0.0052958275 1.5414702 0.22675748 0.7973275 -0.14506063 0.34321395 0.19410646 1.3730354 -0.18631633 -0.6670563 0.23043115
9 -0.23201953 -0.2954227 -0.30210993 -0.6365058 0.59040254 0.6801655 0.8509709 0.00077706535 0.09330539 -0.15712635 1.2177435 0.6834453 0.16014685 -0.4722154 -0.45747215 0.7994261 0.65131074 0.352193 0.34762028 0.64954525 0.57191455 -0.09178151 0.9310373 0.63297373 1.2767042 -0.4016598 0.44860223 0.17196141 1.1418802 -0.55999047 -0.9356353 0.20241614
12 0.07832237 -0.124345504 -0.050131053 -0.5364658 0.4552388 0.3124479 0.72153646 -0.099459305 0.1774454 0.033017267 0.78489286 0.008329566 0.3035565 -0.5048354 -0.78606665 0.21694034 0.31750292 0.5363882 0.15378667 0.5535671 0.36222446 0.077916324 1.2077954 0.34609574 0.9807606 -0.2630836 0.441786 0.18761033 1.2871599 -0.043649435 -0.6722359 0.33643135
19 0.35814938 -0.6324737 -0.009104443 0.07787899 -0.33266395 -0.8317066 0.15710962 0.23017842 -0.65725785 -0.26397058 0.61886215 -0.31101978 0.5230333 0.82920015 0.42479986 0.90967864 -0.025052495 -0.030782225 -0.27088404 0.5397086 0.3009132 0.6879967 0.50642616 0.24789068 -0.12277953 0.6410417 -0.058552373 0.058793917 -0.7637847 -0.17770046 -0.56439495 -0.1609704
29 -0.12568715 -0.47520295 0.6162563 0.07112422 -0.46672797 -0.3323455 0.6217096 0.47595584 -0.11485896 0.43620116 0.5054664 -0.39161712 -0.38484845 0.26530772 0.66731745 0.3948954 0.1973216 -0.21349256 -0.28768116 0.088114575 0.79400796 0.6659539 0.6481881 1.0100921 -0.36043814 0.5390266 -0.8319946 0.36859813 -0.5842326 -0.5113911 -0.5021722 0.054328114
30 -0.13278916 -0.29627705 -0.19738922 -0.7967225 0.28493643 0.66596 0.9426168 0.10273953 0.06373821 -0.10067975 1.1316221 0.8298445 0.26859623 -0.37245354 -0.3217411 0.83042043 0.887788 0.42408463 0.15812051 0.7824316 0.57317626 -0.09894186 0.95531344 0.71231824 1.0594239 -0.40160397 0.47952637 0.09158606 1.2860136 -0.5887474 -0.81604004 0.42536274
33 -0.10659342 -0.48504844 -0.36541605 -1.0740267 0.46553695 0.81392777 0.6488324 0.07811846 0.15226968 0.028579097 1.4329072 0.4621626 0.14538854 -0.23554401 -0.7112368 0.72200614 0.9636512 0.66453725 0.12158008 0.5762457 0.64267457 -0.09390147 0.91644365 0.54504985 1.1063334 -0.34279218 0.4496157 0.07968916 1.0575225 -0.5858408 -0.9158642 -0.0076085357
34 -0.54100144 -0.44027665 0.6746235 -0.1135905 0.3814619 -0.24152415 0.3939729 0.66146797 0.24174131 -0.33938816 -0.19820306 -0.1620426 0.22643138 -0.17536242 -0.5034728 -0.38201967 -0.2124888 0.23483339 0.050681833 0.6488648 0.49608213 -0.032421 1.1760845 0.18381093 0.5701118 -0.11449043 -0.02979784 -0.10151783 1.27395 -0.17241256 -0.31864637 0.62945807
35 -0.2174893 -0.39183155 1.0212163 0.24321029 -0.1229228 -0.14267363 0.5629122 0.91791165 0.0010358474 0.30833614 0.37140855 -0.61084366 -0.47526133 0.10456933 0.19351055 -0.06311697 -0.11347975 -0.15767385 0.29674566 -0.1017328 1.0064611 0.45365918 0.5193597 0.7163347 -0.17863682 0.33599377 -0.8152229 0.007709567 -0.1935155 -1.0974739 -0.25334048 -0.1885133
38 -0.014780201 -0.2975551 -0.07290919 -0.69026273 0.33088383 0.42666006 0.63209 0.117162295 -0.12392203 0.13193434 1.0063449 0.51826304 0.45121688 -0.32882512 -0.65022177 0.56228507 0.7742271 0.65094346 0.47359025 0.6468027 0.43903503 -0.123323224 0.81400687 0.5461894 1.0381215 -0.59884644 0.4750886 0.1673735 1.1738216 -0.6772917 -0.96448714 0.18114515
43 -0.3041091 -0.6517544 0.38922167 -0.2532188 0.23730929 -0.14811319 0.2685247 0.12762098 -0.07914909 0.24701832 -0.050039034 -0.4598853 0.269061 -0.21229818 -0.37742895 -0.29935104 0.22185516 0.33868006 0.06323964 0.4831592 -0.11175252 0.23259221 1.4962013 0.29954958 0.94905543 -0.22700414 0.5606225 0.12171875 1.4196515 0.020474436 -0.42823264 0.8086329
48 -0.18364947 -0.006009014 -0.28901526 -0.6233752 0.4296049 0.29133385 0.50108695 -0.31219074 0.118641995 0.005282409 1.2309914 0.2257951 0.14159112 -0.5925471 -0.5070727 0.27826667 0.45257178 0.42297128 0.4131371 0.46984267 -0.021352189 0.108105645 1.5941095 0.45103836 1.2751439 -0.25282434 0.40932658 0.5443831 1.1261314 -0.5112594 -1.0184897 0.179452
54 0.49355084 -0.3376746 0.15678091 0.29657012 -0.26251814 -0.90150255 0.22350362 0.10338681 -0.77857983 -0.30252767 0.54015434 -0.23173882 0.6444978 0.73305106 0.35909522 0.9200763 -0.33845195 -0.20788115 0.0037516595 0.47721487 0.3885985 0.7346617 0.43707076 0.17437127 0.085356794 0.5866281 -0.016645761 0.0022785347 -0.66902447 -0.3582983 -0.4212041 -0.116426095
56 -0.54819876 -0.49258658 0.59008056 0.0041008997 0.5254681 0.16800249 0.24794874 0.4419493 0.09540076 -0.15735124 -0.21502933 -0.5884096 0.03317085 -0.02588972 -0.5052514 -0.4062021 -0.25164357 0.106337726 0.23529677 0.56779873 0.4712366 0.20571093 1.1558251 0.07165946 0.7353951 -0.2164391 -0.055961855 -0.057132445 1.0843568 -0.2470583 -0.22918989 0.5243327
61 -0.26833457 -0.32066777 0.9034529 0.06962701 -0.23505987 -0.13751134 0.6588813 0.7612035 0.20048307 0.20577906 0.48589745 -0.4785941 -0.50505686 0.059776668 0.5696065 0.21131985 0.17459024 -0.45599994 0.033085555 -0.0033406776 0.72950244 0.68276674 0.57448226 0.9442826 -0.4218819 0.43028548 -0.95717543 0.22134154 -0.4553576 -0.9442906 -0.48694578 0.060861055
65 -0.35361558 -0.10771106 -0.33668563 -0.62330306 0.5114639 -0.12558194 0.39889234 -0.09200512 0.15205225 -0.10410548 1.1909324 0.3135568 0.1823856 -0.6855157 -0.5747858 0.35530585 0.48843354 0.3776347 0.48016748 0.32331982 -0.12547405 -0.029597642 1.7982458 0.20928371 1.3005546 -0.22182626 0.38214263 0.666792 1.0108659 -0.48731264 -1.0292203 0.09125419
73 -0.53071886 -0.5139966 0.74772716 -0.28141588 0.2545658 -0.18333265 0.28171888 1.1641297 0.11088216 -0.1283711 -0.09427299 -0.41888946 -0.2461393 0.07404028 -0.45596784 -0.23498437 -0.09484125 0.24313278 0.30934998 0.34239864 0.87883615 -0.18489863 0.81950456 -0.16558956 0.33048436 0.037401367 -0.46372452 -0.26068982 0.65441656 -0.98181593 0.38129005 -0.08743163
75 -0.1483704 -0.41420177 1.1193031 -0.048669558 0.1384125 -0.2696279 0.42204908 0.82676613 0.11707578 0.36600092 0.32595176 -0.83695984 -0.5741561 0.032873534 0.021048728 -0.0468332 -0.032205176 -0.11834786 0.33467677 -0.276079 0.8025866 0.62225354 0.63272554 0.89989614 -0.16657208 0.15682344 -0.85940236 0.21664187 -0.23583485 -1.0786793 -0.22966142 -0.19275405
78 -0.3894193 -0.5459176 0.97136873 -0.01815132 -0.2561394 -0.16582397 0.7006524 0.7619229 0.20077401 0.375096 0.45713362 -0.42437983 -0.57386625 0.079935215 0.550599 0.21302338 0.1277825 -0.3591676 -0.17386161 -0.1619218 0.8950304 0.66056126 0.67463565 1.0814364 -0.42448443 0.6475508 -1.0671432 0.3144101 -0.32172146 -0.7690904 -0.3772812 0.177117
79 -0.5946747 -0.408781 0.65329176 -0.03407642 0.50020206 -0.15170778 0.29924268 0.87752354 0.23760992 -0.26456225 -0.18718973 -0.3920077 -0.14897338 -0.2767688 -0.5118694 -0.30123878 -0.20672315 0.004369594 0.333155 0.49245048 0.69582003 -0.035166614 1.0192589 -0.18387961 0.51899946 -0.022008702 -0.3727307 -0.034867536 0.87972766 -0.4726198 0.039470613 0.26080257
81 -0.5933972 -0.8434679 0.9857231 -0.057309672 0.2557754 -0.1235114 0.1487345 1.0644797 0.030736644 0.33914474 0.18295339 -0.8935677 -0.6789659 0.3054022 -0.30951816 -0.070095 0.3330757 0.1350008 0.49844438 -0.18607752 0.7099088 0.59513533 0.57586443 0.19273546 -0.116559915 0.19359246 -0.682015 -0.13049768 -0.012971661 -1.0932636 -0.09757684 -0.15084147
87 -0.2843013 -0.5453707 0.60821986 0.06347816 0.1548856 0.2276795 0.28806356 0.10268374 -0.20723492 0.37833527 -0.21726151 -0.6292824 0.15184338 -0.20536242 -0.37755144 -0.486564 -0.048914686 0.36169878 0.30678537 0.5318363 0.14802025 0.3254625 1.323453 0.26219982 1.0206618 -0.1472861 0.48921522 -0.05051471 1.4338281 -0.262082 -0.30300474 0.6966912
88 -0.3623702 -0.57764196 0.62300617 0.110628076 0.47077885 0.40417698 0.16849644 0.38785958 0.0114184385 -0.19294105 -0.22632779 -1.1694515 -0.23300587 0.40426365 -0.4998904 -0.46138853 -0.17787711 -0.09205201 0.5123859 0.540431 0.3409064 0.47523227 1.1269467 -0.16945896 0.6193637 0.0079242615 -0.10260315 -0.104319215 1.0471051 -0.57346976 0.2527062 0.48869383
93 -0.55607116 -0.69215065 0.6423533 0.00943373 0.19658662 0.013107298 0.24453731 0.45503184 -0.06630952 0.075103804 -0.30260855 -0.4201309 0.19098662 -0.11931047 -0.34760186 -0.45844486 0.121044286 0.27792382 0.124827445 0.64046 0.21880807 0.21582288 1.3578387 0.13066445 0.8550324 -0.16328189 0.34229258 -0.15083003 1.4600707 -0.20043278 -0.3166548 0.8856892
95 0.5389334 -0.46423942 0.0141764255 0.31577793 -0.16113362 -0.50902796 0.47069734 0.1337556 -0.7234188 -0.54437727 0.87069196 -0.37737566 0.9890225 0.80127716 0.35894608 0.8803925 -0.29340884 -0.16338536 -0.39777115 0.432312 0.077737264 0.91518646 0.27918023 0.3971129 0.1415499 0.74769324 0.3254067 -0.16557807 -0.62022847 -0.17487502 -0.26062897 -0.18321894
99 -0.6158193 -0.74786764 0.4445127 0.18854332 0.2589164 0.5126078 0.3375016 0.198353 -0.091617666 0.060325924 -0.22916354 -0.961101 -0.1334703 0.23094583 -0.31900445 -0.53345186 -0.1342544 0.11782826 0.16995217 0.5975157 0.25368798 0.4843644 1.3885041 -0.071848616 0.81945294 0.061858814 0.13327026 -0.1604428 1.3529887 -0.1400602 -0.07686742 0.8592841
100 -0.63215584 -0.59565777 0.56885093 -0.12278158 0.5283781 0.18273373 0.2190624 0.8846394 0.08460583 -0.26387578 -0.26112947 -0.70552045 -0.2639046 0.15802366 -0.6302089 -0.16263019 -0.24551535 0.03389475 0.28776786 0.5121 0.6958451 0.15858577 1.026825 -0.2170242 0.59984857 -0.035006743 -0.2804609 -0.12702394 0.8276198 -0.56470793 0.22592983 0.37826642
103 0.4222567 -0.40369883 0.13131481 0.15941668 -0.28334042 -0.61503834 0.42642733 0.23021796 -0.61842364 -0.5521669 0.77577144 -0.2323395 1.0864217 0.7635393 0.47558808 0.8422527 -0.21207789 -0.082513824 -0.45651186 0.39203736 -0.03103238 0.864675 0.24048816 0.4389348 0.11592113 0.5285576 0.13599445 -0.049140293 -0.5747917 -0.18918693 -0.2962868 0.027641807
113 0.07787912 -0.25442046 0.21231042 -0.5939347 0.39958298 -0.10663517 0.42969805 0.10098156 0.26992974 0.4230649 0.3467639 -0.33024916 0.3975961 -0.68375206 -0.7450592 -0.1300943 0.364979 0.6333315 -0.028678074 0.29473293 0.06972593 0.12443563 1.4262401 0.509431 0.8149934 -0.27104408 0.39168924 0.2541111 1.3403585 -0.12745255 -0.5349173 0.43489614
2 -0.6217869 -0.40410462 0.74278 -0.06450177 0.6515982 -0.08206293 0.3190019 0.7826569 0.41308004 -0.3226509 -0.45097277 -0.053817507 0.46671182 -0.39279926 -0.7351369 -0.23006399 -0.13496292 0.12641823 -0.059256166 0.77312744 0.6074322 0.040300857 1.0476956 0.20948562 0.597676 -0.20802136 -0.30435842 -0.18659513 1.0444006 -0.13348119 -0.5770769 0.5974557
18 -0.46106625 -0.4549044 0.99100256 0.19106166 0.17830598 -0.34081605 0.2893168 0.8100826 -0.059981097 0.23347937 0.14491886 -0.7216058 -0.6507565 0.038542673 -0.19195582 -0.057724424 0.063151255 0.056456376 0.57230365 0.20415512 0.92947453 0.28669846 0.5859346 0.23170225 0.1507855 0.14959571 -0.7266297 -0.08552078 0.032543294 -1.0201558 0.055032715 -0.22355556
20 0.3077329 -1.2000513 -0.59731865 0.11630926 0.2520715 -0.20054361 0.5866401 0.5561003 -0.9125257 -0.4771574 0.8961977 -0.5058885 1.0497129 0.6253429 -0.11528682 0.87165594 -0.7139159 0.29297388 -0.7808235 -0.01647558 0.42150432 0.9293501 0.18283457 -0.3198873 0.033821687 0.76483166 0.16579817 -0.12816487 -0.528388 0.30939156 -0.5563334 -0.25839615
21 -0.48818028 -0.55836856 0.9763347 0.33051407 0.46209276 -0.3189815 0.1650054 0.5820955 0.091283895 0.21054779 0.19780871 -0.93521005 -0.6265095 -0.07213123 -0.25403753 -0.03608423 0.16821504 -0.07757003 0.72242856 0.17643851 1.007935 0.4534391 0.5933922 0.14242037 0.13905333 0.31558746 -0.6737681 -0.09213931 -0.1043642 -1.1115869 0.2037504 -0.31760505
22 0.4931781 -0.6712207 0.217791 -0.04877546 -0.38660845 -1.4721408 -0.05819618 0.25373584 -0.7623092 -0.3866902 0.833657 -0.2495846 0.6419433 1.1082323 0.3803933 1.146362 0.064632125 -0.041144837 -0.24602082 0.40067378 0.4779541 0.7039651 0.72258383 0.21478303 0.091975406 0.6569297 0.10609064 0.16724925 -0.7640829 -0.22144948 -0.610826 -0.08393684
37 -0.27428398 -0.26335815 0.45101333 0.058162846 0.2235211 -0.06774525 0.57330155 0.4024223 0.19576444 -0.044345036 0.11625991 -0.1254632 0.37374023 -0.59007204 -0.6420302 -0.4509161 -0.19261226 0.39332297 0.101772875 0.6185388 0.35523936 0.081758864 1.1974645 0.19896178 0.72652394 -0.3189062 0.163085 0.0021542122 1.3460052 0.077520676 -0.7488933 0.5218723
42 -0.39240742 -0.26121914 -0.2324901 -0.87554175 0.6428783 0.20100796 0.56040025 -0.16671696 0.015721127 -0.16556285 1.4864805 0.19167182 -0.05673358 -0.47460744 -0.6022547 0.33462313 0.42718723 0.6095431 0.5270654 0.24653867 -0.13263921 0.22139862 1.5661352 0.3406667 1.2181411 -0.47539204 0.47263053 0.47274423 1.2762483 -0.4251758 -1.1588057 0.28798527
45 -0.32397673 -0.52447855 0.9925211 0.033010356 0.66415226 0.092661366 0.4057843 0.7528861 0.16601422 0.10645152 -0.18915048 -1.0345882 -0.6760598 0.20867772 -0.48759738 -0.06371017 0.023032984 -0.05398119 0.53932005 0.3361361 0.7713292 0.5476598 0.5698053 0.23992436 0.19550022 -0.0885863 -0.48253006 -0.35206372 0.50925004 -0.93900424 0.39030161 0.040264238
53 -0.48794422 -0.379141 0.90098906 -0.14592944 0.4619528 -0.28072074 0.3092491 0.971811 0.094836734 -0.19478385 -0.17264515 -0.5355644 -0.40219802 0.19091232 -0.29255593 -0.08552818 -0.17149329 -0.028899444 0.65150654 0.3916304 0.88381827 -0.012692278 0.81189597 -0.0011103211 0.3415262 -0.008901398 -0.55157363 -0.07571605 0.57021666 -1.0450921 0.4659574 0.03911371
68 -0.5014898 -0.31538203 0.84169716 0.03636727 0.48509887 0.29447174 0.3987135 0.84496075 0.23412691 -0.3507839 -0.36163974 -0.2712246 0.33348706 -0.16252595 -0.4912228 -0.37701887 -0.5121676 -0.050877888 0.20325494 0.70833284 0.57801926 0.025874013 1.0036632 0.24919562 0.7352131 -0.1692769 -0.11287138 -0.14617535 1.1795892 -0.48333347 -0.24301821 0.54625607
69 0.34336084 -1.283547 -0.6670341 -0.2375774 0.32189775 -0.73528284 0.6884973 0.5809324 -1.0070689 -0.6465656 1.0602823 -0.48748493 0.84055036 0.6878726 0.062319744 1.0624117 -0.40396777 0.14880134 -0.67761946 -0.18383041 0.17810602 0.91173816 0.38505393 -0.19060743 -0.11674913 0.7173555 0.41073373 0.17545532 -0.5234731 0.29571795 -0.44651055 -0.14539176
89 0.13788094 -0.17252997 0.16589299 -0.29117307 0.4205946 -0.12791525 0.55276465 0.070201114 0.007536229 0.2326184 0.3114681 -0.25326052 0.67419577 -0.6796273 -0.91014755 -0.10424429 0.20385501 0.6849305 0.16141093 0.53655875 0.003274135 0.09033432 1.3176142 0.34876317 0.89390546 -0.47306973 0.36162308 0.17659485 1.3256052 -0.060894795 -0.8105568 0.25446332
98 -0.5972426 -0.4240896 0.70441926 0.08945013 0.56397516 -0.06584313 0.25172892 0.93496096 0.22249024 -0.37855178 -0.075178504 -0.4489111 -0.1333914 -0.1480362 -0.7058796 -0.26938653 -0.2941097 0.029225715 0.35193756 0.5824338 1.0146009 -0.19208053 0.8298669 -0.1931481 0.6159806 0.057293564 -0.47603998 -0.2378792 0.62786555 -0.7735475 0.16458486 -0.076770134
108 -0.22042938 -0.3970666 -0.3521892 -0.81344754 0.352712 0.35889372 0.9584246 0.1573652 0.0894037 -0.023101393 1.1899284 0.6525753 0.11056664 -0.5023097 -0.435545 0.6726997 0.73106736 0.5166994 -0.030147342 0.43984342 0.37073746 -0.09119399 1.0918127 0.56498617 1.0534815 -0.3351583 0.5490471 0.19725683 1.2751136 -0.24562842 -0.85342515 0.38397813
109 -0.12547785 -0.4736484 0.7919745 0.20369503 -0.41592968 -0.2529174 0.48248413 0.55039716 -0.15159614 0.44777483 0.43682092 -0.51946914 -0.4240914 0.25610077 0.50658995 0.09272033 0.1793752 -0.13523237 0.005507105 0.049858414 0.7222108 0.647825 0.51583076 0.8458928 -0.2566063 0.51958835 -0.71513236 0.23984934 -0.43631402 -0.7666586 -0.43863228 -0.133491
15 0.4388595 -0.06335021 -0.30947557 0.23722717 0.4517522 -0.41054747 1.2480836 0.06625283 -0.47967878 -0.43749297 0.89363176 -0.45563984 0.89073074 -0.039049562 0.36594778 1.0742714 -0.5002712 -0.18377599 -0.65388256 -0.020443149 -0.28768757 1.2025741 0.35571834 -0.027075281 -0.011710756 0.85358334 0.18577154 -0.1621033 -0.4474281 -0.11389808 0.40203705 0.06470496
36 -0.015616907 -0.28866965 0.25559643 -0.2833246 0.33345556 -0.35739553 0.4198487 0.13470869 0.2012417 0.32811868 0.1524215 -0.30831823 0.43044558 -0.75735885 -0.6269915 -0.30754286 0.09332556 0.47869587 -0.11147354 0.47479212 0.018914174 0.013931083 1.600561 0.41756853 0.949719 -0.013825779 0.45485097 0.1053907 1.3659649 -0.08745775 -0.4711555 0.39474088
40 -0.3330149 -0.14908817 0.5226203 -0.21253292 0.11495874 0.012714911 0.2905537 0.518956 0.29376704 -0.05529799 -0.06440625 -0.21215168 0.548432 -0.49542502 -0.5311784 -0.5674562 -0.2017768 0.31590253 -0.09938737 0.60733384 0.20180227 -0.07675242 1.4268581 0.26729184 0.6999412 -0.04245902 0.08066743 0.06860752 1.2529368 -0.3168858 -0.47826618 0.42996472
62 -0.3915327 -0.43168548 0.9979998 0.007731628 -0.06428706 -0.103086226 0.4298246 0.9093702 0.09077348 0.3166884 0.27188826 -0.6875024 -0.46378836 0.1488686 0.14000338 -0.10274684 -0.023636367 -0.166645 0.26776248 -0.07449107 0.7755853 0.5609705 0.57351154 0.66516465 -0.23691018 0.33871913 -0.96460956 0.16857107 -0.21379861 -1.0689467 -0.17873116 0.0014363064
72 -0.5460601 -0.15225814 0.5315831 -0.010270377 0.21615382 -0.10483476 0.20227118 0.6713986 0.3123056 -0.24717805 0.038616754 -0.056295544 0.539122 -0.740766 -0.72064364 -0.5818434 -0.32356897 0.34742892 -0.10777116 0.8258308 0.61772394 -0.14116757 1.5565889 -0.18118834 0.7932928 0.05934837 -0.17017984 -0.024344994 1.109561 -0.27842617 -0.7836854 0.312826
102 0.0915391 -0.07953908 0.013938314 -0.61473274 0.63968426 -0.21143228 0.47176206 -0.13986707 0.28379405 0.14371848 0.492042 -0.22938609 0.37887156 -0.7182269 -0.70152926 0.10717657 0.41700208 0.51358855 0.096512794 0.55151796 -0.012163343 0.09742705 1.3908188 0.5563314 0.94661677 -0.2957551 0.42909285 0.30388477 1.1706611 -0.15833573 -0.5404054 0.2556781
104 -0.064660735 -0.15034163 0.25172853 -0.2818898 0.28006563 -0.12944037 0.35668594 -0.041583534 0.3011271 0.32440317 0.23610997 -0.28775954 0.55809504 -0.7817172 -0.6634266 -0.24085103 0.18700401 0.44123274 -0.025947053 0.5330188 -0.0072410693 0.16356847 1.5617332 0.45905983 0.91231906 -0.095648445 0.38750297 0.17307067 1.2944843 -0.14167264 -0.65548563 0.36855915
4 0.49241516 0.21476722 0.024076946 0.42606938 0.24834928 -0.630983 1.7598265 0.401783 -0.8826123 -0.1867683 0.81409836 -0.11006256 1.1030471 -0.29165316 0.38519678 1.112915 -0.5929716 0.055699978 -0.29625326 -0.12138426 -0.3953958 1.0535305 0.0017814602 -0.03784019 0.16080715 0.683614 0.4513029 -0.54832274 0.080694295 -0.5433912 0.828286 0.13495935
6 -0.23061684 -0.6592636 0.9737856 0.05711335 -0.09814896 0.098168485 0.48112264 0.7751701 0.121603735 0.39964965 0.5653586 -0.86263263 -0.44212246 0.08074536 0.078903995 -0.20344934 -0.093400784 -0.06324544 -0.029522672 -0.40149233 0.9566225 0.80232793 0.50588566 0.99829817 -0.2867811 0.37436205 -0.9098582 0.28656882 -0.32465243 -0.85388255 -0.43435308 -0.18549606
5 -0.53246987 -0.003608189 -0.23991826 0.16341865 0.6398943 -0.0068074027 1.2705661 0.02825192 -0.11277448 -0.1871744 0.8190125 0.05845701 1.2911628 -0.67007524 0.15427944 1.1293435 0.93245417 0.42087376 -0.24083965 0.9209652 -0.63973457 1.319442 0.18116793 -0.6730799 -0.0072533884 0.32847852 -0.17875725 -0.92307276 -0.4756376 -1.1067111 0.4121916 -0.037785087
23 -0.43706584 -0.74935466 0.5301505 0.03400664 0.5603695 0.23011032 0.28564742 0.1268688 -0.10370583 -0.20779775 -0.29787764 -0.9921833 -0.2378996 0.26160175 -0.4333791 -0.39564645 -0.06438899 0.019449655 0.22866486 0.60534024 0.20667283 0.44768688 1.3891177 -0.03932508 0.79876065 -0.03796252 0.20329964 -0.20101073 1.3607891 -0.19925511 0.10353964 0.85975385
28 -0.27062753 0.1120941 -0.14646712 0.48815557 0.29592344 0.20137209 1.1236767 -0.0077707022 -0.33160552 -0.12902686 0.75408536 0.0062768725 1.4929467 -0.4907574 0.27062336 0.7561264 0.27261433 0.30633178 -0.1967695 0.6769829 -0.6291175 1.2285464 0.083216704 -0.5164328 -0.0050939224 0.47436774 -0.13930461 -0.66844696 -0.4173517 -0.81687254 0.109823726 0.05535943
57 -0.5914851 -0.7221066 0.57097167 0.21326424 0.34452936 0.42664295 0.44818357 0.5049878 0.041684587 -0.24503164 -0.24326937 -0.9025774 -0.39695978 0.43713894 -0.21314299 -0.40283844 -0.1413111 -0.0482917 0.39339486 0.66679406 0.670628 0.5185369 1.0503154 -0.11645195 0.5902862 0.106911205 -0.012888528 -0.25081906 1.3474201 -0.32891417 0.3280283 0.7741019
16 0.38949612 -0.6673007 0.11472698 0.4295087 -0.48255315 -0.80375487 0.17534107 0.18928431 -0.8688434 -0.052584 0.653539 -0.36743727 0.7014233 0.6814022 0.35795406 0.56428325 -0.15217131 0.06123485 -0.101288415 0.41716978 0.39890534 0.69175416 0.36180946 0.29026985 0.00035604637 0.5705612 0.048381247 0.14207417 -0.6799203 -0.2671763 -0.73696816 -0.31266266
39 0.46311253 -0.60891646 0.04504953 0.4735464 -0.4542194 -0.7455808 0.15280227 5.051351e-05 -0.7052933 -0.28654504 0.7484338 -0.42862698 0.8703495 0.6567316 0.40336362 0.6143326 -0.19400807 -0.22962268 -0.0882776 0.58542883 0.09782379 0.7925983 0.53258747 0.5185212 0.07466175 0.7061653 0.096673496 0.08548566 -0.7476723 -0.3207373 -0.82888234 -0.4029919
58 -0.06333781 -0.609196 0.46346885 0.16137116 -0.40538168 -0.3339338 0.62465703 0.352515 -0.19204067 0.5392972 0.53566676 -0.55601954 -0.48927855 0.2292477 0.5451163 0.2515875 0.16327985 0.06134396 -0.39497867 0.12123479 0.95228076 0.686764 0.53689986 0.9159666 -0.30100933 0.51655596 -0.78212905 0.29107356 -0.5551103 -0.41272986 -0.52658904 -0.18606582
71 -0.21461567 -0.6683627 0.9599584 0.08200215 -0.14276372 0.024704184 0.4965615 0.664022 0.21898906 0.5227346 0.6350732 -0.7161524 -0.37105903 0.045973055 -0.039321445 -0.1129168 0.1808422 -0.023075223 0.022149332 -0.4053663 0.9739432 0.74081737 0.542836 0.9421063 -0.36649394 0.35757747 -0.84998184 0.1306939 -0.37755415 -0.8825577 -0.5442802 -0.24811292
96 0.52747905 -0.37751743 0.19174719 0.07751222 -0.16022581 -1.2656981 -0.13195862 0.2239964 -0.7463735 -0.20965977 0.65837204 -0.19042554 0.60771024 0.6927762 0.3183869 1.2187434 -0.07584206 -0.22861625 0.062343456 0.6817686 0.40895763 0.47087336 0.7718165 0.32722637 0.2997194 0.5989656 -0.114360526 0.4403375 -1.180137 -0.7702234 -0.46966335 -0.604963
106 -0.17505783 -0.62427753 1.0335274 -0.012064284 0.38400826 -0.12240192 0.28319597 0.76220155 0.09069642 0.33655208 0.17028633 -1.0611256 -0.56127554 0.2403837 -0.3549067 -0.064779215 -0.05948979 -0.11688725 0.38616002 -0.26829723 0.69596577 0.7338641 0.5893656 0.5575037 -0.12169135 0.15018705 -0.71362174 0.07833236 -0.10621087 -0.96129346 -0.05182014 -0.19221836
90 0.4967557 -0.30693084 -0.3719615 0.28297573 0.1943808 -0.22351187 1.0541011 0.19287787 -0.708936 -0.6089254 0.8532808 -0.23372371 1.1085627 0.3702776 0.30662566 1.11465 -0.7681391 -0.41257665 -0.40899062 0.21836698 -0.16585067 0.98903257 0.28169352 0.14425124 0.17955102 0.7579106 0.34653884 -0.075556315 -0.30784073 -0.06059179 0.020705996 0.07623536
91 -0.053460214 0.14055493 -0.1391531 0.31411597 0.09912413 -0.26703656 1.2870868 0.21042216 -0.60331273 -0.28188577 0.8264478 -0.03406469 1.6258378 -0.26305208 0.29081318 0.77630365 0.08501219 0.32837307 -0.10897753 0.32260495 -0.9499766 1.2621505 0.27154297 -0.6268368 -0.07056572 0.46983495 0.05732278 -0.43315908 -0.21614325 -0.8533725 0.2451801 0.12761612
11 0.10662139 -0.6021114 0.5645495 0.4067303 -0.49933535 -1.0785183 0.38685372 0.19518958 -0.5848767 0.5343289 0.32665485 -0.3433851 -0.09134765 0.29143256 0.6262248 0.60583466 0.19758579 0.06761235 -0.20981613 0.304193 0.71202046 0.8347064 0.5812056 0.8098847 -0.24839215 0.36322767 -0.5087643 0.35512954 -0.8664631 -0.18160102 -0.74477005 0.05620334
13 0.44648272 -0.019256284 -0.19381198 0.4389707 0.3536426 -0.3396824 0.92189395 -0.052203856 -0.49857458 -0.6126856 0.8451611 -0.4659348 1.0898247 0.08206723 0.26660514 0.86556417 -0.4708319 -0.13045573 -0.37195086 0.35419396 -0.16878721 1.242344 0.27661464 -0.2438007 0.013453217 0.7923674 0.20082696 -0.20073734 -0.5397569 -0.17610492 0.14315009 -0.05099242
27 0.017764581 0.21706772 -0.3796367 -0.272015 0.22716907 -0.25696152 1.9652609 0.2380237 -0.5134611 -0.16069224 0.9311182 -0.24771704 0.8909477 -0.15103377 0.23502626 1.2200531 0.26489574 0.44312114 -0.5553489 0.22621176 -0.9168238 1.179842 0.50149584 -0.49063578 0.00630101 0.5834637 0.19957413 -0.6142916 0.15529841 -0.8540114 1.2583276 0.34330836
31 0.4529823 0.34920004 -0.21720056 0.14343187 0.3562166 -0.4512785 1.5273608 0.23243943 -0.528827 -0.16668929 0.5764675 -0.10304483 1.1112312 -0.24925281 0.23418303 1.3635786 -0.4696544 -0.18278512 -0.45191824 0.16039768 -0.5913404 0.9345602 0.50568694 -0.116534896 0.16169512 0.8225328 0.05844591 -0.16485997 -0.35796547 -0.71633863 0.82176864 -0.020491425
44 0.47364524 -0.6795325 0.07762406 0.49355802 -0.49548373 -0.6816194 0.13126497 0.22784908 -0.6801374 -0.3979574 0.84398454 -0.6171569 0.8541965 0.8267139 0.35228974 0.571748 -0.2724758 -0.21067917 -0.22301573 0.5647113 0.24255612 0.7426878 0.5016693 0.45678258 0.059271738 0.6583169 0.10613312 0.11684664 -0.78424644 -0.18564211 -0.80055976 -0.42217392
49 -0.5237976 -0.5306487 0.9024068 0.096786425 0.048748165 -0.15885869 0.29920244 0.95465636 0.090192094 0.2651785 0.27306128 -0.77662617 -0.5999255 0.03748544 -0.1417728 -0.18993804 0.10747408 0.015466744 0.3717989 0.017159486 0.9020717 0.39947826 0.7203824 0.105600886 -0.0938867 0.35883358 -0.8686292 -0.07848057 -0.09001219 -1.0680552 0.0009359222 -0.25843737
51 -0.1957516 -0.5001492 0.69027835 0.251566 -0.41292655 -0.3320264 0.6523184 0.39271846 -0.028345909 0.49860522 0.3812205 -0.47128886 -0.48309368 0.07051115 0.6090302 0.28468952 0.14772852 -0.2271756 -0.2983276 0.14109202 0.7642929 0.741002 0.61748755 0.9782247 -0.3205764 0.56409055 -0.9035858 0.27914304 -0.6457793 -0.4836599 -0.53241664 0.048823014
59 0.3877716 -0.51169616 -0.44440642 0.12387184 0.43942788 -0.30876508 0.96924275 0.26159033 -0.6196468 -0.63367844 0.9506236 -0.4499198 0.7901621 0.3427457 0.22361171 1.1084453 -0.56080556 -0.17836775 -0.6151574 -0.027579194 -0.026672684 1.1165904 0.19605139 0.051902425 0.00038447283 0.667821 0.22102608 -0.0806102 -0.5331052 0.10856498 -0.023187313 -0.04966154
66 -0.20127323 -0.61943346 1.0649295 -0.067369744 -0.07611877 0.019835468 0.52737117 0.9449872 0.12892734 0.41093704 0.59114766 -0.81423455 -0.488195 0.1703187 0.07548904 -0.041039616 0.014296798 -0.022555819 0.10146002 -0.4443702 0.95922214 0.667854 0.46630517 1.0130172 -0.34110034 0.312895 -0.92110145 0.16513675 -0.2756488 -1.0588591 -0.46533284 -0.2900974
82 0.43653366 -0.6601965 -0.070423394 0.4064133 -0.2041776 -0.69813263 0.4167479 0.18799381 -0.7955989 -0.60792965 0.7875511 -0.44421694 0.90889525 0.68205905 0.3598006 0.7272657 -0.26832828 -0.057753965 -0.36900297 0.48690367 0.17725617 0.911324 0.2784154 0.28843385 0.09545378 0.5972838 0.27708876 -0.03113399 -0.6380701 0.013565161 -0.43270245 -0.2412753
85 -0.34798592 -0.56470245 1.1841023 0.28091225 0.14105213 0.1276219 0.31073406 0.86796105 -0.16089062 0.441267 0.4109103 -0.9249068 -0.47516847 0.22188294 -0.16524698 -0.24981098 -0.1020413 -0.12552035 0.73470306 -0.25876576 0.7837886 0.7589075 0.47471318 0.47103187 -0.0873897 0.21636066 -0.84489745 0.054242823 -0.17406575 -1.2198488 -0.37034154 -0.22622761
97 0.6167364 -0.5567183 -0.23606862 0.19840929 0.07838238 -0.35085288 0.63751626 0.2041497 -0.7207111 -0.5509687 0.9152226 -0.35140222 1.0257983 0.6302399 0.2832403 1.0689291 -0.4657185 -0.21853639 -0.47013393 0.24694858 0.09601206 0.9197708 0.23869593 0.34175447 0.079646796 0.72137135 0.28901514 -0.13315816 -0.5925709 -0.06649258 -0.43510994 -0.14604516
10 0.24446946 0.447236 -0.25847542 -0.21869968 0.07459657 -0.08153055 1.7277832 0.09511385 -0.35975078 -0.2989572 1.0184147 -0.590146 1.4354973 0.05214597 0.07694579 0.72007734 0.09728268 0.40183517 -0.23986073 0.22716646 -1.2502517 1.3417023 0.4541082 -0.4140839 -0.23694964 0.22048321 -0.01587359 -0.45414093 0.020793755 -0.86759794 0.62360257 0.20282418
55 -0.65290546 -0.6830672 0.48004386 0.05786202 0.5382714 0.25016785 0.2827682 0.4330185 0.051780075 -0.2820999 -0.24103701 -0.59891456 -0.13494778 0.15018909 -0.37486717 -0.30634588 -0.053527 -0.025218561 0.24344273 0.6404091 0.3247227 0.37791583 1.1870025 -0.110570244 0.75474554 -0.07674783 0.026649736 -0.13356303 1.2136397 -0.16854201 -0.07238685 0.8054553
41 -0.3001709 -0.5896609 0.859235 -0.0076035964 0.5910014 -0.20771746 0.21872245 0.8416591 -0.14674215 0.09381724 -0.092718825 -0.9045589 -0.5670944 0.23111987 -0.542078 -0.1288049 -0.04816439 0.04498652 0.72187424 0.0016435927 0.6660393 0.3313602 0.728705 -0.081358 0.21489678 -0.089299 -0.4570595 -0.18413414 0.39465547 -0.9110753 0.19485188 -0.022376394
46 0.03162751 0.0731867 -0.19461213 0.2749827 0.22494893 -0.022997927 1.1407622 0.19373377 -0.5264885 -0.24718845 0.8620168 -0.390198 1.6169732 -0.1404837 0.36822784 0.5783782 -0.17868209 0.12640494 -0.1818993 0.20810717 -0.92110664 1.4318767 0.36011162 -0.50620794 -0.21907341 0.6271991 -0.04156346 -0.103632234 -0.35744366 -0.40602717 0.15630348 0.32850698
70 -0.3054715 0.08527607 -0.17642134 0.24608421 0.53128105 0.18017699 0.98187286 0.0329644 -0.19995084 -0.19308475 0.83077013 -0.42403466 1.5127774 -0.36116743 0.18008538 0.6855285 0.31667218 0.23798598 -0.24108353 0.5714653 -0.97264206 1.4282097 0.3748201 -0.7152231 -0.13230099 0.65858364 -0.20035364 -0.57894653 -0.49552873 -0.84425545 0.43277782 0.13032617
14 0.23812401 -0.54308116 0.40852034 0.2324842 -0.38112244 -0.97048736 0.15302674 0.020200457 -0.45350966 0.45667544 0.3816946 -0.61651415 -0.046264347 0.29197353 0.49950647 0.67811733 0.11234773 -0.047489803 -0.21971606 0.4102625 0.52933 0.6669602 0.82739514 0.79626495 -0.049363095 0.7478428 -0.43029505 0.51857054 -1.0124452 -0.3323263 -0.6163356 -0.29271632
60 0.120435946 -0.6525139 0.39349228 0.21602154 -0.35086283 -0.8436919 0.40392074 0.17707416 -0.16955577 0.22101898 0.46276754 -0.58164686 -0.1511859 0.22541928 0.52629155 0.45468664 0.27291775 -0.05655408 -0.55689466 0.2824287 0.5612193 0.8225012 0.6165779 0.8611714 -0.3287179 0.5010944 -0.5184412 0.395963 -0.8235602 -0.056413855 -0.6235908 -0.12138392
47 0.43426707 -0.48097607 0.1600367 0.59023803 -0.29093862 -0.6242615 0.44684538 0.22230959 -0.76426464 -0.6852892 1.107168 -0.4158828 1.0658542 0.7738572 0.30681646 0.6887954 -0.26137194 -0.08298299 -0.34903866 0.3394336 0.21649341 1.0604031 0.13184468 0.42877066 0.22165033 0.41001362 0.26749116 -0.016935255 -0.83674705 -0.16220035 -0.6347464 -0.27079877
17 -0.46975237 -0.093069 -0.062556945 0.2897637 0.5136042 0.15900277 1.3693249 0.10891785 -0.3423926 -0.16520642 0.83479846 -0.07949996 1.5282755 -0.5225314 0.005396118 0.8627467 0.7185038 0.6895411 -0.21206301 0.73745006 -0.7655704 1.5520304 -0.12064695 -0.62550044 -0.20034827 0.030498836 -0.20229189 -0.9849174 -0.3606177 -0.8118459 0.030738782 0.196658
26 -0.40749052 -0.5891262 0.8024801 0.030512903 0.6858518 -0.0420036 0.2703667 0.79795295 0.041560978 -0.20883234 -0.018247064 -0.8671033 -0.70194685 0.23591518 -0.42634624 -0.00539712 -0.12403856 -0.27075323 0.72685224 0.20856734 0.78865093 0.32611647 0.73514605 -0.047703687 0.3008038 0.04792963 -0.49267495 -0.07874171 0.4387805 -0.87430966 0.40511298 0.09941132
112 -0.4254456 -0.6982865 1.3464528 0.24683991 -0.025642555 0.14200243 0.45190367 0.96095467 0.11506932 0.32561368 0.27470645 -0.75901455 -0.39312658 0.1580941 0.12131516 -0.19443783 -0.05092919 -0.20494722 0.2550432 -0.24060957 1.0324053 0.83320624 0.361254 1.0324172 -0.25553554 0.38064837 -0.9627747 -0.018923879 -0.1535944 -1.1229056 -0.47754705 -0.024185983
24 -0.12146226 0.09980334 -0.1991453 -0.14818637 0.5090172 -0.20793279 1.4583852 0.09870474 -0.1906288 -0.15439348 0.9093153 -0.30086064 1.1051879 -0.42767727 -0.04156834 0.9257898 0.5682586 0.564547 -0.3972312 0.37891567 -0.81422895 1.2938657 0.22227801 -0.57613164 -0.23710196 0.28405976 -0.11170442 -0.77316505 -0.22858757 -0.81470495 0.55496716 0.011643137
94 -0.18818584 -0.54355866 0.74177676 0.3415602 -0.41875562 -0.52024645 0.5095042 0.4964679 -0.00010281311 0.41747797 0.42164382 -0.5010658 -0.32895878 0.05350937 0.44827977 0.34783524 0.20169888 -0.14268209 -0.3396845 0.23371553 0.79826134 0.74872476 0.6436455 0.77649593 -0.38679275 0.4845937 -0.8798854 0.26329923 -0.8564628 -0.38556364 -0.6469587 -0.06100824
50 0.44922736 -0.45778805 -0.5058314 0.32173246 0.14303565 -0.2905846 1.0558145 0.23514508 -0.6019657 -0.60871875 0.8779713 -0.34095773 0.95957506 0.3624302 0.43277386 1.0863893 -0.49483803 -0.36918348 -0.6316254 0.32453755 0.07742006 0.9025638 0.28440285 0.043640018 0.055635806 0.8561613 0.33086804 -0.117125496 -0.33024597 0.022881027 0.10492718 -0.001712407
80 0.13210337 0.2740293 -0.30257484 -0.079725586 -0.16963309 -0.16089615 1.7651469 0.7264136 -0.5215819 -0.07702796 1.1958709 -0.07860188 1.2850665 -0.3173857 0.1171341 0.7167379 -0.04118769 0.41318595 -0.32067737 -0.1547438 -0.9090997 0.8888001 0.40115827 -0.6563807 -0.19531141 0.56900024 0.067989305 -0.36673167 0.17035797 -0.9855704 0.76477545 -0.0014508913
107 -0.048235975 0.24987103 -0.12472703 -0.3251936 0.14682928 -0.35555866 1.4114856 0.500062 -0.45509076 -0.36041552 0.921958 -0.25229624 1.4756372 -0.03950847 0.2879262 0.6765315 0.3692637 0.51672596 -0.2045183 0.20067418 -1.2368171 1.2704958 0.48029113 -0.65338224 -0.37067813 0.45504528 0.016142067 -0.35846463 0.08367239 -0.89345187 0.84048295 0.44727883
86 0.050239258 0.10065426 -0.15808211 0.58192027 0.30927217 -0.2106314 0.9876917 -0.21960324 -0.31137285 -0.51654375 0.5726792 -0.3005849 1.5422649 -0.24364975 0.38472715 0.5799508 -0.028837727 0.11492096 -0.37378052 0.64156425 -0.6820533 1.4429839 0.35997078 -0.40804413 -0.17586723 0.5540865 -0.10911014 -0.31146842 -0.40973106 -0.3310787 -0.010305314 0.18089464
63 -0.46745664 0.014177758 -0.15132575 0.18051279 0.38591203 0.36522236 1.4438392 0.32450432 -0.26911366 -0.33394107 1.0050077 0.13928859 1.3863496 -0.4288115 0.048106182 0.9633746 0.5976373 0.42922944 -0.13330652 0.6615951 -0.5788366 1.1120495 -0.20077398 -0.60347426 -0.08062359 0.10572604 -0.2091277 -1.0720099 -0.28046468 -1.1814231 0.22478727 0.01341765
