1 -0.6414319 -1.17929 0.29919246 -0.044236727 -0.62192297 -0.39068854 -0.12995023 1.1482201 -0.31316966 0.41648015 -0.12723929 -0.8439074 0.5316956 0.1513786 0.24792488 0.7507324 0.53838944 0.08150991 -0.32327977 0.19426249 0.43581724 0.67885065 0.7949229 0.02830481 0.12617406 0.7949398 -0.1797507 0.088491455 -0.575191 -0.34684548 -0.0771964 -0.6156098
3 -0.76043075 -1.1502293 0.13402423 0.0038979105 -0.2899193 -0.092321314 -0.19903994 0.97229296 -0.24816984 0.43275437 -0.18571408 -0.99977213 0.6393287 0.081580155 0.14155103 0.7125585 0.6580228 -0.1363863 -0.46209165 0.099626385 0.34164637 0.8580545 1.1200265 0.10701938 0.051392984 0.701816 -0.042860664 0.112925515 -0.76153785 -0.40162358 -0.07395863 -0.54997754
8 -0.577345 -1.1273023 0.22864836 -0.0467944 -0.32183757 -0.090939574 -0.17668967 0.83397263 -0.24163601 0.49616876 -0.21527362 -0.93440455 0.6966789 0.37771115 0.06703198 0.7890435 0.74105316 -0.20762114 -0.35831687 0.2407369 0.5415713 0.7275082 0.91279083 0.12378858 -0.004706006 1.0416764 -0.041038606 0.030930305 -0.77542686 -0.22797257 -0.034791782 -0.8308059
9 -0.5655677 -1.4926288 0.17401582 -0.2257105 -0.078364484 0.46873242 -0.16188633 0.5821173 -0.13410465 -0.2236188 0.04662231 -0.42869607 1.1031702 -0.017865857 0.3264841 0.6060518 1.3977311 -0.26502717 -0.66407245 0.63378096 0.78488123 1.1334218 0.8728873 0.5150362 0.26062092 0.7263117 0.59325516 -0.82519186 -0.88231015 -0.20161946 -0.0107821515 -0.6457486
12 -0.8581233 -1.2597593 0.124012984 -0.268361 -0.2520554 -0.20627654 -0.0056220046 1.0200385 -0.19300804 0.30042282 -0.2134271 -0.939411 0.5127249 0.14349191 0.3531035 0.6295115 0.67024523 -0.059762828 -0.5185278 -0.016474476 0.48658562 0.75722224 1.0426978 0.2120789 0.23979363 0.63518405 -0.03442454 0.1868019 -0.72259045 -0.5162016 -0.039438225 -0.73029876
19 -0.027984869 0.21291263 0.5603207 -0.18058202 0.31272802 -0.7040717 0.27181795 -0.37854728 0.6245993 -0.81989497 0.8679582 -0.340965 0.5960907 -0.08382394 -0.29606226 -0.2085264 0.17476578 -0.37791574 0.50647116 0.42925218 0.6509668 0.4222216 0.5168098 0.23237641 -0.14245635 0.049960952 -0.16552739 -0.72052133 0.66303587 -0.15575486 -0.5242846 0.22807167
29 0.022327641 0.033510316 0.23096485 -0.7979681 0.11487824 -0.822115 0.030517492 -0.4709367 0.4542793 -0.6591148 0.99017596 -0.4888405 0.08678627 -0.3460093 -0.85312676 -0.46790895 0.30738002 -0.2729294 0.73562866 -0.11964444 0.30231702 0.39166456 0.72950155 0.7074156 0.28677487 0.018451542 -0.7383749 -0.5663971 0.47383726 -0.5398941 -0.8124555 0.2509108
30 -0.47980723 -1.3854144 0.27088502 -0.25544596 -0.20015582 0.3453822 -0.3216828 0.44173306 -0.014690016 -0.030418552 -0.00828696 -0.57036865 1.0183306 -0.07043306 0.28234217 0.6203423 1.1292018 -0.15201867 -0.43432873 0.5309998 0.7722948 1.0687678 0.81657034 0.5196719 0.21198201 1.0145369 0.38848266 -0.72879165 -0.4874516 -0.035988014 -0.039536487 -0.8147574
33 -0.11904854 -1.5878191 -0.20703971 -0.3466761 -0.31347582 0.5712601 -0.099103086 0.26845032 -0.29660758 0.048954107 -0.20283037 -0.5245912 0.9903133 0.34335184 0.345077 0.6807891 1.3449743 -0.0025620002 -0.64349 0.8344275 0.7814447 1.2112647 0.5480891 0.7249297 0.47491 0.82885814 0.46200302 -1.034613 -0.54549015 -0.17817637 -0.16027328 -0.9299111
34 0.8372009 -0.420621 0.47368664 -0.10882279 0.13920178 -0.43932405 -0.53815544 0.020048909 -0.31448442 0.08738953 0.53038025 -0.8654777 -0.2137536 0.40614796 -0.20452973 -0.4304656 -0.121990204 0.34549424 -0.21782139 0.45926604 0.6756885 -0.62229735 0.69714236 0.7103547 0.32669643 0.044820905 -0.91731864 -0.4138695 -0.475424 -1.3822184 -0.5479941 0.021624029
35 0.72899574 -0.120892264 0.39094198 -0.17452164 0.5247131 -0.5317773 -0.60698164 -0.45726764 -0.2692847 0.14390706 0.5990649 -0.9322781 -0.14084028 0.06442126 -0.22696106 -0.6079482 0.21216445 0.10139727 -0.30811504 0.47958252 0.5799648 -0.42294747 0.6921651 0.72414327 0.31542692 0.27331382 -0.8992639 -0.2522303 -0.37760946 -1.3191175 -0.5912822 0.15802853
38 -0.35381368 -1.2227536 0.009152825 -0.37670484 -0.31226274 0.13694887 -0.17232773 0.47164345 -0.23599547 0.24123372 -0.280861 -0.6956433 0.67506266 0.07247911 0.43412146 0.6217517 1.0071496 -0.003968488 -0.50129116 0.41344097 0.55272496 0.98925126 0.6314998 0.43243942 0.30991554 0.9167007 0.16475143 -0.3306446 -0.43029097 -0.12939811 -0.090392485 -0.9115979
43 -0.3554204 -1.4896753 0.20348012 0.28935736 -0.1590348 0.16351071 -0.16860427 1.0038865 -0.19621395 0.1953597 -0.15565598 -0.9488305 0.26537624 0.5222178 -0.44694638 0.6185298 0.21708247 -0.07955674 -0.053290132 -0.29464328 0.44539168 0.5102321 1.0799476 0.22931139 -0.081292555 0.59764 -0.14587648 -0.11406979 -0.90035397 -0.32465154 -0.1675867 -0.4857951
48 -0.33882135 -1.0490075 0.22739525 -0.06955614 -0.21204764 -0.10173152 -0.4547526 0.83722544 0.031126661 0.26577687 0.056821615 -0.66818357 1.1990054 -0.04658821 0.57754016 0.9490072 1.2542896 0.19276729 -0.79256624 0.6411705 0.7591071 0.9514664 0.700607 0.19651309 0.2763348 0.18139724 0.41058597 -0.5949024 -0.7463498 -0.41921887 -0.012131748 -0.79541093
54 -0.2414349 0.04699957 0.35095295 -0.26360187 0.19920532 -0.4595622 0.6709424 -0.180541 0.7209315 -0.7635389 0.7591185 -0.07588563 0.7062912 0.0715534 -0.19414203 -0.29639515 -0.036081348 -0.54822516 0.21356547 0.56532955 0.62077403 0.44387302 0.62945366 0.05251923 -0.005575898 0.124140374 -0.11065894 -0.70170254 0.86286044 -0.04028966 -0.4939043 0.4255838
56 -0.06359728 -1.3616167 0.3331336 0.43365255 -0.29435477 -0.08363119 0.04240237 0.95104337 -0.2964608 0.27518615 -0.06290972 -0.76128286 -0.0043600854 0.7604751 -0.4069465 0.4849726 0.11313212 0.117158175 -0.09836371 -0.20857027 0.4738012 -0.019168537 0.746365 0.19113824 -0.030520143 0.21415903 -0.30568373 -0.07092226 -0.6079866 -0.5659155 -0.21654588 -0.06670755
61 0.43138874 0.032179713 0.3994122 -0.3004521 0.39265627 -0.6319935 -0.40122792 -0.6166455 0.38778487 -0.7451235 0.6324465 -0.67802036 0.60575265 -0.38277283 -0.67323285 -0.41429153 0.39118168 0.013935544 0.36891812 -0.06282333 0.50519055 0.50747395 0.54301775 0.53470856 -0.04928678 0.09743577 -0.51129854 -0.6963024 0.45297778 -0.17045791 -0.48248434 0.15843032
65 -0.3966476 -1.3811293 -0.08389547 -0.2326608 -0.31114823 0.16461907 -0.3400355 0.9176808 -0.34083742 0.23808095 -0.113850236 -0.8100797 1.306583 -0.11572808 0.63720864 0.7676238 0.92293304 0.14578286 -0.76205057 0.5961784 0.5448979 0.98768973 0.85139227 0.33143902 0.46719694 0.5813608 0.4423034 -0.7123942 -0.38920873 -0.3355117 -0.053751543 -0.4012971
73 0.5694823 -0.8960324 0.36168417 0.1456671 -0.017723516 -0.2466159 -0.2755113 0.25957128 -0.5335203 0.026220355 0.084589794 -0.72448015 -0.22484952 0.74442655 -0.14254116 -0.29141933 0.0024970733 0.08142162 -0.26963493 0.31261885 0.43788734 -0.5495769 0.5528614 0.5626384 0.35189843 0.07751892 -0.661275 -0.16255224 -0.6865565 -1.0901256 -0.27658367 0.21276376
75 0.82642287 0.11088087 0.57975626 -0.17059395 0.49114704 -0.5712903 -0.72172225 -0.48035717 -0.5691404 -0.15047945 0.6414095 -0.9063086 0.18115152 0.0019737417 -0.45898697 -0.30745164 0.49889606 0.0023486544 -0.14062166 -0.028968405 0.15939339 0.025276741 0.8405175 0.46448004 -0.06185038 0.21999708 -0.8712435 -0.31840792 -0.4448137 -1.0287201 -0.57281643 0.68498623
78 0.60878235 0.28497735 0.2848303 -0.26372287 0.3362268 -0.87062144 -0.37364322 -0.51413935 -0.17921786 -0.18271193 0.7385163 -0.84174144 0.09647404 -0.41528487 -0.44459888 -0.34771279 0.5893037 0.27531278 0.15465201 0.18132943 0.36364308 0.12635072 0.35709336 0.44176605 0.07014046 -0.10441839 -0.8033053 -0.46172324 -0.11512156 -1.0106602 -0.64911723 0.3054765
79 -0.011614679 -1.3978096 0.5021388 0.42493048 -0.48589435 -0.33715665 -0.1597787 0.74170464 -0.23021378 0.21987164 -0.05436526 -0.5991739 0.03543653 0.64618933 -0.2651792 0.28753537 0.37193322 0.06549681 -0.26375404 -0.16888264 0.4308638 -0.20699073 0.709896 0.18977204 0.2167224 -0.26674944 -0.46784854 -0.0071234237 -0.58524734 -0.8115146 -0.30753994 0.3378513
81 0.9066763 -0.33144245 0.508318 -0.18039325 0.12143428 -0.51562774 -0.6551381 -0.29894352 -0.5547257 -0.03568493 0.24588749 -0.70655364 0.0036796276 0.21947074 -0.13959327 -0.36690903 -0.0002460344 0.24941026 -0.45202717 0.23969054 0.26750883 -0.3066035 0.817685 0.50679797 0.31005508 0.30404678 -0.9592453 -0.22119556 -0.032197684 -1.1763561 -0.74131054 0.62117803
87 -0.3061082 -1.4786595 0.33777514 0.34515902 -0.32876682 -0.05726701 -0.10112277 0.94667596 -0.2651072 0.2904568 -0.056341417 -1.0036213 0.116728984 0.6024934 -0.4582276 0.5025094 0.16691402 -0.17001492 -0.051126465 -0.26824594 0.39830256 0.28668556 0.92473865 0.18687423 -0.05830389 0.5506335 -0.48109487 0.031913184 -0.8659781 -0.36947313 -0.080177054 -0.35713327
88 0.68735284 -0.670904 0.35032424 -0.39832845 -0.26101425 -0.5829073 -0.2822584 0.29138663 -0.92808676 -0.11399193 0.033850905 -0.62532055 -0.11715624 0.57042545 0.07691534 -0.38524553 -0.15491413 0.27091417 -0.4187166 0.3862443 0.17360996 -0.5484198 0.657445 0.5101375 0.5633228 0.35538685 -0.9365092 -0.24576218 -0.051797535 -1.2877692 -0.36072427 0.7743192
93 -0.3812755 -1.5597517 0.27703294 0.43404394 -0.19587547 0.00090976886 -0.1578557 0.7843935 -0.30200875 0.40626124 -0.18752976 -0.9636739 0.25373578 0.6692759 -0.39834845 0.5947641 0.42095548 -0.078510605 -0.14735286 -0.26751217 0.3178804 0.51465535 1.069738 0.002152193 -0.090157844 0.49358806 -0.42252055 0.20843756 -0.801375 -0.37684518 -0.3772101 -0.32174647
95 -0.13823561 0.2825847 0.6296161 0.054602776 0.43059355 -0.29950172 0.62274265 -0.28221473 0.8176119 -0.84206057 0.6986667 -0.15343891 0.6220666 0.08817805 -0.31568113 -0.26845816 -0.134382 -0.53112715 0.24724714 0.70162797 0.72531945 0.8213794 0.82307076 -0.012458093 -0.35050738 0.25885528 -0.20158024 -0.5229876 0.67630905 0.15987709 -0.45232278 0.17202112
99 0.70932627 -0.5583101 0.5152976 0.020635737 -0.013957824 -0.351935 -0.38610798 0.24850696 -0.83768266 -0.0025177978 0.21595922 -0.68125486 -0.21528755 0.60110193 -0.12457596 -0.1836775 -0.011430696 0.086638786 -0.4516181 0.2611441 0.15864359 -0.5476226 0.8568616 0.48667303 0.28693092 0.44072616 -0.87785715 -0.09684304 -0.536106 -1.2017053 -0.5191937 0.7222169
100 0.47260955 -1.067298 0.2876647 0.14120483 -0.122327946 -0.20559561 -0.19924605 0.19139464 -0.6922407 0.06395961 -0.058279656 -0.6566313 -0.25002977 0.81002146 -0.06663607 -0.27487454 -0.13282865 0.10122522 -0.53987956 0.41929054 0.3400132 -0.46976486 0.5565041 0.5270319 0.46719608 0.13015506 -0.7673697 -0.16881494 -0.53363246 -1.138242 -0.34551108 0.36609557
103 0.018414939 0.5402805 0.67063373 0.32765135 0.07661592 -0.34202167 0.9698428 -0.07402279 0.4331193 -0.64677346 0.51461583 0.0075300755 0.4142226 0.09015378 0.08091421 0.16510601 -0.37311068 -0.10638256 -0.028176848 1.2403959 0.55889636 1.0034486 0.7561981 0.010833546 -0.41994503 -0.018494725 -0.2007671 -0.30068463 0.59256023 0.032765973 -0.5311755 0.14460537
113 -0.68838686 -1.4447519 0.17387898 0.1434806 -0.38325134 -0.20971894 0.00085714995 0.9008432 -0.31143147 0.45819417 -0.16947152 -0.9923666 0.5099062 0.28947026 0.079429984 0.5703577 0.5190754 -0.03256411 -0.23139727 0.016482633 0.32756826 0.6920632 0.8132077 0.007733661 0.037961565 0.7546759 -0.15042153 0.15024422 -0.4974233 -0.26088244 -0.19710472 -0.47219115
2 -0.55184597 -1.4416057 0.3463715 0.26058382 -0.77360874 -0.36291176 0.28980452 1.0031345 -0.56521803 0.3639915 0.041668326 -0.83895534 -0.017407177 0.30488962 0.14303808 0.50456786 0.53845644 -0.07704355 -0.29938942 -0.0022631371 0.1874875 0.37889498 0.68063605 0.09126863 0.28755644 0.50123 -0.47522968 0.24944264 -0.6688076 -0.6497757 -0.1720403 0.003315867
18 0.664643 0.38622922 0.1991018 -0.27799866 0.2266206 -0.5638872 -0.6474651 -0.89374614 -0.24381006 -0.12607008 0.5991433 -0.98214716 0.1276326 -0.3006856 -0.8838131 -0.3234877 0.24711467 0.14723854 0.27943698 -0.016388446 0.039368402 0.51706696 0.68585026 0.49956173 -0.19283177 0.4059095 -1.0340303 -0.47510615 0.08685678 -0.58027405 -0.8664506 0.049190693
20 0.13990465 0.39627022 0.52233815 0.31928512 0.46078756 -0.19807464 1.0617797 -0.10866953 0.30486172 -1.0467807 0.5924748 -0.39465973 0.64381725 0.073880464 0.079744525 -0.08933912 -0.6362648 -0.30423087 0.20936924 1.2089105 0.5236567 1.0853082 0.7612056 0.2727797 -0.48901936 0.22737029 -0.022931676 -0.5402497 0.3967925 0.18383549 -0.31999126 -0.06311039
21 0.7874289 -0.39310086 0.5573123 0.08551757 0.294533 -0.4881807 -0.5568887 -0.17098169 -0.23104098 0.14929862 0.43412682 -0.93382585 -0.15830678 0.4958761 -0.24423897 -0.4528889 -0.06421576 0.19030201 -0.2682975 0.37939808 0.66492355 -0.63274187 0.75496215 0.5450458 0.27503958 0.011275876 -0.916603 -0.23319055 -0.43010762 -1.317733 -0.5248083 0.17750926
22 -0.26988038 -0.17921473 0.4944924 -0.22820224 0.23145749 -0.6375634 0.5295854 -0.6947765 0.7144102 -0.91657263 0.8580433 0.113870986 0.6759393 0.17886637 -0.28210205 -0.4091807 0.38114876 -0.8262451 0.35582614 0.6188913 0.8872015 0.5694828 0.48930097 -0.08473662 0.05108166 0.24409778 -0.36554942 -0.81734395 0.75195515 -0.0603701 -0.6423839 0.6199109
37 -0.6695051 -1.2165394 0.2624078 0.12134925 -0.6035497 -0.1904655 -0.059756037 0.9413394 -0.2890505 0.35588816 -0.1123917 -0.78576064 0.23325452 0.22848888 0.080723755 0.6590055 0.5410694 -0.033255704 -0.4207482 0.038745668 0.3233141 0.7274205 0.9809266 0.048179384 0.1431924 0.6360633 -0.390651 0.23817892 -0.7682451 -0.37392777 -0.18261068 -0.5056399
42 -0.51836073 -1.4698336 0.06753069 -0.20208244 -0.3725843 0.22780587 -0.27715048 0.74297047 0.08028046 0.20380034 0.0131961 -0.57397425 1.0810077 0.015797522 0.585047 0.815812 1.0371945 0.10327322 -0.755531 0.7272888 0.74664915 1.0566937 0.78107315 0.23823039 0.47242048 0.5658494 0.34301114 -0.69529736 -0.3483496 -0.28798693 -0.13785642 -0.680926
45 0.934921 -0.37215367 0.74391985 -0.05625462 0.14158815 -0.46235427 -0.6448791 -0.025295379 -0.49499944 -0.0060923765 0.36831623 -0.73630047 -0.140035 0.38687673 -0.15182815 -0.278019 0.03152252 0.33436257 -0.5230896 0.2297147 0.48835653 -0.5978245 0.8855783 0.63978785 0.28128433 0.13459547 -0.89383084 -0.21423438 -0.30566356 -1.3720784 -0.627373 0.6016402
53 0.7939895 -0.2562895 0.4233243 -0.27139235 0.13507783 -0.6874867 -0.42602244 0.122173965 -0.49248663 0.1881108 0.2931865 -0.8882754 -0.18046543 0.46426123 -0.0942949 -0.4097298 -0.012224143 0.34552166 -0.40890434 0.40566665 0.63493884 -0.74830484 0.6425565 0.5363317 0.352428 0.14133771 -0.91037214 -0.21725373 -0.3068005 -1.4893826 -0.37407064 0.2963704
68 -0.34886944 -1.5947113 0.28922704 0.3911159 -0.47024354 -0.21544895 0.06476647 0.99806094 -0.3503672 0.22327282 -0.091936454 -0.84509605 0.14978369 0.6198264 -0.29474795 0.44463414 0.27768227 -0.07430956 -0.12707019 -0.12816106 0.34557316 0.26499355 0.81147987 0.056439113 0.08377496 0.29697198 -0.4561376 0.0069851642 -0.69464594 -0.4492021 -0.17588173 0.0075650276
69 0.08071021 0.5029744 0.57347435 0.32478753 0.28515622 -0.29618168 1.0783668 0.19469415 0.32957312 -0.99705774 0.7452586 -0.38705668 0.705521 0.05333842 -0.07660097 -0.041429974 -0.5173973 -0.20243958 0.38459635 1.0476611 0.47905228 0.9578153 0.81381285 0.042382028 -0.5989776 0.3420825 -0.026533306 -0.5898029 0.5251472 0.099927604 -0.33835354 0.18186137
89 -0.58429235 -1.3786432 0.12201255 -0.031692304 -0.15893298 -0.22600374 -0.05580915 0.8622429 -0.21307877 0.37806308 -0.22066565 -0.94587135 0.4670811 0.27718827 0.023524377 0.6195186 0.44909486 0.09041235 -0.2665483 -0.09133972 0.3959927 0.65940917 0.94338685 0.124108575 0.14843148 0.63239753 -0.118457004 0.23618774 -0.47345462 -0.2906998 -0.16816352 -0.63222754
98 -0.10088293 -1.4637985 0.4669576 0.41190854 -0.78351706 -0.39811894 -0.06606648 0.8565497 -0.40479267 0.27698007 -0.03204308 -0.7350204 -0.18082757 0.6489596 -0.08975773 0.26261443 -0.010299264 0.233582 -0.2761685 -0.037806954 0.27077085 -0.15597457 0.653061 0.23064725 0.27866536 -0.033445373 -0.7234715 0.0033674645 -0.4077757 -0.7114097 -0.41468766 0.2741744
108 -0.43941075 -1.4219645 0.07060535 -0.30691838 -0.3575739 0.32610324 -0.3990333 0.5612073 -0.030862479 0.14759813 -0.028229896 -0.5517139 1.038609 -0.0576886 0.33605224 0.64180386 1.0498732 -0.06359239 -0.6276066 0.6215742 0.6575381 1.0522571 0.7737749 0.26827276 0.3693719 0.83036244 0.25089037 -0.7626177 -0.43098736 -0.13096367 -0.18111262 -0.7263373
109 0.354694 0.16242921 -0.067606755 -0.5982547 0.3055819 -0.74763596 -0.23218694 -0.7435206 -0.400173 -0.15984927 0.889418 -0.6625651 0.13314049 -0.39027542 -0.63925475 -0.4538809 0.6572034 -0.15994616 0.39110458 0.022014178 0.09634412 0.42421758 0.43312967 0.5031263 0.17395736 0.40663698 -0.87874305 -0.42515713 0.018360255 -0.80671525 -0.8334895 0.5796217
15 -0.042496935 0.61566645 0.41950944 0.24995412 0.19756585 -0.26209795 1.1783488 -0.01905242 0.28398663 -0.7212701 0.5173813 -0.008546369 0.5088561 -0.04016977 0.1380092 0.35100093 -0.5837394 0.031361807 -0.097640224 1.160542 0.42494428 1.1585783 0.99525505 0.009859406 -0.42943355 -0.04621181 -0.15193465 -0.30095682 0.5604103 -0.053763438 -0.4912269 0.16841178
36 -0.66723937 -1.2208157 0.15819326 0.016042868 -0.21359193 0.008944355 -0.14550713 0.828094 -0.15309641 0.3328422 -0.11579906 -0.81162065 0.5464107 0.28619465 0.09483948 0.65105665 0.60995346 -0.13158481 -0.47527814 -0.03189894 0.44050318 0.7258634 1.0210911 0.18697129 0.070244715 0.59219676 -0.0666893 0.050177697 -0.7916039 -0.31951153 -0.10384548 -0.62115836
40 -0.42386234 -1.4163499 0.35205722 0.47248068 -0.6316142 -0.18005073 0.19305545 0.9229257 -0.4166269 0.2233545 0.025602158 -0.65616304 -0.0052327276 0.4992702 -0.13632396 0.48570755 0.45546162 -0.15181673 -0.3160738 -0.0672205 0.17900532 0.369913 0.7658813 -0.02937465 0.08620245 0.24363653 -0.473123 0.16542956 -0.7821029 -0.5512052 -0.23589201 0.12738499
62 0.543183 0.45298618 0.03833504 -0.65882623 0.46821412 -0.86197835 -0.5670096 -0.61930805 -0.120946266 -0.3694974 0.6240373 -1.0017056 0.5526352 -0.46631217 -0.7245203 -0.31646964 0.56955355 0.024912098 0.44659016 -0.006235626 0.0023821013 0.49964517 0.8054421 0.49151558 0.048953433 -0.07052446 -0.71475625 -0.5025733 -0.09484713 -0.7608078 -0.62778723 0.11698043
72 -0.70946324 -1.3743564 0.40518203 0.20845483 -0.5063351 -0.3313467 -0.029713396 0.88924974 -0.28719732 0.4778655 -0.19917795 -0.90649974 0.1821501 0.2712457 0.3031953 0.63414484 0.5523307 -0.07353285 -0.4935247 0.013818845 0.29719767 0.69252723 0.9432888 0.037062503 0.1302951 0.5109238 -0.41230464 0.45864367 -0.63629836 -0.4505056 -0.23373649 -0.4283036
102 -0.6270668 -1.1751304 0.16189918 -0.08998239 -0.47205156 -0.25248384 -0.11913658 0.89048105 -0.14065544 0.37209725 -0.012123309 -0.7327023 0.71332216 0.008268492 0.5135473 0.68762255 0.80657405 0.07014756 -0.5158681 0.4745176 0.5563658 0.80756634 0.5821986 -0.094365574 0.30259094 0.5732322 -0.025545286 -0.12311019 -0.44049454 -0.32650247 -0.08055883 -0.6564155
104 -0.7130952 -1.4585415 0.46686426 0.29009375 -0.63806254 -0.4932675 0.06586536 1.0948212 -0.22603096 0.3799126 -0.06462018 -0.88786757 0.27241465 0.2514217 0.18300788 0.70711833 0.6983886 0.062922865 -0.40369192 -0.06962203 0.40113595 0.52247834 0.8321156 0.101549454 0.11644746 0.31520262 -0.26209056 0.2778111 -0.69661427 -0.49961242 -0.1257984 -0.23261735
4 0.059822187 0.7277245 -0.37860596 -0.1840885 -0.028235894 -0.16902839 1.613201 0.1342134 -0.0095344875 0.009364832 0.046712864 -0.117138274 0.0646901 0.1365152 -0.11580351 0.5564347 -0.6573353 0.32881013 -0.6071023 0.9104709 0.37102154 1.4530531 0.89354455 -0.049211588 -0.35636616 -0.2953833 -0.38546434 -0.015671495 0.92259157 -0.40805364 -0.74173635 0.07508955
6 0.11775601 0.028697604 0.032889664 -0.6384329 0.5275299 -0.8886618 -0.101397514 -0.6969748 -0.29801896 -0.375463 0.9552394 -0.91894186 0.09248206 -0.49580035 -0.43238947 -0.73175025 0.4229224 -0.27158207 0.53819346 0.007266888 -0.010027233 0.40046263 0.7100415 0.40442353 0.27356946 0.5210912 -1.0009438 -0.077412024 5.5648707e-07 -0.7756277 -0.78890675 0.5637753
5 0.32492277 0.31704015 0.13879217 -0.6539168 0.3712866 -0.49658376 2.4748993 0.05015021 -0.752266 0.39345008 -0.1390629 -0.15582813 -0.35277277 0.74581146 -0.185157 1.2082726 0.16211683 0.14162683 -0.9067684 0.025087126 1.0676464 0.94436353 0.1756304 0.9203082 -0.37630224 0.71504927 0.12841843 0.30611765 1.0809121 -0.7071174 -0.459259 0.23147683
23 -0.20604956 -1.6583202 0.046447743 0.25491846 -0.21470627 0.014170174 -0.17980981 0.57091117 -0.3013592 0.3071437 -0.3062169 -0.8337242 0.14696702 0.8619391 -0.5458727 0.39047104 0.32151404 -0.1618025 -0.2595645 -0.3931814 0.2908556 0.37013975 0.9583613 -0.004419724 0.05360687 0.4247421 -0.56277066 0.045846015 -0.55796397 -0.31104347 -0.45112336 -0.19270279
57 0.8471646 -0.5011646 0.29472288 -0.43432504 -0.07600144 -0.52682257 -0.46654597 0.19949934 -0.836725 -0.2660838 0.1098394 -0.68917984 0.003966922 0.41632083 -0.022491409 -0.43973783 -0.09548126 0.3538393 -0.53693044 0.42589375 0.23958308 -0.4886049 0.80417323 0.6091851 0.5143502 0.12130106 -0.85536146 -0.49819025 -0.16683099 -1.4223794 -0.45499933 0.78288853
16 -0.1851656 -0.079045795 0.66021585 -0.13997601 0.34708294 -0.5671437 0.2138564 -0.4575461 0.8664188 -0.8794303 0.8899539 -0.20195258 0.6308987 -0.18441269 -0.394864 -0.41358596 0.21316314 -0.5368615 0.32785052 0.3410356 0.8538691 0.53478414 0.67548215 0.17964928 -0.027231338 0.20582946 -0.3067231 -0.6815356 0.62723315 -0.02758976 -0.59413886 0.37634453
39 0.026730688 -0.004418804 0.7034255 -0.34082317 0.22410603 -1.0736394 0.054951787 -0.37179798 0.92199546 -0.7254798 1.0115381 -0.37812203 0.69413453 -0.22664614 -0.5838775 -0.21620825 0.5276646 -0.25636628 0.46924287 0.07462138 0.89496577 0.47741565 0.4164985 0.13853583 -0.0640132 -0.0979492 -0.5067264 -0.6926485 0.7625426 -0.13280153 -0.6394141 0.4376504
71 0.77683514 -0.24385369 0.46649653 -0.4177451 0.057800006 -0.8766657 -0.41278973 -0.19805048 -0.8916392 -0.4073784 0.5014388 -0.7112844 0.06949939 0.12248188 -0.15979601 -0.47196674 0.29472828 0.15315211 0.0400507 0.35028148 0.08678936 -0.13755263 0.49825197 0.6214267 0.40302518 0.37045988 -0.99101144 -0.4617503 -0.17796254 -1.1464634 -0.4414328 0.8689032
106 0.093420595 0.54654294 0.4572404 0.24686688 0.03007919 -0.3876693 1.2270039 0.07580582 0.24596888 -0.6169552 0.5491206 -0.021052178 0.4123266 -0.12576517 0.08257166 0.27848557 -0.48547432 0.26409447 0.042020366 1.2363586 0.42709234 1.1999786 0.7527904 0.044337507 -0.3772381 -0.08158963 -0.16992359 -0.3050238 0.7269685 -0.032658633 -0.50786275 0.23412429
58 0.08249125 0.17769594 0.87504095 -0.28884766 0.5532455 -0.8005841 0.11880673 -0.5892192 0.87669355 -1.0009017 1.1263896 -0.42184067 0.38413653 -0.39794412 -0.8132963 -0.32946455 0.5055449 -0.25818515 0.5721611 -0.16191477 0.8733715 0.5244972 0.8683854 0.4095373 -0.14488173 0.08535243 -0.50286645 -0.6221652 0.67455035 -0.28767878 -0.7552286 0.45821917
90 0.14084642 0.50761926 0.5806844 0.3789751 0.36185727 -0.1295431 1.0262321 -0.19992253 0.36596707 -0.7847461 0.6289154 -0.25059527 0.64280117 0.11061798 0.038441874 -0.019030672 -0.48578873 -0.30604553 0.07674887 1.2301577 0.47723463 0.9898843 0.7761259 0.100461096 -0.5616403 0.37977877 -0.12322965 -0.49550822 0.5167709 0.12354183 -0.42831448 0.1172625
91 0.2623897 0.7959642 -0.29130292 -0.24877048 0.12786707 -0.31204757 1.9174263 0.2306418 -0.060630854 -0.18887278 -0.021005316 -0.16239992 -0.14555526 0.41164437 -0.22931959 0.6518311 -0.353623 0.15895768 -0.4583312 0.82570314 0.5755799 1.1816746 0.63237405 0.16426535 -0.4372079 -0.36778015 -0.19163105 0.007366712 0.5038208 -0.43174207 -0.38890427 -0.22148348
96 -0.41594112 0.011488255 0.41493028 -0.27070427 0.55874616 -0.617919 0.5094923 -0.64796096 1.004959 -0.79056096 0.6898898 -0.19697838 0.7231958 0.32185623 -0.30149716 -0.62877464 0.10799076 -1.09911 0.13124257 0.61480486 0.9013564 0.4250225 0.773326 -0.07782233 -0.073107235 0.17842439 -0.34619763 -0.4396224 0.6486335 -0.04035889 -0.4531454 0.10134935
11 -0.043321807 -0.048301358 0.06477273 -0.911398 0.185109 -1.0794157 0.32052833 -0.5179357 0.05711711 -0.72332364 0.9300083 -0.6265229 0.16409318 -0.46289018 -0.573482 -0.6262421 0.52852505 -0.22917862 0.7827037 0.023401512 0.19897214 0.44847864 0.46758685 0.6691033 0.37202471 0.3485095 -0.6983047 -0.45992678 0.46727914 -0.65932554 -0.68833727 0.44086936
13 0.113267586 0.5380973 0.31945726 0.28772047 0.2668808 -0.15125579 1.2582921 0.06021162 0.39944687 -0.63765806 0.51948494 -0.24970084 0.47447982 0.0102682635 0.07305528 0.019587887 -0.6003187 -0.14331202 -0.21330857 1.1543732 0.4916624 1.0932909 0.79081255 0.029221093 -0.41302025 0.035108436 -0.16215497 -0.44817233 0.7426403 -0.005276571 -0.5667318 0.27291164
27 0.66902703 0.9227372 -0.52156705 -0.4619876 -0.2689106 -0.02114738 1.6051015 0.063630566 -0.20046332 0.67826945 -0.2356687 -0.29442748 -0.100494556 0.9204416 -1.0410597 1.2094765 -0.6298243 0.11693262 -0.54515123 0.2753768 0.68766713 1.0845457 0.789064 0.35121745 -0.74697095 0.14972907 -0.4587174 -0.3813295 0.87936336 -0.41302454 -0.8101672 -0.4330216
31 0.21344179 1.0981958 -0.037277818 -0.055154644 0.015086558 -0.24055713 1.6062082 0.44237348 0.31435347 -0.072453834 0.37155995 -0.14917287 0.18277358 0.07450808 -0.19956206 0.5813679 -0.59666497 0.2592287 -0.5580501 1.140321 0.47248322 1.1692137 0.82725817 -0.02836022 -0.5697613 -0.36322016 -0.3485471 -0.29409248 0.66375035 -0.44004822 -0.5893727 0.09122387
44 0.03058642 0.5143494 0.58407813 0.1633802 0.2675853 -0.17062603 1.0385904 -0.16943571 0.4315443 -0.88242155 0.6479299 -0.114294 0.6416863 0.10477891 0.06970293 0.10778022 -0.5318626 -0.26333556 0.09412144 1.1848439 0.5602596 1.1144624 0.94236636 0.19831048 -0.48729002 0.33266613 -0.09424064 -0.5098609 0.6433019 0.15726607 -0.49377534 0.052020594
49 0.73159105 -0.2669109 0.42101586 -0.12708017 0.0203309 -0.42178068 -0.7470041 -0.26337403 -0.24604692 0.28893888 0.4500865 -0.82687855 -0.07871081 0.16902363 -0.23744968 -0.4521513 -0.10175857 0.27307156 -0.3966797 0.49576235 0.43057594 -0.42942673 0.754489 0.5937873 0.32324338 0.2917692 -1.0072068 -0.29767638 -0.1630646 -1.1910343 -0.6904107 0.107558124
51 -0.050086617 -0.006160151 0.5460358 -0.2816791 0.4804408 -0.8864235 0.29569805 -0.3577311 1.0150001 -0.806281 0.8556102 -0.40998718 0.7136786 0.1804555 -0.5429075 -0.45149878 0.3248134 -0.6830109 0.48453552 0.19724335 1.0480796 0.28536722 0.64470863 -0.11561171 -0.07194708 0.020261923 -0.45446634 -0.67324525 0.8376253 -0.11279433 -0.52242434 0.38089505
59 0.22368906 0.67956597 -0.050005592 -0.0037717905 -0.0398457 -0.18474531 1.3530855 0.23318468 0.24581592 -0.26251462 0.124171555 -0.08084616 0.19068958 0.21061328 -0.17967723 0.5209585 -0.4952895 0.14459732 -0.42240843 0.8836704 0.43952635 1.1438578 0.7549946 0.025244199 -0.44732013 -0.43253538 -0.17583863 -0.2497748 0.6255694 -0.20281921 -0.47416613 -0.033700418
66 0.26708335 0.029069236 -0.05406782 -0.68724126 0.41174218 -0.6413349 -0.10733404 -0.7127633 -0.1824797 -0.31145427 1.0125965 -0.5715038 -0.020493006 -0.33525106 -0.771934 -0.6319448 0.593686 -0.3822488 0.35944885 0.0845054 0.17154469 0.3060197 0.6690518 0.7003025 0.37242782 0.17290474 -0.95836926 -0.451141 -0.14517348 -1.0038913 -0.91167414 0.50790715
82 -0.2188989 0.4026578 0.61072314 0.28335536 0.35261837 -0.31059766 0.8554826 -0.08541724 0.5040163 -0.84372544 0.7364104 -0.2563219 0.7326529 -0.008588227 0.06144507 -0.12424067 -0.42057627 -0.36918524 0.21434413 0.91634905 0.5053503 0.85128826 0.8745862 -0.049656015 -0.4200846 0.38197824 -0.11536091 -0.4775333 0.61971074 0.07520051 -0.38455856 0.22069106
85 0.9773934 -0.12845404 0.37393886 -0.18946345 0.12485068 -0.43312678 -0.7607434 -0.31558865 -0.6635852 0.078975484 0.33086473 -0.78034437 0.17591432 0.061447408 -0.25840387 -0.42830324 0.073915035 0.30848998 -0.39195853 0.3327451 0.047029793 -0.17514214 0.8811453 0.40905726 0.21900772 0.45005587 -1.0886784 -0.3742057 0.020395359 -1.1163089 -0.76607233 0.69524807
97 0.034346398 0.26738116 0.5516903 0.08690884 0.24573827 -0.33532864 0.8718799 -0.0116893435 0.4625935 -0.9729448 0.5562712 -0.2912013 0.6571323 0.065761164 0.07520692 -0.10910754 -0.37716576 -0.27792436 0.26830053 0.94194967 0.5572506 0.8934672 0.66699797 0.17473502 -0.32726586 0.24095654 0.030170418 -0.58833903 0.67560196 0.18475544 -0.33991286 0.074832566
10 0.4838203 0.46503368 -0.6329263 -0.2093753 0.6038221 -0.18411893 2.3123116 -0.2669338 -0.1657132 -0.030656213 -0.5225705 -0.3950422 -0.20977242 1.0756178 -0.6321088 0.6313877 -0.037564095 -0.49017027 -0.9342992 0.5278576 1.039062 1.3134767 0.671092 -0.14000827 -0.55426306 -0.722335 -0.3414976 -0.08462905 0.26518312 -0.5988284 -0.62096083 -0.12540399
55 -0.37595156 -1.4901558 0.18001653 0.39370358 -0.16073039 -0.07770664 0.03080125 1.1380714 -0.24221875 0.118613794 -0.017461477 -0.8776924 0.2347987 0.61137 -0.44591638 0.4784398 0.36130902 -0.1275674 -0.006248181 -0.24692127 0.340297 0.26994592 0.9278837 0.08892924 -0.08518198 0.22427605 -0.22494873 -0.027217703 -0.9701453 -0.5141642 -0.21587858 -0.16461848
41 0.70585436 -0.6762079 0.4103302 0.19342403 0.053996895 -0.2217494 -0.51997864 0.11516246 -0.37762055 0.1437189 0.19875881 -0.8473276 -0.18887888 0.46638516 -0.08466631 -0.3630838 -0.049803864 0.24743792 -0.42756262 0.4103153 0.44103137 -0.46958682 0.71439385 0.43228427 0.36699378 -0.09121056 -0.8977843 -0.21350142 -0.51815015 -1.2372085 -0.4459836 0.27922776
46 0.45761058 0.43553823 -0.36492488 0.002203707 0.8957258 -0.26709753 2.0634973 -0.07879664 0.18642934 -0.09236201 -0.33491802 -0.6735966 0.03494995 0.90831953 -0.39546737 0.3930645 -0.23982725 -0.46846253 -0.8268054 0.5181477 1.1941702 1.1695666 0.49296653 -0.12203798 -0.6027905 -0.702197 -0.11219563 -0.101101644 0.48378056 -0.33675098 -0.36101964 -0.15286647
70 0.5697062 0.20633574 -0.18499099 -0.34732318 0.30478656 -0.33584902 2.1555789 -0.050794523 -0.15752622 -0.05764269 -0.33481422 -0.56222105 -0.28624308 0.8279861 -0.23741654 0.4926311 -0.29986504 -0.03325457 -0.46736804 0.66498965 0.96462727 1.1161531 0.16231918 0.5101247 -0.2856267 0.18291362 -0.02996231 -0.050689295 1.012484 -0.14387722 -0.32369035 -0.3540366
14 -0.17443487 0.10658829 0.13130291 -0.7726718 0.05004642 -0.74398744 0.15755479 -0.250912 0.4884467 -0.54312 1.007104 -0.36557716 0.2845168 -0.31819323 -0.7940053 -0.42132223 0.16698627 -0.29504633 0.71592337 0.059734616 0.32305673 0.42498052 0.6666122 0.65777993 0.31076247 0.22362989 -0.6516554 -0.55613196 0.6732849 -0.43929178 -0.8306171 0.34182748
60 -0.23436648 -0.08300871 0.03250209 -0.9254987 0.12013593 -0.95783323 0.21176526 -0.44680786 0.2976482 -0.675256 0.96447736 -0.5919128 0.09898321 -0.6377142 -0.5920812 -0.6692262 0.2003438 -0.064118914 0.7470114 -0.07246504 0.2803423 0.5153498 0.715462 0.6859763 0.46296033 0.18525173 -0.6591398 -0.43368942 0.77032244 -0.644093 -0.83400434 0.33546445
47 -0.021226386 0.6302735 0.46051523 0.30434272 0.11440954 -0.2543645 1.1884443 0.10646456 0.430603 -0.6924804 0.67668396 -0.1902803 0.6144142 -0.07547245 0.124914296 0.073125236 -0.49259713 -0.14172617 -0.056689408 1.3861538 0.52010155 1.2362356 0.86233884 -0.1501003 -0.50787944 0.32668114 -0.24595478 -0.5172221 0.75195086 0.046315067 -0.5987315 0.27759454
17 0.4439686 0.50744563 0.20464222 -0.41061613 0.37225753 -0.6258807 2.250379 0.38604152 -0.09484116 -0.085811794 -0.026186882 -0.30419362 -0.18302102 0.7054877 -0.13921061 0.7428224 0.023157714 0.08419527 -0.72338945 0.45209843 1.1198983 0.86021674 0.0460095 0.6964179 -0.3443615 -0.1681431 0.29829562 0.036186572 0.77807164 -0.5824962 -0.16691206 -0.10880117
26 0.8069275 -0.20963351 0.35519087 -0.49843982 0.037559997 -0.8156587 -0.41205105 0.33668312 -0.9614824 -0.3038812 0.26013592 -0.72969913 -0.12094406 0.25445184 -0.058329258 -0.3749939 0.19154114 0.23079938 -0.46790975 0.5281606 0.16619174 -0.58989185 0.8351577 0.636065 0.4814046 0.14350927 -0.9032446 -0.3333046 -0.50065565 -1.5823374 -0.52129155 0.8186599
112 0.3944883 0.20788567 0.11890819 -0.48352283 0.30888695 -0.81759274 -0.22327912 -0.40875092 -0.27258804 -0.2178989 0.8747534 -0.6572782 0.13057971 -0.4345108 -0.5039745 -0.46029037 0.4738305 0.03549105 0.409998 0.15862255 0.20245092 0.1341807 0.5034646 0.5551172 0.19802403 0.2817645 -0.78828126 -0.42499033 0.13025104 -0.8860317 -0.70477957 0.63636345
24 0.5519761 0.4433155 0.41816762 -0.50016403 0.31276885 -0.123010226 2.1553187 -0.07070331 -0.54685307 0.13111368 -0.06303523 0.1880309 -0.28535318 0.8921305 -0.48821157 1.3174993 0.12939285 0.092268065 -0.9416517 0.14386488 1.0596216 0.87611216 0.4336841 1.1306787 -0.5616188 0.5542767 0.25685295 0.02604918 0.7724806 -0.62263346 -0.4707006 0.058122545
94 0.013149093 0.3277517 0.13063693 -1.0612738 0.097558565 -1.0683649 0.19049712 -0.18914837 0.38616884 -0.74624383 1.0615039 -0.7274209 0.21361785 -0.57061815 -0.8015286 -0.39510724 0.40842357 -0.10970544 0.93684363 -0.09649561 0.41119015 0.38290483 0.62158644 0.7339096 0.24764886 0.08235289 -0.54237586 -0.67488563 0.35695547 -0.65007126 -0.5770368 0.022241784
28 0.3348731 0.48083037 0.039377157 -0.57674223 0.46894103 -0.35283715 2.2460318 0.00476863 -0.4621579 0.1326763 -0.008237549 -0.08971986 -0.22205107 0.6671303 -0.39415586 1.1058751 0.2913218 0.013378798 -0.7986014 0.1887148 0.9368503 0.98603374 0.2931095 0.8311036 -0.47509435 0.26942065 0.16994593 0.17731634 0.7000403 -0.6062817 -0.39079496 0.044199012
50 0.05650435 0.5809489 0.62806743 0.30621418 0.31452286 -0.14174254 1.1320182 -0.048052996 0.3752089 -0.73529804 0.58365625 -0.13355127 0.50258076 0.02581941 0.14940144 0.07089288 -0.6413452 -0.124093585 -0.11501078 1.1880326 0.4969856 1.1279247 0.94741005 0.045653082 -0.5028376 0.18359222 -0.18801977 -0.33397707 0.73067635 0.030520746 -0.54119974 0.2504217
80 0.7611871 1.2936957 -0.46810052 -0.5532133 -0.0643985 -0.3002701 1.6255924 0.4373643 -0.2641738 0.38506287 -0.10889646 -0.26262584 0.0051013352 0.8129913 -0.9420786 1.4316784 -0.26757446 0.24681176 -0.5018942 0.36030254 0.8063837 0.94678503 0.8764181 0.24242929 -0.89783204 -0.27791843 -0.29666594 -0.35453752 0.30722946 -0.6615109 -0.5032537 -0.5540028
107 0.3030187 0.49833107 -0.48811865 -0.25828847 0.78084123 -0.2226523 2.1982856 -0.18446384 0.07057518 0.16407678 -0.43210348 -0.5349261 -0.1518499 1.1590531 -0.61124915 0.5754921 -0.15522239 -0.54884213 -1.02414 0.3201601 0.9585249 1.0875059 0.79204327 -0.008857653 -0.57096016 -0.6061802 -0.30176488 0.18978757 0.3539254 -0.6228265 -0.48115548 -0.20574452
86 0.24360149 0.19532521 -0.066630505 0.23382403 0.4336185 -0.42946196 1.8167566 -0.0526291 0.06841616 -0.54942834 0.022236576 -0.3556784 -0.038545635 0.43072945 0.0011135385 -0.0114307115 -0.15401003 -0.31367546 -0.37435004 0.93557495 0.5033112 0.9342709 0.16706838 0.03796124 -0.17444268 -0.58042955 -0.12127985 -0.09980585 0.25429592 -0.25293094 -0.32801414 0.12528634
63 0.47269762 0.35651073 0.4734491 -0.53712106 0.22273202 -0.36084655 2.2259073 0.047097795 -0.5312371 0.2012064 -0.15970038 -0.07746885 -0.4135116 0.8123404 -0.28801933 1.1718763 -0.121161684 0.21749735 -0.8347378 0.15637594 1.1563766 0.8320433 0.31203926 1.0813314 -0.46579528 0.6674896 0.15956847 0.24463093 1.0164251 -0.5826821 -0.46513632 -0.0042118453
