1 -0.15771465 0.2493483 0.17847429 0.3535974 -1.309084 -0.043771885 0.9650667 0.5908353 -0.49539608 -0.14259481 0.867859 -0.15313008 -0.30242103 -0.8644637 -0.59631604 -0.23369476 -0.33729762 0.2916288 0.29808402 0.25865957 0.631854 0.5919337 1.119322 0.25133047 0.27475378 0.5785649 -0.26120737 0.32412264 0.116733596 -0.23432091 -0.7032428 0.6884068
3 -0.1774009 0.016809428 0.11479349 0.2617053 -1.5212142 -0.028165603 0.936159 0.45164678 -0.5920221 -0.066950575 0.8473639 -0.085424416 -0.2797994 -0.7580571 -0.69623727 -0.3432104 -0.21311456 0.46408918 0.1665432 0.13791767 0.61506504 0.63223124 1.2790612 0.29575068 0.22601908 0.52936155 -0.3100923 0.2686713 0.037505925 -0.31376556 -0.75115407 0.4319485
8 -0.19407988 -0.30185607 0.20142673 0.5383761 -1.4634511 -0.42771223 0.61565715 0.17057021 -0.43695557 -0.3191242 0.7299321 0.303297 -0.4520855 -0.8112619 -0.64867544 -0.26724592 0.15861274 0.25834513 0.06708684 0.073737696 0.74255264 0.9459504 0.8051055 -0.015256787 -0.061784737 0.23026389 -0.21947233 -0.07626098 0.342284 -0.7124967 -0.9267255 0.9584743
12 -0.41060582 -0.16544798 0.0074447826 0.5925551 -1.3763463 -0.13952829 0.9191516 0.36372584 -0.12637237 -0.25163388 0.59974915 0.088897444 -0.53311604 -0.72420514 -0.7069354 -0.30417508 0.14612237 0.23506165 -0.061581165 0.15066415 0.693875 0.86583835 0.77432954 0.08654168 0.1279801 0.124987125 -0.3406583 -0.16337663 0.4825592 -0.5815628 -0.6700892 0.999347
19 -0.042033236 -0.86465883 -0.22824255 0.1897004 0.7959335 -0.4596267 1.0723051 -0.083413295 -0.54185283 0.77201945 -0.197892 -0.3804883 0.26883236 0.8761353 0.614126 0.6598954 0.050688826 0.056009237 0.08682275 0.8108349 -0.06717437 0.29204264 0.20153444 0.23537737 0.20515834 -0.013004032 -0.9374184 0.5990543 0.21016051 -0.36781907 -0.020560376 0.19533242
29 -0.01456279 -0.6600835 -0.3943528 -0.20225503 0.9031876 -0.22460718 1.0005747 -0.07343179 -0.44212455 0.49150383 0.13734476 -0.025129836 -0.049673412 0.9926082 0.4935727 0.81735206 0.0055059055 0.056863986 0.14600381 0.75334555 0.4104456 0.14955099 0.2594444 0.0864254 0.6159635 0.27341226 -0.6644386 0.42998856 0.37794575 -0.5755367 -0.09402641 0.118127696
30 -0.6038199 -0.5879433 -0.28881648 0.6775124 -1.60962 -0.16629148 1.6225898 0.10105194 -0.21906915 -0.1646043 0.5640174 0.3486794 -0.70327914 -0.7333651 -0.54996645 -0.08416905 0.43431243 0.11848407 -0.19504814 -0.08544405 0.12643641 0.6068403 0.86549765 0.46916872 0.43698174 -0.368131 -0.8144783 -0.5408842 0.51115847 -0.79497105 -0.31344965 0.5093847
33 -0.67735475 -0.60806584 -0.31489208 0.78521705 -1.505061 -0.08699636 1.2151362 0.48927048 -0.5133885 -0.2656671 0.17070743 0.6007644 -0.4612968 -1.0572684 -0.47727835 -0.12754054 0.5632881 -0.3074262 -0.38217574 0.27096662 0.11899815 0.37027243 1.0213368 0.545855 0.32457834 -0.25637388 -0.89707345 -0.7403349 0.230413 -0.8380239 -0.45115232 0.5262713
34 0.45503423 -0.172838 -0.011000779 -0.97645396 0.38821334 0.53873485 0.5973062 0.63646317 0.063862674 0.027165152 0.18813756 -0.1442744 -0.32898855 0.39655745 0.14385714 0.2969548 -0.1311674 0.63264596 -0.41191393 0.6374534 0.98646146 0.012570113 0.51822627 0.6797412 0.33594352 0.5524066 -0.67174643 0.17244665 0.7520805 -0.9307393 -0.47699544 0.008739797
35 0.4207648 -0.35648566 0.037290286 -0.85210556 0.4205027 0.37226868 0.37828732 0.6196704 0.15693514 -0.17261054 -0.083168596 -0.11070337 -0.69562095 0.7036064 0.096843705 0.062789366 0.014782525 0.39961997 -0.48426983 0.56466514 1.0169661 -0.10617012 0.41413486 0.51747274 0.13753356 0.55520576 -0.9013162 0.13701175 0.93339556 -1.3095627 -0.6609346 0.1909909
38 -0.43946975 -0.35151014 0.08188782 0.70043266 -1.6906612 -0.03657465 1.0355648 0.117310196 -0.2812789 -0.35720634 0.71105814 0.24676166 -0.6365214 -0.7459814 -0.70564234 -0.33842114 0.37118682 0.1793997 -0.2342568 0.025619792 0.503157 0.92317545 0.7571454 0.2176562 0.13662492 -0.21782766 -0.40674958 -0.51441026 0.5574324 -0.8224236 -0.73610616 0.7057702
43 0.66569895 -0.14086583 0.43650037 -0.7490774 0.03209333 0.55842566 0.57410234 0.88070273 0.096603036 -0.21141316 -0.011549442 -0.31002662 -0.24395669 -0.32067272 0.32633457 0.2512596 -0.2858771 0.47793216 -0.471051 0.5312221 0.8711129 0.3206469 0.2164625 0.6325647 -0.2536293 0.4133674 -0.91108656 0.41900873 0.55152947 -0.91771823 -0.717859 0.032482333
48 -0.50187474 -0.4874805 -0.08181856 0.6759728 -1.7388494 0.02881509 1.2695267 0.18313678 -0.3737895 -0.28570172 0.49755722 0.3841042 -0.6219916 -0.8933957 -0.60057706 -0.24825075 0.35974112 0.19649261 -0.28725484 -0.05561771 0.41144046 0.7410316 1.0695101 0.48562297 0.30845279 -0.15717116 -0.7238823 -0.49153066 0.4093827 -0.85972905 -0.6885389 0.38834968
54 -0.1741504 -0.91379553 0.7612449 0.14697945 0.5675332 -0.62421787 0.59233737 0.37779018 -0.42504534 -0.047749095 0.027227119 -1.0279949 1.1710546 -0.22571056 0.26753742 0.13226461 0.2659953 -0.34352323 -0.045712516 1.1001687 -0.17720056 0.568576 0.7958177 -0.23364905 -0.076047055 -0.2935669 -0.2695751 -0.47858104 -0.25961924 -0.073918894 0.28292 0.23004855
56 0.5292983 0.36780748 0.54640836 0.14500393 -0.70411915 -0.016548658 0.5242178 0.7069388 -0.17693353 -0.30517548 0.4823979 -0.22793074 -0.20970935 -0.7361357 -0.19076134 0.11566733 -0.511301 0.33412853 -0.14705962 0.28130284 0.8156121 0.7650902 0.42260867 -0.051100157 -0.23719013 0.5158963 -0.39821157 0.6699521 0.0812944 -0.48159602 -1.0495615 0.715497
61 0.11406553 -0.9150274 -0.63173157 0.081258774 0.73567533 -0.38216993 1.3125247 -0.34387442 -0.72272354 0.4406221 -0.10704899 -0.31337637 -0.2110775 1.1996509 0.47967255 0.831484 0.10063485 -0.13398872 0.096846096 0.9106189 0.30895075 0.24328332 0.17317355 0.08134233 0.82425 -0.027191287 -0.9953201 0.2517972 0.18753733 -0.33032063 -0.024109792 0.08183045
65 -0.6102426 -0.32060805 -0.0094924485 0.51115584 -1.6435636 0.13507916 1.1526951 0.4251593 -0.41891593 -0.3214038 0.6662203 0.30210122 -0.5914574 -0.7795735 -0.60812104 -0.3255497 0.37186477 0.12215949 -0.21169859 0.04652467 0.5201007 0.585228 1.0455248 0.38664505 0.52542984 -0.06009977 -0.29609126 -0.37048617 0.406552 -0.6452671 -0.5184204 0.45448998
75 0.43287975 -0.39720076 -0.15795743 -0.98868716 0.765442 0.09114086 0.85943305 -0.027097462 0.19082876 0.12786035 0.47296482 0.10456296 -0.31850028 0.66748816 0.21536165 0.7410625 -0.08702888 0.74620295 -0.11255168 0.45660323 0.88538015 0.2123491 0.44672638 0.216655 0.69536966 0.5404557 -0.5388722 0.004740097 0.78677875 -0.88677543 -0.2518653 0.041496515
78 0.22730713 -0.69212544 -0.27209446 -0.47606954 0.6973127 -0.30940396 0.16257665 0.2048167 0.005349667 -0.01886982 0.15616763 0.14418033 -0.8285809 1.139039 0.21761532 0.14555907 0.23809136 0.0015256244 -0.045759045 0.5084097 0.85409206 -0.35403278 0.56219065 0.24228023 0.13530053 0.7625136 -0.66124034 0.33586928 0.76422215 -1.2623869 -0.5855346 0.34587032
79 0.30435228 -0.061391074 0.12982282 -0.19095248 -0.31079933 0.63949674 0.3048556 1.0639056 0.21797916 -0.30398992 -0.1587543 -0.43941236 -0.61279464 -0.15141211 0.16140382 -0.18392628 -0.2784182 0.2505279 -0.5505719 0.2973193 0.9750457 0.14197052 0.5353782 0.45620638 -0.014323657 0.64840555 -0.90940773 0.39615002 0.3015146 -0.5944209 -0.6881987 0.11639142
81 0.5465425 -0.1860182 0.08252899 -1.1081802 0.38117373 0.44740865 0.48073348 0.7515142 0.13034958 -0.20920032 0.2549197 -0.3431797 -0.32847756 0.43127003 -0.054818384 0.18528366 -0.015064365 0.5486848 -0.54413146 0.6273396 1.0052184 0.07470421 0.3929643 0.60230756 0.19960052 0.5246305 -0.57902306 0.078844465 0.8554784 -0.9722824 -0.5495294 0.23334007
87 0.1337682 0.3452882 0.2926051 0.31655377 -1.0474355 0.007823817 0.77531695 0.6376374 -0.399657 -0.21905296 0.9299235 -0.1517512 -0.21436943 -0.81605667 -0.35188067 -0.040363118 -0.3324769 0.37003294 -0.007226672 0.3326987 0.63473946 0.6442683 0.8357381 0.34152514 0.07685965 0.494041 -0.24049357 0.51702076 0.21483633 -0.365632 -0.85653424 0.6937035
88 0.9532788 -0.12887777 0.16336642 -0.29270935 -0.56421655 0.35811862 0.441089 0.23283538 -0.38307947 -0.3673718 -0.03125381 -0.4047507 -0.5604301 -0.4800294 -0.115692616 0.07790403 -0.39695895 0.58869934 -0.47675547 0.468892 1.1757618 0.7025009 0.3230225 0.40731198 -0.43240714 0.47747922 -0.78007525 0.41594842 0.20612614 -0.6477877 -1.285632 0.20400077
93 0.5890758 0.35592267 0.34606537 0.21841106 -0.3918289 0.46511504 0.62334645 1.1422142 0.10721515 -0.32860145 0.29642937 -0.7071854 -0.31906512 -0.5411973 0.189965 0.018461622 -0.49356505 0.08195869 -0.5714005 0.29789245 0.5990774 0.35821393 0.24005629 0.35777047 -0.18064338 0.38935032 -0.6974964 0.69332105 0.28740945 -0.48737642 -1.0396956 0.38098338
95 -0.1354695 -0.80183923 0.7162744 0.33241957 0.49790648 -0.641914 0.27597985 0.13395455 -0.34917355 -0.2806902 0.24000338 -0.9689782 0.9628251 0.14853212 0.2758166 -0.07044458 0.25116852 -0.15928292 -0.08393092 1.0025703 0.006840263 0.56459755 1.0592299 -0.269527 0.30158868 -0.16247752 -0.20589758 -0.5275823 -0.5791639 -0.0047967094 0.3379885 -0.2804388
99 0.661099 0.24850716 0.6124538 -0.14752005 -0.3677045 0.55520517 0.6084825 1.2213987 -0.07597915 -0.3677392 0.23289922 -0.2816811 -0.3602927 -0.5040096 0.25358316 0.20220445 -0.45164454 0.21498482 -0.5747339 0.3533999 0.7689541 0.48997498 0.1488467 0.63177025 -0.33698267 0.18745111 -0.944709 0.57099235 0.40397426 -0.742861 -0.95408076 0.17755285
100 0.57410365 -0.119591445 0.14785206 -0.79393816 0.26631165 0.43573633 0.43837222 0.86975145 0.15902184 -0.341826 0.007797185 -0.24059969 -0.35436597 0.16983397 0.23787342 0.07464613 -0.23039022 0.65567297 -0.65294194 0.49447447 0.8828361 0.31214213 0.29082394 0.5061619 0.15983248 0.5172147 -0.9280988 0.37113282 0.60276514 -1.1311468 -0.53260255 0.0082173925
103 -0.274307 -0.957918 0.7453366 0.14836057 0.62476206 -0.4790175 0.5448391 0.49078408 -0.3200237 -0.040196635 -0.04686126 -1.4517322 1.1259052 0.11128444 0.27954593 -0.027244486 0.31119338 -0.43927288 -0.15635304 1.1351627 -0.08874368 0.6407814 0.748349 -0.18670467 0.08161837 -0.3660129 -0.26751703 -0.5315833 -0.11789997 -0.0011209482 0.39572415 0.30497405
113 -0.3448724 -0.26576537 -0.019250525 0.5219324 -1.2989464 -0.19375998 0.58888036 0.3621221 -0.16872847 -0.09051359 0.49680063 0.064643934 -0.44518623 -0.6600532 -0.55894405 -0.44608378 0.0035345468 0.45581204 0.115041785 0.15709274 0.8615053 0.9235426 0.80684763 0.0238932 -0.0484572 0.3660319 -0.25316986 0.18901189 0.43837133 -0.57434094 -0.78110754 0.9410437
2 -0.18654163 0.21105108 0.08877512 0.51187277 -1.2101997 0.01232659 0.8620726 0.78678167 -0.4223694 -0.09286856 0.6494791 -0.15881157 -0.21759029 -0.9686043 -0.34106368 -0.048273224 -0.32019812 0.40302277 0.14468017 0.48172218 0.8465283 0.5057125 1.144495 0.306426 0.3420977 0.7695124 -0.19101213 0.4634391 0.04523347 -0.18329537 -0.72253865 0.79347736
18 0.5401472 -0.28474635 0.02994325 -0.7811247 0.55738366 0.2642718 0.51549095 0.47183764 0.13180761 -0.048478715 0.49352837 -0.01691147 -0.32970548 0.64298964 0.21858045 0.4188488 -0.027874824 0.41333023 -0.2986509 0.61812454 0.8558663 -0.1417253 0.52249193 0.53385586 0.3976994 0.5758682 -0.46369997 0.18485633 0.7987057 -0.90277135 -0.64897525 0.017740311
20 0.00044245983 -1.1423643 0.7651875 -0.05507759 0.4903361 -1.0218135 0.7628112 0.1779314 -0.10749963 -0.09820296 0.12618487 -1.1956409 0.92439955 0.15722258 0.21052736 0.08343294 0.32165733 -0.2805109 -0.002980354 0.8655948 -0.3592431 0.52971643 0.31543067 -0.22614127 -0.20130935 -0.52536225 -0.3312682 -0.38514933 0.050436422 -0.25691426 0.2615822 0.36509967
21 0.27180174 -0.5011978 0.10224537 -0.3625845 0.69753516 0.12878956 -0.016092325 0.5168079 0.122993015 -0.21397123 -0.09572263 0.2913055 -0.84924185 0.7249069 0.35878083 0.018899765 0.20149568 -0.012405401 -0.20090042 0.6614192 0.88377446 -0.31296244 0.68829966 0.4046143 0.010090487 0.7230819 -0.9153126 0.21208104 0.9852718 -1.4107898 -0.71861964 0.27561143
22 -0.19812337 -0.74764484 -0.16454475 0.030381422 0.8118332 -0.38610244 1.1011636 0.08334532 -0.43877316 0.7636689 -0.20536454 -0.31997988 0.40448076 0.83521205 0.5199656 0.7313275 0.041121423 -0.03126985 0.02578562 0.9033713 -0.01465781 0.23896435 0.23125494 0.1536353 0.2771547 -0.061301056 -0.8246434 0.5475709 0.30817956 -0.3351224 0.14562896 0.30137873
37 -0.2522226 -0.18033168 -0.08354099 0.5008221 -1.294068 -0.3813964 0.65576667 0.478821 -0.18603249 -0.085749224 0.7446096 0.00880043 -0.409365 -0.6006621 -0.69849133 -0.33032733 0.13436233 0.5035998 -0.13042514 -0.05433572 0.9535296 1.0295296 0.88660234 -0.16542101 0.04252367 0.30495 -0.17260562 0.15207435 0.19936547 -0.5254321 -0.80964106 1.0562538
42 -0.5893575 -0.38436574 -0.14481983 0.5646801 -1.7227823 0.13211136 1.1287361 0.081352994 -0.54958373 -0.15068586 0.6336557 0.38871402 -0.43550453 -0.64208984 -0.80197877 -0.3761328 0.42167044 0.22253396 -0.29224008 0.10783666 0.46979782 0.7442236 1.0679038 0.62223965 0.20567954 -0.09251572 -0.33153668 -0.5349476 0.54446125 -0.8540972 -0.7194846 0.44168913
45 0.36090755 -0.38666776 -0.1695532 -0.7749664 0.8454811 0.047904458 0.6614879 0.23562424 0.07482128 0.052258737 0.5174504 -0.077182956 -0.44937164 0.95943695 0.27219883 0.64832646 0.04216268 0.25576356 -0.08276227 0.67679155 0.79011333 0.016245719 0.38269433 0.29302883 0.5557501 0.5334007 -0.46935594 0.23316938 0.94652456 -0.8882455 -0.33735907 0.28467467
53 0.094548084 -0.5328859 -0.44534603 -0.077731155 0.8973817 -0.19977652 0.9675757 -0.11075427 -0.3693286 0.42999855 0.14731586 -0.031970646 -0.3234575 0.90129083 0.5595674 0.81395245 -0.005287024 0.032070696 0.17202798 0.9217204 0.3939379 -0.108911954 0.59301746 0.21252029 0.72624147 0.35410103 -0.8711033 0.2712092 0.39045805 -0.44224864 -0.09350609 0.122860864
68 0.23842338 0.4022428 0.14591072 0.40684333 -0.71346194 0.09295741 0.39873624 0.9299171 -0.2572175 -0.35514933 0.48842275 -0.2832314 -0.5047408 -0.6938591 -0.13502896 -0.15165596 -0.4608826 0.132933 -0.07348093 0.32710612 0.7132862 0.5214035 0.78376585 0.1504009 0.008996003 0.7528473 -0.5759784 0.64134175 0.034034535 -0.4176187 -0.80702835 0.64752996
69 -0.0094724465 -0.9817071 0.6106653 0.013074159 0.50013214 -0.927193 0.8013973 0.07682635 0.034650423 -0.009721819 0.05682893 -1.2591126 0.8348193 0.16065398 0.24810186 0.10279133 0.17359942 -0.22517413 -0.061752107 0.8932901 -0.43236226 0.59463036 0.3953457 -0.13072422 -0.1047445 -0.610454 -0.6385716 -0.36205858 0.078361064 -0.2224165 0.3929511 0.42541993
73 0.37349993 -0.40852752 0.02916609 -0.531709 0.33135167 0.10404386 0.032925617 0.77837807 0.14807265 -0.3806719 -0.14011835 -0.17237183 -0.860889 0.5059693 0.18673505 -0.15861915 0.07380645 0.062394634 -0.37849325 0.5211455 0.98003834 -0.08433118 0.3991869 0.3375351 -0.23900627 0.75320476 -0.91920644 0.39020288 0.6413599 -1.4190149 -0.59439236 0.28997412
89 -0.2221391 0.19089364 0.03748466 0.5405581 -1.2527401 -0.019860044 0.9389281 0.63606465 -0.3003098 -0.108694956 0.6287339 -0.30720773 -0.27194726 -0.7078324 -0.536307 -0.23753299 -0.38345987 0.47327083 0.1941809 0.24595548 0.8856393 0.7106267 1.0263102 0.021023205 0.23266026 0.70634687 -0.20994905 0.45940644 0.14534634 -0.19248788 -0.81425893 0.81201595
98 0.63704354 -0.4421264 0.06437735 -0.8501818 0.562057 0.13783354 0.33926356 0.4161994 0.23878394 -0.12589218 0.40286535 0.018490832 -0.5398012 0.77424514 0.2486275 0.27977243 0.08008576 0.44313353 -0.39391124 0.6316574 0.92713517 -0.18827327 0.52547204 0.5980973 0.09407727 0.560773 -0.6413471 0.08252719 0.8840684 -1.3519634 -0.74755675 0.06516256
108 -0.52577096 -0.30424774 -0.055227417 0.37835678 -1.63385 0.047769208 1.4844939 0.07619163 -0.42537528 -0.3695159 0.57244086 0.46162173 -0.5877647 -0.69155395 -0.69534 -0.08202079 0.31526354 0.31016666 -0.3217482 0.007751014 0.32319462 0.7618133 0.839159 0.38146 0.43649203 -0.17038795 -0.5576037 -0.67950565 0.43769693 -0.90450656 -0.37109125 0.40564263
109 0.4803845 -0.16021435 -0.028266633 -0.89446664 0.89990693 0.043890934 0.684522 0.034256555 -0.1511471 0.12600574 0.6724798 0.06887589 -0.12759897 0.8394924 0.16561937 0.7744767 -0.031424765 0.38714415 -0.049819946 0.80606437 0.80240625 0.1089376 0.44611812 0.25976068 0.7085104 0.49493995 -0.23406664 0.070417196 0.7896486 -0.70543057 -0.31680387 0.18111779
9 -0.5716469 -0.52376515 0.058354657 0.65280694 -1.506526 -0.094323784 0.94801533 0.0020614031 -0.42684668 -0.32389325 0.32414398 0.51484144 -0.41591877 -0.7874414 -0.734723 -0.2932456 0.47110742 0.15643473 -0.24474427 0.058887504 0.5290694 1.005079 0.90542585 0.18932672 0.12042179 -0.2410912 -0.49962306 -0.6590663 0.49971083 -0.82149655 -0.6250749 0.76710516
15 -0.08417652 -1.1005341 0.54943687 0.38071683 0.46724853 -0.89491165 0.24072772 0.17069419 -0.2986418 -0.35220814 0.089975536 -1.1577588 0.7776115 0.27358702 0.16219221 -0.13379171 0.41712415 -0.38985208 -0.11867019 0.91645914 -0.0747229 0.64772695 0.66076 -0.26354527 0.068552144 -0.33320308 -0.26316106 -0.47261664 -0.30573764 -0.1300246 0.2394934 0.074582055
36 0.3102764 -0.14659296 0.13146056 0.1071693 -1.0511444 -0.43316847 0.73578435 0.13901785 -0.38114285 -0.3057732 -0.010377395 -0.019947143 -0.41288537 -0.9925839 -0.55891895 0.2895356 -0.15799157 0.22214364 0.061678726 0.28412104 1.1368556 0.9908485 0.56418914 -0.40804106 -0.1997083 0.3636468 -0.57589924 -0.1854027 -0.07476839 -0.37597582 -1.1553384 1.137984
40 0.4139229 0.14107996 0.17782791 0.013080776 -0.7078998 0.17859302 0.26327503 0.7689517 -0.21002144 -0.35770848 0.22641353 -0.29053482 -0.40671355 -0.43373418 -0.06952315 -0.26080835 -0.41171265 0.4100014 -0.19141358 0.26907954 0.7678398 0.47852257 0.47997823 0.27472633 -0.19201927 0.6979598 -0.57010275 0.70667243 0.0031704826 -0.59659666 -0.7678843 0.17170964
62 0.22041969 -0.87540656 -0.32539976 -0.120360866 0.8039606 -0.46883103 1.2379365 -0.4836718 -0.56140006 0.47050008 0.004022111 -0.11312063 -0.17772372 1.0630748 0.47284767 0.81150275 0.086485 0.055571068 0.23638727 0.81404483 0.35196286 0.35955447 0.103160806 0.14642942 0.5518999 0.057566196 -0.91712 0.4221752 0.48250577 -0.53271323 -0.13406037 0.15107346
72 -0.09304162 0.092740506 0.06379245 0.6547179 -1.0067649 -0.062665634 0.37302926 0.6131586 -0.22219528 -0.15350367 0.4917046 0.031185677 -0.4180852 -0.59375304 -0.27578688 -0.27488753 -0.1554141 0.37278795 -0.22962125 0.0852932 0.7832614 0.8605498 0.7430605 -0.023469541 -0.051377166 0.46928453 -0.35949075 0.5023704 0.10605403 -0.5835023 -0.78309023 0.77949214
104 -0.39318997 -0.17001526 0.19357662 0.40349418 -1.3110552 -0.012015245 0.67220634 0.48299193 -0.060757764 0.09233329 0.56773084 -0.04240568 -0.29525578 -0.96280414 -0.6501686 -0.4651928 -0.08629076 0.5584333 0.16902746 0.1536408 0.8645995 1.0166048 1.0126528 -0.006067145 -0.15529905 0.44006634 -0.21358404 0.24329203 0.52151823 -0.5642485 -0.70959896 0.9528341
4 -0.91747516 -0.9041194 1.1111563 0.80283 0.1590436 0.16557625 0.82263064 0.14142439 0.038453545 -0.7290476 -0.016331842 -1.0518533 -0.21197064 1.066029 0.25804934 -0.451542 0.1677027 -0.6764579 -0.0037217082 -0.005045783 0.3789147 0.92036605 0.60303056 -1.0204552 1.0709482 -0.25577962 -0.096217036 -0.5635185 -0.1647278 -0.42553687 0.09732064 -1.0923996
5 -1.3911687 -0.8352587 1.5707792 1.1981615 0.18860535 0.0169983 1.2404935 -0.24747764 0.25489408 -0.07727604 0.88724154 0.25754476 0.33492616 0.6634278 0.47069728 -0.33105645 0.15984823 -0.3176374 0.6386564 -0.12616855 -0.2068039 0.8857852 1.132391 -0.7585776 0.38206443 0.16526644 0.23775394 -0.18729596 0.17015079 -1.2202693 0.029235069 -0.8793926
23 0.61459786 -0.08876626 0.4508974 0.03324475 -0.79932773 -0.015170775 0.3720379 0.07772359 -0.4026381 -0.41827708 0.013063926 0.15259314 -0.24515036 -0.9714771 -0.39778498 0.24943753 -0.34448427 0.56612635 -0.103837036 0.472772 1.1681947 1.2232298 0.4331045 -0.2307743 -0.25651556 0.33447233 -0.615435 -0.0015331891 0.0783353 -0.3520174 -0.98827744 0.7839887
57 0.9459493 -0.27620593 0.27526516 -0.7885626 -0.20404552 0.44757378 0.31054187 0.6049343 -0.09985581 -0.31371632 -0.11829814 -0.27934918 -0.26919702 -0.16271363 0.054634016 0.2779807 -0.35885125 0.7595277 -0.58776844 0.58488524 1.2708768 0.5931199 0.14314361 0.3479546 -0.19286005 0.43722484 -0.7166479 0.23973854 0.45534196 -0.79627615 -0.96919364 0.1416814
6 0.08803857 -0.92641145 -0.20267285 -0.017282832 0.8684157 -0.64956117 1.2062917 -0.30248055 -0.5288441 0.6371985 -0.21579786 -0.34524715 0.13673232 1.119106 0.53150654 0.7926896 0.00529627 0.0043125227 0.20962423 0.9873506 0.09970029 0.20980504 0.19951653 0.08512692 0.31287578 -0.049609654 -0.98505205 0.6175311 0.3729645 -0.39784205 -0.035256576 0.2991013
16 0.080937505 -0.7723415 -0.09715065 0.17464973 0.57877135 -0.60599375 1.0939587 -0.07693781 -0.58539015 0.7243081 -0.08516749 -0.43595338 0.37506002 0.8882233 0.5491311 0.7821114 -0.079362884 -0.040483657 0.09618177 0.84599644 -0.08793218 0.33376744 -0.05215031 0.09205656 0.051449608 -0.10880611 -0.81313884 0.76717025 0.15609458 -0.30311814 -0.09313292 0.34224638
39 -0.06266303 -0.72854954 -0.066220485 0.12367816 0.9010819 -0.56769156 1.1513062 -0.0215273 -0.3910791 0.8600288 -0.22044024 -0.3011447 0.38889033 0.8520086 0.50569373 0.65811354 0.008094815 0.12006764 0.065822914 0.7772808 -0.1977884 0.35119015 0.19983923 0.13271733 0.108573414 -0.056706093 -0.9091167 0.6743364 0.3183914 -0.48029187 0.11521087 0.3275966
71 0.4941154 -0.26079994 0.06529491 -0.96686155 0.4890253 0.41548103 0.5918319 0.50645447 0.16020395 -0.07889556 0.33949456 -0.12594779 -0.3946447 0.57227355 0.17084527 0.29445267 -0.01621225 0.5107747 -0.36618575 0.621905 0.91930586 -0.029924238 0.46708718 0.58771175 0.29144564 0.58156604 -0.5642332 0.14253648 0.88897705 -1.0570022 -0.5543717 -0.0042083305
106 -0.07059015 -1.0473233 0.62295246 0.4403645 0.48109916 -0.7926323 0.23943475 0.18959329 -0.27106282 -0.3130887 0.062078595 -1.1526493 0.75309163 0.11070212 0.2261886 0.03314938 0.37606007 -0.35878387 -0.1100603 1.0229774 0.08161018 0.6256195 0.8944966 -0.3961119 0.19332837 -0.24776262 -0.3369602 -0.60614777 -0.5078727 0.0092305 0.2755101 0.059710767
58 -0.05703239 -0.65858036 -0.3020383 -0.18699096 0.8929173 -0.44383103 1.2845774 -0.11834442 -0.7900316 0.7050058 -0.14301212 -0.11008512 0.12165973 1.1358522 0.47314265 0.9697904 -0.07300266 0.06525378 0.1096975 1.1003213 0.27533284 0.25967154 0.23286676 0.03027691 0.45763552 0.14480905 -0.81129485 0.7619639 0.40908322 -0.54333085 -0.0146642225 0.44068307
90 -0.04184612 -1.0936605 0.560699 0.24155179 0.48746789 -1.0329692 0.6174928 0.4127262 0.0006450887 -0.10320813 0.31265935 -1.4396831 0.83283514 0.21602292 0.22733793 -0.004729586 0.36061215 -0.3994781 -0.21754323 0.78652245 -0.40061548 0.4199126 0.73147523 0.0007056361 0.09702692 -0.55346984 -0.45329088 -0.39185143 -0.08260001 -0.039840057 0.27343622 0.18732744
91 -0.25952888 -1.0085963 0.9237829 0.52758926 0.15068102 -0.45840323 0.04123067 -0.15249339 -0.43491045 -0.5105598 0.2817954 -0.7322517 0.6431296 0.6047586 0.30076447 -0.43663567 0.21264797 -0.082078 -0.04668048 0.5648078 0.12736478 0.62800974 1.0521382 -0.49162778 0.13343693 0.13496394 0.0778581 -0.46561247 -0.7452512 -0.41936353 -0.09912909 -0.9393543
102 -0.28723443 -0.17551464 -0.057617605 0.372128 -1.496417 -0.04769854 0.9186413 0.32788384 -0.47027135 -0.2267299 0.6752145 0.011968158 -0.4433062 -0.69296235 -0.68895626 -0.3724082 0.09936566 0.35955557 0.05852426 0.22904117 0.7381358 0.5611595 1.07673 0.31436124 0.30605578 0.35283917 -0.12413691 0.026575672 0.32292518 -0.421701 -0.63954604 0.58593446
11 0.090607 -0.49592403 -0.4288192 -0.37484592 0.9048664 -0.26609728 1.0742738 -0.07462345 -0.50806415 0.5636769 0.09824704 0.07212408 -0.120026335 1.0441931 0.3853657 0.97533727 0.0033308964 0.3334068 -0.110336185 0.90465546 0.42736107 0.10120377 0.46274924 0.04582509 0.6966177 0.35646534 -0.73844945 0.48192513 0.3507101 -0.7533554 -0.052377824 0.12328549
27 -1.0481309 -0.7888361 1.1564665 1.0247003 0.09806822 0.17910257 0.9897671 0.20080264 0.023486676 -0.5752496 0.16880165 -1.1708739 -0.038997564 1.2679518 0.16284761 -0.48943502 0.029290183 -0.69857067 0.043174308 -0.008264857 0.36914796 0.9482394 0.5634408 -1.1083702 0.9997801 -0.19722569 0.08402255 -0.4503396 -0.20202506 -0.38928768 -0.07004965 -1.009342
31 -0.17393582 -0.9016593 0.8049335 0.677654 0.41150427 -0.34329563 0.14832215 0.030997658 -0.16746692 -0.51948714 0.19906078 -0.9435224 0.57908624 0.5076714 0.30002692 -0.20801637 0.116864 -0.20140056 -0.19449048 0.6549542 0.19636635 0.76054275 0.8760797 -0.4250321 0.47669566 -0.11251799 -0.33812034 -0.6255383 -0.87741196 -0.2515153 0.30473047 -0.7238118
44 0.10921558 -1.2090619 0.5036792 -0.124072455 0.41513497 -1.1227282 0.7919464 0.085701756 -0.19709912 0.010524686 0.09716642 -1.2742699 0.7564634 0.33553693 0.09143031 0.22040692 0.20577097 -0.29062268 0.034695875 0.81992286 -0.3325026 0.46892545 0.39128876 -0.05314795 -0.12055854 -0.47424546 -0.5164665 -0.20009123 -0.0073588877 -0.07587296 0.2314393 0.334434
51 -0.595425 -0.976435 0.6167094 0.4667981 0.5568731 -0.46193925 0.037314095 0.500854 -0.5448348 -0.10947209 0.20023926 -0.65501744 1.3485016 0.30661935 0.5539906 -0.3677441 0.42288586 0.004946472 -0.2668665 0.7559896 -0.08574261 0.77204907 1.166123 -0.3193761 -0.00264295 0.4045581 0.23287979 -0.16222887 -0.74515426 -0.6452048 -0.012493106 -0.68398905
59 -0.29082265 -0.91808105 0.7159641 0.57976806 0.36765444 -0.4982164 -0.03441159 0.15617807 -0.2778779 -0.6861582 0.22025688 -0.8839811 0.46875662 0.46749774 0.24540912 -0.3543294 0.32902578 -0.34037185 -0.02303436 0.5831909 0.3273835 0.53677875 1.1514146 -0.6427527 0.4481792 0.108047776 -0.062206253 -0.57765406 -0.7594961 -0.22240911 0.024029415 -0.7346036
66 -0.07373744 -0.6161276 -0.2053303 0.018246908 0.8978899 -0.39709753 1.1580892 -0.07333779 -0.6927651 0.64796346 -0.1827785 -0.1018522 0.04723957 1.037403 0.530772 0.85532546 0.03312969 -0.11079618 0.066917494 0.9942416 0.12653896 0.23187076 0.1775183 0.08182378 0.38355574 0.0792218 -0.8287303 0.6270558 0.40456295 -0.58771396 0.008314237 0.3930699
82 -0.050108932 -1.0052273 0.61001676 0.24736556 0.47521242 -0.90760225 0.6627328 0.32961676 -0.15679221 -0.10068004 0.17301893 -1.2891425 0.9628525 0.11865203 0.22270699 0.0063579944 0.32017505 -0.31360325 -0.17407548 0.8296223 -0.37724993 0.5650384 0.49873343 -0.18863894 -0.056076117 -0.50078785 -0.36867514 -0.39722678 -0.11254434 -0.20428221 0.25113696 0.24789129
85 0.7406193 -0.122730024 0.3351107 -0.61482555 0.011523067 0.49889332 0.45891008 0.99462754 0.17047893 -0.17871588 0.06176041 -0.36018273 -0.13203305 -0.06813833 0.24743553 -0.013534754 -0.24066183 0.65281856 -0.73744464 0.42973056 0.75649214 0.33734852 0.17934316 0.69475955 -0.26750067 0.4532704 -0.8880114 0.5741062 0.60934234 -1.1064453 -0.95876926 0.053708185
97 -0.2036926 -0.908509 0.67985773 0.41344765 0.42921364 -0.7730773 0.25977576 0.19498119 -0.3573851 -0.2585612 0.18110152 -1.221422 0.9992853 0.3280205 0.18200153 -0.20880592 0.20648628 -0.14387816 -0.119443156 0.93789667 -0.00038940497 0.738551 1.0365545 -0.4673206 0.1792424 -0.083493695 -0.111644596 -0.3944161 -0.6579383 -0.028033383 0.23756371 -0.21172684
10 -0.16445997 -0.9465698 1.5026152 0.75872386 -0.3214227 -0.26200497 0.37808508 -0.20234127 -0.3242584 -0.6103108 0.74640065 -0.74190485 0.4187247 0.970141 0.3607 -0.4286917 0.027354093 -0.3888995 -0.17539881 0.228014 -0.06522582 0.61074823 0.512424 -0.34500554 -0.19132659 -0.06718226 0.033922397 -0.12109596 -0.58620477 -0.85919666 -0.63871557 -1.3735291
55 0.47657654 -0.050135028 0.2030428 0.18456653 -1.0084224 -0.3152337 0.25288787 -0.060377795 -0.5030568 -0.37726277 0.24518284 0.017372571 -0.30991933 -0.7473977 -0.5893638 0.11982139 -0.16389062 0.52734894 -0.02743905 0.25898865 1.1789327 1.0771701 0.7649275 -0.34230354 -0.23151027 0.56159866 -0.5095009 -0.110458404 -0.16231847 -0.44646856 -1.2587751 0.7886799
41 0.7158224 -0.12698269 0.26833987 -0.99151736 0.20478508 0.46406314 0.6476373 0.63836664 0.024284944 -0.28296298 0.07333737 -0.31431717 -0.36590514 0.39930934 0.050675068 0.16069886 -0.2697624 0.6431602 -0.5148165 0.59610057 0.93798655 0.25980085 0.147103 0.6161302 0.07750137 0.4540817 -0.8480463 0.3107517 0.74079955 -0.9964967 -0.6844595 0.063991755
46 -0.20849723 -0.81947654 1.3564614 0.6766016 0.13642901 -0.1635633 0.21173906 -0.16546991 -0.18092623 -0.62612414 0.5327906 -0.6694369 0.6328811 0.8571741 0.40061525 -0.3335028 0.038880315 -0.15605271 -0.20221908 0.49627975 0.077254824 0.7620164 0.85288286 -0.53835255 -0.017673988 0.11141402 -0.026408821 -0.46360746 -0.8111177 -0.91127795 -0.26975498 -1.3014778
49 0.27152812 -0.38667986 -0.12990178 -0.76167303 0.84917414 0.0011929915 0.57892495 0.07646199 -0.113305524 0.07702896 0.40465596 -0.04571638 -0.50663793 0.9552375 0.13332017 0.44853047 0.085215196 0.1305488 0.021867823 0.71685785 0.76229954 -0.02840494 0.42784095 0.28853998 0.5075361 0.56346345 -0.47527048 0.17353754 0.92254686 -0.93389237 -0.21781972 0.45396584
70 -0.7033621 -1.1402006 0.90638834 0.33309183 0.25897244 -0.09843463 0.057202097 0.201549 -0.5013287 0.064688586 0.22781703 -0.59909177 1.269206 0.5140461 0.36816204 -0.5865533 0.34553972 0.15947425 -0.18942977 0.8150878 -0.0032737942 0.4808149 1.5181859 -0.14961869 -0.26170734 0.45242324 0.3409548 -0.36671633 -0.60216504 -0.7453384 -0.08595532 -1.0854484
13 -0.28148767 -1.0930809 0.57448536 0.30550417 0.469013 -0.48796454 0.11463589 0.18775684 -0.35319206 -0.33039442 -0.08034811 -0.9732195 0.89557636 0.22714692 0.16225769 -0.1279651 0.33799404 -0.11908465 -0.21280897 0.8718061 0.26876658 0.7136997 0.9632058 -0.44108218 0.243173 -0.0061855353 -0.15612076 -0.732937 -0.715644 -0.16633007 0.2588409 -0.3071008
14 -0.07354973 -1.0492418 0.62948734 0.0902771 0.44287625 -0.9171306 0.941473 0.1659659 -0.13069242 0.0012996753 -0.00027479118 -1.1380811 0.89997226 0.18014453 0.21867852 0.29823202 0.20673028 -0.36418927 -0.05374966 0.89722675 -0.29613313 0.6382496 0.15431817 -0.3054769 -0.04444755 -0.66673076 -0.5090387 -0.35398325 0.10840043 -0.12504596 0.27358478 0.53288525
60 0.007818195 -0.83357114 -0.44589442 -0.1341734 0.9136941 -0.43131122 1.2276233 -0.029747916 -0.6172925 0.7477831 0.16155335 -0.09607657 0.14991061 0.97475135 0.63007766 1.0940934 -0.06064377 0.09065449 0.063015014 0.8697415 0.25993544 0.32385826 0.20056808 0.07923585 0.38232157 0.35005805 -0.862614 0.81262106 0.20417966 -0.66147596 -0.07952728 0.20649953
47 -0.18700697 -0.95357764 0.6603512 0.44787943 0.41578618 -0.8209605 0.3597566 0.16477078 -0.5308877 -0.33938858 0.11316469 -1.2614877 0.99971294 0.20332284 0.056902397 -0.08503419 0.35409856 -0.40795344 -0.10996432 1.0705125 -0.07725619 0.76938874 0.8433577 -0.36771715 0.20684218 -0.3209446 -0.14580485 -0.5299869 -0.41776854 0.050992556 0.19238953 0.16153799
17 -0.8474166 -0.90004337 0.9372226 0.73001105 0.3064787 -0.23535144 0.43867174 0.18011075 0.019663023 -0.09342108 0.5441506 -0.103834815 0.741078 0.46995535 0.5759599 -0.46753076 0.3244236 0.0009929285 0.18303032 0.026227297 -0.12285685 0.58790934 1.1568285 -0.4057808 0.057146426 0.45528197 0.2807696 -0.111429594 -0.3899615 -0.7964349 -0.063460544 -1.0981807
26 0.6415717 -0.162707 0.09050018 -0.69895804 0.095460296 0.3688853 0.24440557 1.0162864 -0.07458545 -0.26361567 0.04878048 -0.166684 -0.39358255 0.009209921 0.25973785 0.05479706 -0.07701558 0.44134638 -0.6292326 0.49710742 0.88530684 0.18410487 0.4063564 0.6914985 -0.27272835 0.6122996 -0.8942468 0.45977783 0.38673875 -1.1707153 -0.70999485 -0.08328817
112 0.10782562 -0.52992094 -0.42817843 -0.30953684 0.97305095 -0.14855126 1.0172393 0.0019057563 -0.4484303 0.5470519 0.29446268 0.1871726 -0.11787387 0.8565196 0.52219194 1.0576457 -0.013051801 0.14287445 0.04539832 0.9373546 0.60015494 0.13454701 0.44019288 0.17916833 0.6166098 0.3466942 -0.69961816 0.4339685 0.43598363 -0.6406482 -0.18367712 0.23563556
24 -1.2751166 -0.8404405 1.850765 0.9017872 0.46121117 -0.084374756 1.1619428 -0.3632412 0.298565 -0.124317035 1.0119761 0.24246897 0.23465131 0.84462446 0.57734513 -0.29412776 0.1412751 -0.37564757 0.8434386 -0.020351464 -0.1918947 0.8317134 1.179824 -0.8413207 0.43334818 0.11576264 0.30380514 -0.2831393 0.39718845 -1.3432521 -0.04234451 -0.83239764
94 -0.10949553 -0.8991809 -0.52206135 0.06394457 0.9039708 -0.37750015 1.3769801 -0.26115406 -0.2542311 0.5984982 -0.15327209 -0.3292464 -0.299484 0.8903977 0.599062 0.71581787 -0.011291797 0.20441605 0.3061432 0.6755862 0.17024085 0.2175738 0.3705755 0.095810615 0.68322957 0.08239588 -1.3554791 0.55353886 0.4114044 -0.38529423 0.091353245 -0.05920762
28 -1.2651703 -0.78936625 1.87365 1.0166672 0.44535324 -0.00204528 0.92812455 -0.1153235 0.16962355 -0.2080619 0.9262295 0.22051342 0.15524828 0.9208353 0.5153493 -0.41541427 0.26117 -0.62152827 0.7899887 -0.0008653468 0.006086187 0.8454147 1.0299916 -0.9228705 0.36748418 0.20412485 0.4730312 -0.1796001 0.54062504 -1.2934203 -0.20404938 -0.6384136
50 -0.2464803 -0.7932312 0.68146706 0.3567652 0.5442014 -0.6064074 0.26659518 0.21758349 -0.45771605 -0.33580574 0.06923306 -0.9756418 1.0782069 0.20573281 0.20659366 -0.09935814 0.29168326 -0.26571265 -0.24700977 1.0641825 0.083110005 0.70431185 0.8994417 -0.3702651 0.2976199 -0.18972795 -0.14634119 -0.76396894 -0.50763756 -0.12137557 0.36966634 -0.07292428
80 -0.93356156 -0.9174765 1.0863119 0.8385439 0.19249947 0.11221238 0.99407434 0.1256868 0.3828743 -0.7688361 0.23279142 -1.2983727 -0.17903279 0.96407557 0.26121372 -0.5582753 -0.00035713616 -0.51459926 0.09630307 -0.14011526 0.28169465 0.87706935 0.83810645 -1.1328782 1.1146935 -0.22339156 -0.30486014 -0.50682396 -0.37997815 -0.42461914 0.1544357 -1.2575867
107 -0.16686767 -0.892624 1.594509 0.57914346 -0.28876758 -0.020935135 0.5143867 -0.58221334 -0.46034893 -0.50365794 0.5731455 -0.7673202 0.54813015 1.1333898 0.27128628 -0.47679806 -0.18213902 -0.008607104 -0.080148794 0.5275928 0.0021010572 0.75170004 0.8105453 -0.5006901 -0.051989395 -0.08066205 0.11907879 -0.4369514 -0.6545951 -0.8779296 -0.37875062 -1.5124878
86 -0.6845696 -0.97031647 1.2219235 0.69730586 -0.025759948 -0.13202299 0.47250798 -0.085523464 -0.36652187 -0.40163276 0.632712 -0.46544847 0.67271835 0.75963104 0.47203514 -0.54039305 0.32598975 -0.20026562 -0.070787705 0.2636174 -0.27664524 0.7507866 0.94051856 -0.44498253 -0.11428031 0.14041069 0.23559369 -0.29786447 -0.47421733 -1.1175897 -0.17158361 -1.3774954
96 -0.38014844 -0.97856337 0.65852284 0.34424818 0.31604442 -0.4057871 0.1458538 0.29682022 -0.5066418 -0.1883543 0.059881236 -0.85755306 1.2191633 0.20031862 0.4099015 -0.335318 0.2999116 0.0069202376 -0.32879215 0.78960013 -0.08606358 0.59956396 1.0805448 -0.29671317 -0.099822275 0.15272076 -0.0021787102 -0.37956023 -0.7675679 -0.42654592 -0.010306604 -0.76950336
63 -1.357655 -0.8548322 1.7643911 1.2635674 0.46982077 -0.12107495 1.1378223 -0.1429244 0.28972155 -0.20731871 0.9031565 0.2555933 0.2070103 0.6486205 0.6117203 -0.23158717 0.2011601 -0.7077649 0.8855168 -0.09451949 -0.10124693 0.9115648 1.1602826 -0.9432424 0.5237228 0.21741448 0.38019854 -0.047675338 0.37024996 -1.1814175 -0.013064535 -0.6654696
