1 -0.0148533685 -0.24199483 0.26277184 0.08355485 -0.030998735 -0.70603836 0.8463835 0.52084845 -0.30787548 -0.29442444 1.1056544 -0.45402542 -0.013896212 -0.00062891387 0.11486694 0.22887988 0.10128881 0.17225032 0.079623334 -0.53361046 0.51072615 0.9438388 0.7857355 -0.21453139 -0.073779576 0.21041995 -0.255105 0.30427176 -0.88479656 -0.9533306 -1.1371253 -0.3720431
3 -0.27053574 -0.31025788 0.19200327 -0.0258249 -0.12838401 -0.60585356 1.0986906 0.48648095 -0.30489588 -0.37298578 1.074332 -0.27603212 -0.16887678 -0.19073524 -0.097066 0.1675125 0.35411638 0.07166706 0.019507892 -0.7073987 0.4254574 0.86099637 0.78301376 -0.16699621 0.04533694 -0.1407781 -0.40281975 0.2703292 -0.68180776 -1.2862028 -1.0817436 -0.30150685
8 -0.38548368 -0.3593684 0.20620915 -0.10658866 -0.3050587 -0.6404394 0.9500048 0.601055 -0.42172977 -0.27604288 0.966184 -0.077135876 -0.17109185 -0.26860362 -0.07298341 0.25249466 0.42735526 0.05048568 -0.01870468 -0.60623294 0.4870964 0.8393002 0.7092122 -0.06937409 0.020074207 -0.122790694 -0.3918029 0.3077993 -0.649601 -1.2058374 -0.9975669 -0.106859736
9 -0.6052501 -0.5703662 -0.002094714 -0.14053354 -0.3792445 -0.53618926 1.4077959 0.24142364 -0.08697049 -0.8438582 0.9270419 -0.12824208 0.44896525 -0.41393375 -0.31443483 0.5556557 0.21879546 0.3876304 -0.96253836 -0.79492706 0.34175265 1.0741882 0.57117736 -0.010121642 -0.5880509 -0.2313697 0.28518343 -0.34231097 -0.08788052 -1.6786648 -1.1001246 0.2153195
12 -0.16895685 -0.28026456 0.32432982 0.008849842 -0.28336573 -0.8106708 0.9736296 0.6202287 -0.36370733 -0.37868568 0.99978685 -0.28746918 -0.27220163 -0.0832747 -0.17419057 0.28983375 0.41597828 0.1731526 -0.024842769 -0.5465316 0.43420726 0.9484759 0.71539503 -0.1278897 -0.022990014 0.0069325916 -0.24366936 0.39658654 -0.66010153 -1.1776026 -1.2071855 -0.35556424
19 -0.27283186 -0.9300598 -0.22964142 0.084668525 0.34002486 0.24739365 0.16934524 -0.124105275 0.02862503 -0.22131601 -0.34112653 -0.6710528 0.5413292 -0.073514044 -0.5198014 -0.3852925 0.23339951 -0.5214823 0.2544949 0.8713786 0.14646329 0.44197845 0.5960972 0.28236404 0.45800522 -0.34342256 -0.6314792 -0.105051905 0.54163617 0.3396677 -0.45888337 1.0787418
29 0.0479139 -0.86461747 -0.2210252 -0.45894918 0.5893547 0.18930902 0.537357 -0.074724905 -0.33477885 -0.50624305 -0.09558111 -0.84142536 0.2971831 0.18855713 -0.26261485 -0.510927 -0.5937199 -0.6564252 0.018980432 0.5663302 0.040882006 0.078518815 0.22585201 0.44930747 0.7324226 -0.52438873 -0.87311786 -0.8434617 0.28839004 -0.046413757 -0.49585235 0.9595683
30 -0.49841607 -0.34146342 -0.18459201 -0.055954266 -0.3522221 -0.47767234 1.2085255 0.42890444 -0.036610853 -0.868601 0.87757754 0.072801314 0.43844315 -0.6746446 -0.40671232 0.29475656 0.24080935 0.20540646 -0.6211901 -0.56936955 0.36309922 1.0611439 0.7242957 -0.04794928 -0.34703103 -0.068786815 -0.00960365 -0.21444887 -0.31816053 -1.4105666 -0.9926991 0.27595273
33 -0.73175937 -0.65324444 -0.09036957 -0.26579785 -0.8631665 -0.7229342 1.3000786 0.2728721 -0.06582962 -0.68002224 0.90931904 0.108628236 0.5948685 -0.5848014 -0.13802658 0.37692222 0.32351077 0.24311565 -0.97851706 -0.7876704 0.28325745 1.1118655 0.8448053 0.10167656 -0.52991253 -0.0024500866 0.15833968 -0.38443395 -0.042534336 -1.6243179 -0.948163 0.46772763
34 -0.03068633 -1.0247508 0.3468349 0.14248103 0.39573395 -0.050464027 0.8004843 -0.72164655 -0.57822335 0.3120925 0.84939784 -0.7344944 0.57419336 0.5240477 0.37554392 -0.046650317 -0.8810007 -0.15870126 -0.39271277 1.1318753 -0.17473689 0.11821578 0.25085476 0.3873154 0.12623411 0.48087287 -0.57991654 -0.663092 -0.66043264 -0.40418443 -0.24368875 -0.37840465
35 -0.2605644 -1.1971949 0.027631441 -0.056435432 0.31335902 -0.20283668 0.7692797 -0.44489613 -0.49650782 0.4163811 0.6946946 -0.61122584 0.31717676 0.6146196 0.17772532 -0.17272997 -0.83372957 -0.24020144 -0.34680763 1.1309348 -0.31067213 -0.24184626 0.044609334 0.5111383 0.45374456 0.11977113 -0.80503064 -0.6263758 -0.20187686 -0.27570993 -0.2328581 -0.21807584
38 -0.3599614 -0.27432135 -0.050783977 -0.2119831 -0.64446765 -0.6162585 1.1522255 0.4348817 -0.22982042 -0.56204486 0.8535749 -0.055728313 0.2836019 -0.4324253 0.010553375 0.22676586 0.27724645 0.12584446 -0.72888947 -0.69675696 0.35391423 0.9366025 0.7380008 0.02196067 -0.35634112 -0.0066147363 0.030665683 -0.19392973 -0.3188017 -1.439952 -0.90149564 0.27092895
43 -0.29623488 -0.22493193 0.40869963 -0.15248914 0.048244253 -0.33185506 1.200186 0.5735562 -0.8634641 0.25513905 1.2523826 -0.1774304 -0.10330633 -0.002482261 0.2610787 0.2874685 0.21617804 0.30535063 0.27460638 -0.3268434 0.27090734 0.96931833 0.5769227 -0.00019722214 -0.2875629 0.28792953 -0.51055866 0.5326759 -0.72166187 -1.0484188 -0.7483005 -0.019155314
48 -0.85407525 -0.88743216 -0.36213636 0.13863054 -0.27569526 -0.50276256 1.004768 0.19167107 0.19513132 -0.47415835 0.80224526 -0.14953192 0.34100825 -0.50251406 0.024208348 0.38908106 0.39105844 0.091102794 -0.32115978 -0.816261 0.20441495 1.2810241 0.8039074 -0.12638432 0.010683352 -0.12453218 0.07426181 -0.24016157 -0.5617635 -1.6226197 -1.081039 -0.44257224
54 -0.043356642 -0.86125994 -0.045270715 -0.22473654 0.13207495 -0.18093467 0.11656033 0.036904983 0.048358034 -0.21132605 -0.39101654 -0.32374072 0.47452733 0.09353112 -1.0916321 0.20691378 0.28983617 -0.32230213 0.01102252 0.785751 0.48590034 0.4942498 0.6245438 0.11370478 0.059978876 0.19074288 -0.42955473 -0.24900246 0.62824607 0.4813892 -0.29799184 1.2210519
56 -0.18177208 -0.23257731 0.3550909 -0.10792518 0.06727545 -0.27039343 1.0457593 0.22239177 -0.9645239 0.42326418 1.1588935 -0.33405134 -0.089074194 0.1805775 0.62394243 0.32214126 0.21169606 0.050046317 0.18344605 0.04220598 0.09815109 0.75663394 0.4059451 0.025287122 -0.32372165 0.4960287 -0.39080715 0.53346366 -0.6445425 -0.6401825 -0.41622514 0.23720725
61 -0.15418623 -1.2437617 -0.46645978 -0.013633205 0.4334413 0.08706748 0.3644495 -0.12442562 0.03301874 -0.31994236 -0.096935876 -0.6770364 0.37827703 0.25387156 0.023856683 -0.061131533 -0.36155996 -0.71072286 0.23115261 1.0282917 -0.119068064 0.18025422 0.16514671 0.3826531 0.8140587 -0.34319997 -0.5344829 -0.49511537 0.35600215 0.2227744 -0.5458398 0.70266294
65 -0.85479885 -0.72363895 -0.4357474 0.207789 -0.26197264 -0.35993406 1.2221165 0.36526355 0.044661712 -0.551492 0.9969631 -0.1314327 0.27190235 -0.58329695 -0.31839785 0.097947784 0.45542407 0.33299133 -0.43631318 -0.8303784 0.19607654 1.2311918 0.8800932 -0.26748344 -0.07976026 -0.188109 -0.17831667 -0.12967332 -0.5181701 -1.6476716 -0.9548699 -0.41586098
73 -0.08291623 -0.13560887 0.5836295 0.048059404 -0.036132976 -0.36356068 0.93302685 -0.49662954 -0.7722783 0.4291455 0.9804549 -0.51722264 0.26534107 0.34193787 0.43700033 0.043200035 -0.37145862 -0.23642696 -0.36412397 0.7673243 -0.18549782 -0.03189601 0.48291767 0.34599274 0.102507666 0.44040397 -0.6606879 -0.15685765 -0.56092536 -0.6639444 -0.12829632 -0.13306515
75 0.1596885 -1.365497 0.15688804 -0.17291716 0.16326119 -0.123903096 0.714492 -0.29205242 -0.74439114 0.2593461 0.58221763 -0.78344727 0.1667441 0.61395484 0.36520672 -0.3094713 -0.623731 -0.19102223 -0.36147392 0.78315896 -0.43146196 -0.30635583 -0.1164403 0.4224321 0.4582599 -0.053278726 -0.5864855 -0.8411387 0.22597785 -0.30159295 -0.33678624 -0.0023284783
78 -0.2529439 -1.3691627 -0.13056156 -0.12785324 0.74560016 0.3201614 0.4957818 -0.3461103 -0.4334815 0.09669116 0.2476211 -0.84603316 0.30796015 0.49505746 -0.080313094 -0.24491441 -0.6803058 -0.18931144 0.1339375 0.690221 -0.20796587 0.09843717 -0.20784065 0.30843166 0.42019016 -0.2951505 -0.64616716 -0.53878045 0.09730863 0.1339296 -0.37144035 0.1767118
79 0.026347369 0.02268315 0.53674173 0.04500895 -0.09252204 -0.18780509 0.94141227 -0.09815839 -0.78546506 0.41360578 1.0529457 -0.57619166 0.06492706 0.1195638 0.88103205 0.22358792 0.24863413 -0.17772664 0.03480532 0.28129423 -0.013984372 0.5120322 0.55744314 0.15723757 -0.2077129 0.46981302 -0.4832755 0.38598192 -0.6049503 -0.6822122 -0.51800853 0.1704591
81 0.20761642 -0.65400183 0.1076495 0.18878378 0.11795494 -0.20327464 0.9353592 -0.13583441 -0.6569477 0.040845037 0.7425264 -0.7411318 0.13089946 0.4545862 0.3053341 -0.04520341 -0.7371893 -0.1598528 -0.55108047 0.99617696 -0.54410946 0.037935995 0.045031395 0.2866552 0.4081941 0.39790264 -0.5250408 -0.46730644 -0.18051687 -0.1930682 -0.1986484 -0.19667724
87 -0.11982145 -0.2579765 0.44810432 -0.1806431 -0.033115275 -0.5359658 1.0203385 0.36859605 -0.81713176 0.16561285 1.292288 -0.25114152 -0.119885564 0.0074620703 0.5388235 0.22554916 0.13926078 -0.094819635 0.22168854 -0.2365442 0.33678108 0.77103645 0.73161596 0.082606055 -0.12254819 0.37722805 -0.56612927 0.57392234 -0.7966731 -0.7065292 -0.5927263 0.14228891
88 0.29135618 0.1173685 0.45735812 0.27418497 0.30442253 -0.10247432 1.0720743 -0.21980864 -0.8845584 0.071142174 1.1215162 -0.8524284 0.21420725 0.21516359 0.30602583 0.09259864 -0.6919041 -0.009571017 -0.45974803 1.0097219 -0.47675517 0.20233648 0.33135235 0.1775969 0.19017951 0.7677571 -0.6261277 -0.40260315 -0.39506403 -0.25787306 -0.18385445 -0.072536774
93 -0.4012528 -0.2634832 0.451203 -0.13645665 -0.087121256 -0.40105706 1.2120738 0.3120134 -0.85644835 0.33092028 1.1367366 -0.18971416 -0.092728786 0.13407217 0.5689759 0.3083261 0.40040258 -0.03228352 0.31285292 -0.21954872 0.2201527 0.78110236 0.62447786 0.013601032 -0.30611914 0.25063962 -0.5635761 0.83254963 -0.5567748 -0.81535 -0.70311195 0.25431514
95 -0.14434862 -0.78653866 -0.046141893 0.06465106 -0.07028986 -0.1680176 0.11133514 0.14498955 0.21912818 -0.23211253 -0.52023983 -0.4273008 0.3497412 -0.0041331076 -1.048971 0.35207096 0.23297575 -0.31208017 0.017316526 0.96202534 0.405669 0.5606804 0.66384435 0.12644926 0.35419223 0.15222451 -0.13455147 -0.44537777 0.7272517 0.36298946 -0.4043441 0.96727145
99 0.14731877 -0.31255263 0.27183467 0.10385093 0.19480263 -0.123520024 0.97730356 -0.32624447 -1.012199 0.1312003 1.0725595 -0.65172416 0.15473561 0.14008287 0.23644936 0.092140295 -0.5010481 -0.11228409 -0.4513098 1.057667 -0.5616725 0.1081577 0.16389294 0.27401578 0.3428235 0.582016 -0.66600674 -0.4817876 -0.50772613 -0.45205596 -0.24373801 -0.18735303
100 -0.10226356 0.11824007 0.47867447 0.25074625 0.0041345353 -0.29341266 1.0724536 -0.35905734 -0.6575563 0.20140257 0.894254 -0.55376804 0.15711917 0.37144235 0.4675232 0.17222168 -0.53332597 -0.2643008 -0.3513745 0.8137107 -0.32069483 0.05615698 0.46179903 0.32056415 0.14620508 0.58102626 -0.63203996 -0.045566447 -0.38244492 -0.46022806 -0.17608298 -0.0579522
103 -0.39193854 -0.73379785 0.21316893 -0.044150267 -0.2174774 -0.051819805 0.10198289 0.43898046 0.1115895 0.19904181 -0.67512465 -0.35185018 0.42120326 0.10879168 -1.1627789 0.088398404 0.13207419 0.1261296 -0.22914672 1.0792989 0.5604329 0.5534601 1.0751882 0.22894958 0.015670957 0.51269877 -0.25892597 -0.34260166 0.75277555 0.24923825 0.069116905 0.95731306
113 -0.02655696 -0.028497355 0.3512181 -0.12774552 -0.06959459 -0.75727844 1.0882903 0.6603484 -0.563694 -0.18524973 1.1213641 -0.35834217 -0.17255512 -0.014264821 0.22364886 0.2668144 0.24431564 0.10161896 0.107739344 -0.3996352 0.4090069 0.86479384 0.7577868 -0.09873324 -0.19729845 0.22579508 -0.36050043 0.42698416 -0.68593866 -1.0185598 -1.0769385 0.025625601
2 0.2452148 0.109960444 0.37933153 0.14823942 -0.006629545 -0.75489163 1.0411508 0.4237455 -0.46810034 -0.07349353 1.2781588 -0.6285608 -0.33970618 0.20649642 0.6130746 0.2959451 0.18658102 -0.19236177 0.14115886 -0.030944921 0.22101252 0.55855566 0.606581 0.06349443 -0.037810005 0.30825117 -0.19172895 0.353853 -0.5474853 -0.7772879 -0.94531703 -0.0017703087
18 0.09616645 -1.533428 0.024564436 -0.50751805 0.22001034 0.3242583 0.28288582 0.13819425 -0.74860924 -0.052393112 0.21831813 -0.7653889 0.5556972 0.49624112 0.34706914 -0.33856955 -0.8587961 -0.11817728 0.22804368 0.85984397 0.112628 0.17094967 -0.31752717 0.23939794 0.48685375 -0.21960028 -0.5174215 -0.8084016 -0.04677966 -0.1694725 -0.2571541 0.30247694
20 -0.33644938 -0.94055504 0.24829723 0.33615452 -0.0702444 -0.08931065 0.18191567 0.33955535 0.26122537 0.091918744 -0.48946822 -0.658098 0.4163323 0.29426256 -0.91490775 -0.15616657 0.23370181 0.21007536 0.16143925 1.2187501 0.4807634 0.7410678 1.1974144 0.3623083 -0.10360875 0.3108387 -0.19712108 0.22647657 0.99535966 0.58780426 -0.001185035 0.847148
21 -0.25081605 -0.9465487 0.16709158 -0.02442126 0.3239767 0.005362886 0.8594687 -0.56125104 -0.6914274 0.5612177 0.82211894 -0.6997206 0.4274551 0.4768517 0.3792862 0.11649789 -0.6591498 -0.33246714 -0.40431532 1.063347 -0.36591098 0.04374903 0.009096794 0.4185543 0.20260699 0.47712126 -0.6785998 -0.74568313 -0.5844495 -0.47911963 -0.11517645 -0.17652194
22 -0.08957072 -1.1384479 0.25316644 -0.4260306 -0.25881204 -0.4403363 0.1311157 -0.41859582 0.1635188 -0.2973417 -0.387871 -0.50883144 0.59407336 0.2752875 -0.7201882 -0.077693224 0.36146796 -0.64242405 0.000308768 0.6465742 0.45134705 0.28550923 0.53766805 0.25226498 0.1575793 -0.17277591 -0.511578 -0.67062646 1.0353377 0.11741485 -0.8376342 1.3086437
37 -0.06736749 -0.25829148 0.42774895 -0.03437747 -0.14557363 -0.67036504 0.8725925 0.5424296 -0.43906483 -0.16218542 1.056101 -0.4732105 -0.22666712 0.16126585 0.19487728 0.39729282 0.26561996 -0.037184983 0.1445228 -0.5022993 0.5123007 0.84653753 0.4930808 -0.034670185 -0.12383491 0.14122917 -0.1393414 0.3256182 -0.7468303 -0.9312452 -1.0632689 -0.1747595
42 -0.59689116 -0.70868576 -0.2680655 0.17044756 -0.26178658 -0.5182804 1.1390531 0.26991862 0.3086084 -0.74397916 0.80611175 -0.10783511 0.39477226 -0.48598218 -0.21333404 0.46940416 0.2632548 0.08587504 -0.57979995 -0.8810081 0.28988978 1.3093613 0.8696746 -0.17286094 -0.12145329 0.026125386 0.07359303 -0.26980934 -0.4648794 -1.5509747 -1.1503515 -0.26110443
45 0.12565081 -0.7525459 0.27752554 0.19303711 0.2260462 -0.14102215 0.91902125 -0.4840729 -0.70987725 0.22700465 0.8463308 -0.84802747 0.26480973 0.36866796 0.29191536 -0.0014601228 -0.6352612 -0.23276743 -0.5626443 1.1411273 -0.5904115 0.038547903 0.11720792 0.33209753 0.35836154 0.5339997 -0.55892676 -0.703875 -0.35102937 -0.33037603 -0.3122008 -0.31470236
53 0.05346141 -0.4990463 0.3877471 0.10630994 0.4567514 -0.14089683 1.010769 -0.5739103 -0.80395347 0.22742073 1.0118935 -0.76162666 0.44044405 0.39280474 0.011880523 0.2666574 -0.83747196 -0.23283795 -0.562185 1.2416689 -0.3596697 0.0025830953 0.037060693 0.3086167 0.3590948 0.69294775 -0.80465114 -0.85852605 -0.5922749 -0.41204163 -0.30205104 -0.23819976
68 0.020824611 -0.2187264 0.29677668 -0.1804209 0.045584653 -0.48939523 1.0834763 0.3705811 -0.9621369 0.17728394 1.2549541 -0.30537984 -0.17296161 0.09883981 0.5671853 0.54535514 0.2526256 -0.14049704 0.18772976 -0.08894116 0.17511864 0.7515473 0.3986796 -0.033253834 -0.10646498 0.42592204 -0.4428613 0.42099404 -0.8631115 -0.72283894 -0.67425215 0.22672948
69 -0.26977068 -1.2324007 -0.057645313 0.22920397 -0.005229504 -0.059616636 0.04673648 0.5942861 0.3076944 -0.108037464 -0.4690446 -0.67123145 0.41620725 0.23864993 -1.2340184 -0.06430871 0.011304615 0.25560805 0.2488817 1.1559858 0.5471278 0.9062271 0.7180552 0.18211003 0.06591884 0.28708676 -0.07513747 -0.026017461 0.76429343 0.7187551 -0.26465997 0.62554485
89 -0.26821303 -0.25307295 0.25568175 -0.10522022 -0.17058451 -0.7023848 1.0142289 0.4366029 -0.46491435 -0.21565636 0.9931972 -0.23716712 -0.07977992 -0.051989384 0.22621089 0.2715397 0.29424155 0.18012232 -0.018957904 -0.48787117 0.45969537 0.90754324 0.8902331 -0.0779624 -0.18585812 0.055063743 -0.31645402 0.5889957 -0.68571776 -1.0863665 -0.9981007 -0.16192465
98 0.26382342 0.12014578 0.47676256 -0.15152438 0.18910114 -0.31133163 0.781334 0.03101593 -0.80592835 0.27775928 1.1180042 -0.57661265 0.20969439 0.18243216 0.70184356 0.41301364 -0.116764754 -0.19287932 0.08339167 0.23128207 0.2632101 0.6443529 0.48254898 0.0065582274 -0.22723259 0.8136098 -0.3814224 0.084692426 -0.9308734 -0.45309877 -0.3979316 0.20824581
108 -0.4310135 -0.375236 -0.16646086 0.04669311 -0.30464 -0.39998084 1.2128375 0.5116269 -0.019860337 -0.74712783 0.96307695 -0.14588554 0.38563994 -0.52796215 -0.2542029 0.14648545 0.15230022 0.4170442 -0.7308439 -0.71939224 0.25838327 1.0876713 0.7280023 -0.114357784 -0.3833601 -0.05332352 0.13749436 -0.3918612 -0.37372753 -1.5792907 -0.89778525 -0.08856435
109 0.2111477 -1.270221 0.24953786 -0.4272346 0.62613475 -0.080219194 0.6868943 -0.18532555 -0.49999213 -0.2293576 0.20278764 -1.0091968 0.12090308 0.7536332 0.13040173 -0.36485338 -0.9792381 -0.39544445 -0.12035908 0.5038364 0.040122386 -0.13980739 -0.16285385 0.5017366 0.37377465 -0.38816753 -0.58210677 -0.64858395 0.31749815 0.11290473 -0.5002072 0.49922392
15 -0.060670175 -0.5871823 0.08508131 0.23203796 0.07527864 -0.10024802 0.18669064 0.499407 0.41107607 0.11925434 -0.5758914 -0.40916023 0.34027684 0.22616962 -1.2261242 0.0028026844 0.067509644 0.21663207 -0.29726887 0.7760026 0.72057027 0.6293189 1.3244026 0.24102442 0.013239264 0.4102679 -0.18308212 -0.3134755 0.6956127 0.32141232 0.24042347 0.6772985
36 -0.39758575 -0.30590633 0.17259628 -0.09301136 -0.34519053 -0.6853069 1.1295259 0.52019286 -0.46113473 -0.2717732 1.0020436 -0.12924206 -0.10772144 -0.114850216 0.1420701 0.44956475 0.27096614 0.11184703 -0.086738795 -0.50669473 0.29649732 0.8954604 0.69360673 -0.08034031 -0.1577962 0.08097056 -0.1928909 0.5066597 -0.5298452 -1.0186957 -0.9998283 0.027257767
40 0.067818664 -0.044328336 0.35798675 0.094230026 -0.06737531 -0.4312204 1.061317 0.31835917 -0.6634938 0.07469116 1.1146789 -0.5224168 -0.29549986 0.24864937 0.7204789 0.38495025 0.29022917 -0.21297896 0.08709499 -0.105884954 0.10293072 0.659526 0.45582545 0.016116738 -0.056173425 0.24500711 -0.25813434 0.37557548 -0.561211 -0.8218293 -0.76314795 0.09550218
62 0.12866606 -1.4152225 -0.037561323 -0.41408193 0.30113852 -0.040362906 0.49097925 -0.15349212 -0.81686485 0.07471604 -0.031142391 -0.88543695 0.17111927 0.81148 -0.03266064 -0.11956564 -0.47161257 -0.6342889 0.011261685 0.86202645 -0.07835981 -0.17433214 -0.38951233 0.3745557 0.51925653 -0.3056219 -0.8629453 -0.60375756 0.13224255 -0.119377874 -0.5639359 0.4602601
72 0.013297316 -0.0856264 0.35571 -0.030837571 -0.11561927 -0.8004568 0.8737721 0.5828508 -0.39013892 -0.10489744 1.074593 -0.49052316 -0.2574509 0.09549308 0.5017067 0.22638923 0.18200381 -0.14799337 0.2508603 -0.299035 0.41769755 0.8178563 0.7135143 0.03510114 -0.007176891 0.22981797 -0.33617023 0.3792361 -0.72091025 -0.87290794 -1.0148621 -0.20336933
102 -0.30388108 -0.47150338 0.038757592 0.116907656 -0.17345206 -0.6270747 0.9161294 0.40472656 -0.028198298 -0.4176187 1.0432405 -0.2539299 0.06791227 -0.250797 -0.011259165 0.09655388 0.34537315 0.11925636 -0.08876527 -0.6013867 0.38799837 0.8546105 0.72592556 -0.116239615 -0.11684613 -0.08764927 -0.070804484 -0.036216922 -0.54484737 -1.3393421 -1.0446178 -0.3527168
104 0.029328637 -0.11147349 0.2902608 0.16007233 0.0200352 -0.8170536 0.84480107 0.39185905 -0.27890554 -0.17429459 1.1056411 -0.6136206 -0.2729403 0.1687414 0.39555869 0.48165563 0.26193827 -0.036392592 0.22627693 -0.24182412 0.3843853 0.90163785 0.709088 -0.076826 -0.0628135 0.30464038 -0.17499946 0.37930652 -0.74192 -0.8056671 -1.2450035 -0.29439336
4 0.22756697 -0.48156875 0.028450496 0.22029972 0.17538963 0.3080257 0.078112796 0.86529523 0.39808872 0.35974878 -0.9139835 -0.6465859 -0.08917155 0.45326775 -0.7683892 0.2029827 0.3482411 0.24238612 -0.42764816 0.43887857 0.8239499 0.9826265 1.4789603 0.10148564 0.13937938 0.44411054 0.12837338 -0.7686092 0.38539875 -0.05316811 0.54167736 0.3123145
6 0.20639326 -1.1830693 0.24695696 -0.5442987 0.62602836 -0.22692047 0.5871236 -0.14005722 -0.30343297 -0.17171225 0.25908062 -1.0686963 0.2428687 0.80490905 0.034818333 -0.48284432 -0.9729349 -0.3386691 0.047786213 0.4051723 0.097669885 -0.08370664 -0.07016217 0.44697025 0.40205565 -0.38101947 -0.66794527 -0.7585795 0.3446409 0.10705092 -0.5323216 0.4410699
5 -0.13769457 -1.1897475 -0.46662265 0.1352512 0.3758209 0.029796008 0.9340415 1.2900692 0.018004375 0.79290533 -0.93241924 -0.35261983 -1.3767736 1.5069575 -0.68831724 0.8068374 0.13452674 0.11612619 -1.051348 -0.25410777 0.6789254 0.51638854 1.1032065 0.15831149 0.10406974 -0.080863506 -0.61783046 0.37316123 0.24116656 -0.18082744 0.8002713 0.1829703
23 -0.39693758 -0.2976784 0.28358352 -0.3292689 0.07433951 -0.37921444 1.1978337 0.23779166 -0.9280867 0.34680307 0.9827676 0.053430013 -0.08112328 0.19469789 0.5455458 0.6106583 0.29328895 -0.23023029 0.1598363 -0.14409795 0.21265787 0.7038071 0.47957987 0.010062558 -0.3214686 0.46556166 -0.7321223 0.80968946 -0.70648134 -0.5999212 -0.5794712 0.43169838
57 0.23493566 -0.2237361 0.3378693 0.3163304 0.3308944 -0.009201198 1.1861116 -0.31611618 -0.8689909 0.058846798 1.0357528 -0.89982265 0.3045389 0.28187174 0.18186845 0.08673729 -0.89017516 0.05124977 -0.5604417 1.2343748 -0.6988955 0.24133652 0.2215519 0.16655357 0.32920098 0.72325134 -0.71772087 -0.52383685 -0.26097268 -0.16622132 -0.22202982 -0.20881796
16 -0.35736555 -1.1237348 -0.38270146 0.0038070024 -0.05337318 -0.073042914 0.21459535 -0.25221908 0.24738283 -0.3282901 -0.5014742 -0.34592083 0.5009305 -0.10025891 -0.6523121 0.11398593 0.30450588 -0.7609501 0.03630428 0.92372835 0.1448766 0.39425132 0.6050391 0.23677596 0.5667091 -0.20084976 -0.48147854 -0.49739143 0.59591776 0.17224999 -0.67266184 1.1314545
39 -0.12960015 -1.1128672 -0.36006325 -0.06210412 0.676628 0.2815035 0.111778595 -0.45921907 0.10448383 -0.47936156 -0.3526185 -0.9372041 0.5536003 -0.088204116 -0.4172532 0.09210981 0.20188059 -0.8495095 0.4704649 0.7862908 0.018914111 0.6988688 0.351463 0.14173606 0.70858085 -0.31098443 -0.58697116 -0.7871821 0.34664422 0.28843367 -1.0670079 1.0801308
71 0.15515949 -0.5251305 0.31456935 0.051112592 0.42518058 -0.057171352 0.9936027 -0.15785603 -0.67427486 -0.031792447 0.7916944 -1.0257026 0.16539407 0.45436415 0.32048678 -0.13417907 -1.0831317 -0.07235413 -0.2088463 1.0147738 -0.6395213 -0.003434889 0.09107795 0.4107978 0.5322002 0.32192668 -0.6001093 -0.6156108 0.24986106 0.03812859 -0.38360026 0.032110035
106 -0.10414881 -0.6529382 0.099962816 0.17085162 0.17485519 0.14743134 0.14306606 0.63213855 0.28609267 0.24876803 -0.5675635 -0.42457214 0.44582883 0.10972262 -1.3093135 -0.042697333 0.18524182 0.36558175 -0.10769428 0.91696787 0.7643565 0.8159928 1.3791085 0.10302154 0.0139184045 0.43621486 -0.22408219 -0.34516805 0.633042 0.30321437 0.3370967 0.7619273
58 0.023751792 -1.161536 -0.43666813 0.02289848 0.2993817 0.22335647 0.2971982 -0.13351513 -0.089124985 -0.47819057 -0.23613186 -0.9412444 0.28001043 -0.1989766 -0.2260108 -0.27572125 0.32642454 -0.9122431 0.16101086 0.9500468 -0.14113893 0.38347077 0.35584095 0.3150614 0.999719 -0.64991134 -0.557436 -0.74714494 0.6362298 0.09927851 -0.8558387 1.0974911
90 -0.25479993 -0.8639295 0.22089079 0.034435853 -0.27898708 -0.03133349 0.08403661 0.6339552 0.10343849 0.15377672 -0.5955563 -0.5017047 0.44906214 0.23624595 -1.0200351 0.025250608 0.14578989 0.2728351 0.026272506 0.98886317 0.7168766 0.66365564 1.1191515 0.270676 0.023996321 0.4028399 -0.17675716 -0.113304876 0.846234 0.42716804 0.07674954 1.0325572
91 0.33548295 -0.512204 -0.15641816 0.446449 0.15235077 0.24747853 0.17301676 1.0100414 0.33682787 0.32028824 -0.78784597 -0.6592555 -0.44005457 0.6572913 -0.7616695 0.10170176 0.52608204 0.26308304 -0.54148287 0.50058675 0.5902904 0.74347526 1.4659098 -0.034937873 0.2829041 0.2915024 -0.11778882 -0.35848078 0.40131962 -0.05534823 0.5964472 0.19354089
96 -0.22841722 -0.94258344 0.14589906 -0.34278068 -0.35442895 -0.5100462 0.19844836 -0.33617586 -0.06926964 -0.21192428 -0.66451323 -0.23002896 0.371398 0.22305058 -1.194951 0.27718377 0.6293434 -1.0456984 -0.0341926 0.9970915 0.5083297 0.07853912 0.39841977 0.28481948 0.28571475 -0.048109658 -0.8085947 -0.39936617 0.6261693 0.018285617 -0.8034338 1.281593
11 0.20663139 -0.7739772 0.044976205 -0.58210117 0.72186774 0.10664766 0.54167813 -0.043693893 -0.29756337 -0.5486599 -0.09660624 -0.84849805 0.17437693 0.23583816 -0.069635026 -0.40799707 -0.65525013 -0.73565936 0.117144145 0.5134361 0.16721591 0.07207675 0.39087695 0.46991986 0.8396737 -0.45592108 -0.800381 -0.72382396 0.44386154 0.11997585 -0.51745504 1.192183
13 -0.16019008 -0.67879176 -0.19316183 0.27124196 -0.040823553 0.1425883 0.18948519 0.50922894 0.33112568 0.16908261 -0.59321356 -0.33424276 0.3376681 0.12118592 -1.0137836 -0.009317581 0.40857258 0.09022281 -0.30307508 0.8801265 0.48650673 0.73110974 1.2825718 0.14323178 -0.021502053 0.3983977 -0.3375324 -0.1537405 0.7528875 0.32887042 0.365924 0.9902323
27 0.45747277 -1.2070984 0.19842847 0.12828827 0.1964217 0.20488113 -0.029646613 1.3373038 -0.08286114 0.887438 -0.9509259 -1.1465873 -1.0305052 1.0697874 -0.6458361 0.87652355 0.42704707 0.14054787 -0.45326978 0.030635558 0.8516416 1.0813882 0.87387353 0.008220037 0.3453969 0.45030653 0.3975509 -0.91417414 -0.061299074 -0.07840281 0.5861301 -0.24476235
31 0.37732765 -0.40624142 0.13592394 0.15971969 0.023870334 0.31544533 -0.05932298 0.83547485 0.24421093 0.343282 -0.78116506 -0.63522774 -0.104857124 0.42154276 -0.51846206 -0.16095243 0.49398482 0.091703385 -0.40795055 0.40232295 0.9148565 0.804793 1.5922583 0.23430909 0.11454985 0.37477073 -0.11288114 -0.54671943 0.45292142 -0.035491876 0.6422356 0.736311
44 -0.29375935 -1.0796511 0.10399078 0.098597705 -0.1437796 -0.040168 0.088842 0.50332624 0.25993338 0.09580987 -0.5089431 -0.5274489 0.6333718 0.24030384 -1.0096748 0.17332582 0.019875867 0.08765482 0.12591691 1.1420757 0.58567584 0.77502173 0.9532216 0.24319135 0.05859139 0.33354726 -0.06278564 -0.1607481 0.8376592 0.6028702 -0.024346335 0.96138126
49 -0.101751916 -1.0990899 -0.08015704 0.02055512 0.24333997 -0.19675963 0.6935242 -0.43951207 -0.47713098 0.2972235 0.7099903 -0.49238673 0.46612537 0.45255312 0.28739154 -0.10342341 -0.7276401 -0.44190374 -0.5564891 1.0471317 -0.2958923 -0.08959767 0.089849666 0.43349588 0.325982 0.44175884 -0.7924652 -0.5481074 -0.5816501 -0.32368493 -0.17387435 -0.24674743
51 0.1009662 -1.0303613 -0.057691626 -0.27349898 0.28677434 0.04030847 0.053422384 -0.34356552 -0.06867143 -0.4133741 -0.31519112 -0.62177986 0.6037526 -0.08770535 -0.9719372 0.11393411 0.46202642 -0.6935861 0.14191796 0.8139643 0.28621703 0.57246566 0.23312142 0.10447582 0.29837528 -0.08986723 -0.5456396 -0.8230949 0.54119873 0.2906722 -0.9741848 1.1901807
59 0.18987241 -0.44014496 -0.11048119 0.24202186 0.14514406 0.26507115 0.06161449 0.7730307 0.30564827 0.25356358 -0.6603345 -0.5716763 0.038025547 0.3593036 -0.9303168 -0.06723837 0.2890671 0.28909642 -0.48540097 0.48089743 0.6605674 0.72700393 1.2372136 0.087077715 0.052710462 0.44155797 -0.13355993 -0.51346797 0.38571605 0.0056525795 0.48660994 0.35868734
66 0.025449831 -1.2961495 0.41490212 -0.52292377 0.3621368 -0.11354178 0.6303232 -0.3350586 -0.5094748 -0.09317707 0.18453044 -1.1958487 0.20105004 0.70344895 0.21886453 -0.45378104 -1.0158724 -0.41133732 -0.34841368 0.41487768 -0.08371612 -0.20780636 0.12814702 0.6471196 0.46953127 -0.36152476 -0.5898538 -0.8380104 0.46344045 0.07399254 -0.35263994 0.54151434
82 -0.436231 -1.103271 -0.019229315 0.19460797 0.0020217916 -0.15074427 0.10270515 0.33711806 0.37182072 -0.05254191 -0.5673482 -0.4436632 0.40669504 0.19927537 -1.3263936 -0.021173276 0.17734921 0.074983 0.18365295 1.2637382 0.6050518 0.5857636 0.94486034 0.23169264 0.06279684 0.14592183 -0.36495736 0.049014054 0.77004534 0.4344671 -0.21828406 0.7454876
85 0.28337553 -0.9656592 0.059881624 0.08415523 0.27776968 -0.14935002 0.88744533 -0.021431234 -0.8522222 0.10163222 0.89581144 -0.7829813 0.18121484 0.43288946 0.13324587 -0.14770396 -0.83881414 -0.007874688 -0.51482457 1.0480142 -0.64939165 -0.016217444 -0.16732812 0.30957115 0.40094447 0.44129544 -0.5798517 -0.65469307 -0.2383543 -0.11664538 -0.3148019 -0.27030587
97 -0.16078025 -0.8472336 0.005074638 0.050831184 -0.09109815 -0.17108823 0.06302412 0.5172943 0.21735315 -0.100164585 -0.4666837 -0.47507656 0.42174712 0.17860772 -1.2630959 0.0020386062 0.09677395 0.056478295 0.055728614 1.1728117 0.60252386 0.6276495 0.8475874 0.25373524 0.15976736 0.37636915 -0.25206923 -0.20420516 0.7071173 0.52316993 -0.17699812 0.8108312
10 0.25653425 -0.6163813 -0.07983773 0.652302 -0.07590062 0.40494815 0.14483413 0.8905323 0.32168525 0.83117926 -0.99217725 -1.019293 -0.9263512 0.53582853 -0.24690706 0.31298667 1.2316183 -0.19720487 -0.53088456 0.52939034 0.50139195 0.9280358 1.6573318 -0.016695825 0.68092114 0.12449263 -0.09507122 -0.63370556 0.33382043 -0.52195114 0.5811082 0.085176796
55 -0.37921175 -0.39505976 0.4961853 -0.30724907 -0.119214304 -0.39907125 1.0873286 0.34973782 -1.0918996 0.49331352 1.1090186 -0.25032705 -0.20469801 0.14541288 0.4232315 0.5536416 0.4362288 0.071847536 0.30194116 -0.2907672 0.25211525 0.8030486 0.34820417 0.013130697 -0.28539336 0.2465825 -0.48871613 0.5498533 -0.67019033 -0.92998105 -0.6453382 0.17344154
41 -0.04105875 -0.42600453 0.2685931 0.108498044 0.1574836 -0.1704481 0.88563395 -0.4716714 -0.83180803 0.4819432 1.0089698 -0.5986963 0.17736547 0.25749958 0.35323763 -0.057906136 -0.4966379 -0.12718497 -0.28051758 0.83043194 -0.34524703 -0.009332833 0.38480413 0.27483708 0.32392836 0.44024593 -0.6916968 -0.33452225 -0.6749948 -0.49544308 -0.059154063 -0.31592083
46 0.04689315 -0.7102435 -0.46513265 0.6559013 0.22333652 0.71667606 0.09786239 0.8504161 0.23784658 0.88987684 -0.8656938 -0.9675676 -0.55795413 0.31584302 -0.5894258 0.17493024 1.1046027 0.2051887 -0.44799933 0.42722097 0.4852368 1.0629475 1.3361039 -0.16185017 0.3450803 0.11989704 -0.3063273 -0.5115963 0.19665082 -0.49251565 0.6461754 0.058633465
70 0.0017180754 -0.52730125 -0.60052174 0.63561994 0.32415912 0.50390244 0.51799613 1.0627337 0.16691475 0.5939923 -0.7194051 -0.55703115 -0.91977996 0.7263992 -0.7089039 -0.003154689 0.48614633 0.22454628 -0.7845465 0.46780312 0.3605261 0.597905 1.3734467 -0.007380452 0.39296386 0.057410564 -0.7303155 0.10009158 0.14833492 -0.42736536 0.77818006 -0.028105915
14 0.11260049 -0.8837759 -0.10326174 -0.46483424 0.5469499 0.23721974 0.33588296 -0.033263892 -0.22364314 -0.70729446 -0.23243979 -0.8531631 0.3294295 0.08319534 -0.39277813 -0.46951184 -0.44275612 -0.6789975 0.13433953 0.56730455 0.16888374 0.2539249 0.27730668 0.34088802 0.62419355 -0.38789958 -0.7576654 -0.800319 0.40405965 0.050317384 -0.7266233 1.0894113
60 0.02409311 -0.7043083 -0.2256593 -0.4460927 1.0253612 0.19546567 0.68954813 -0.18650334 -0.15094355 -0.9154607 -0.1541007 -0.7944355 0.23567636 0.23577438 -0.44031313 -0.46837705 -0.8190457 -0.67861235 -0.01492688 0.55606645 0.1865029 0.10411749 0.45481375 0.4188573 0.7859583 -0.6254487 -1.0052401 -0.64146584 0.4364651 0.06262341 -0.5580785 1.1368634
47 -0.1661475 -0.706684 0.1747076 0.12107494 -0.029989058 -0.07074142 0.12171277 0.5744326 0.19742604 0.014972754 -0.5685748 -0.45308894 0.42062652 0.16752033 -1.2288127 -0.1675188 0.22925134 0.31511027 -0.10072394 1.0731622 0.6666777 0.6420951 1.2376631 0.2687896 -0.06886355 0.5199632 -0.2729202 -0.14389075 0.8175879 0.3738591 0.06989324 0.8899669
17 0.054021493 -1.118839 -0.68028384 0.5768423 0.2717449 0.42901942 0.4903218 1.3503044 0.040492333 0.68264854 -0.6094997 -0.61492044 -0.9707041 0.95925635 -0.95635283 0.32970208 0.66631395 0.41832554 -0.74284935 0.16572386 0.34544823 0.70099354 1.0323747 -0.26721895 0.21327128 0.011790374 -0.5289095 0.20654714 0.16951077 -0.13199165 0.5881529 0.025232296
26 0.08363126 -0.41715848 0.4186974 0.42372677 0.6224234 0.058489095 1.2537885 -0.4247256 -0.82024956 -0.002000235 0.9725683 -1.0749036 0.35388812 0.40025297 0.172935 0.222141 -0.9868971 -0.0050170366 -0.51363254 1.1355716 -0.64157736 0.24234669 0.043401424 0.15012664 0.2704057 0.48042363 -0.5458767 -0.5284898 -0.16528682 -0.07527168 -0.2644214 -0.11455261
112 0.24786071 -1.0189965 0.09067091 -0.21548958 0.68127227 0.053725686 0.66385424 -0.112359695 -0.52026063 -0.25159577 0.38221332 -1.0007951 0.22734022 0.48235068 0.08133186 -0.45822343 -0.9659314 -0.3157907 -0.3410678 0.35529068 -0.12873967 -0.09361544 -0.05288272 0.32347545 0.40021473 -0.28425813 -0.6492148 -0.6795 0.12951428 0.16611221 -0.36992657 0.41417974
24 0.029785462 -0.93246454 -0.3172015 0.13853669 0.49566036 0.034346383 0.80420685 1.3294168 0.10079751 0.7323472 -1.0547414 -0.43186966 -1.4643002 1.547981 -0.9804097 0.72108227 0.15912789 -0.028096212 -0.9780137 -0.14900602 0.56690186 0.3243054 1.2169728 0.0886061 0.43916088 0.049180813 -0.68307346 0.009171385 0.008426621 -0.38348472 0.62075275 -0.039864104
94 0.1967741 -0.71068573 -0.358835 -0.540746 0.8300438 0.5134741 0.50043356 -0.06544105 -0.28235495 -0.60167426 -0.08153275 -0.81441987 0.39226815 0.019073978 -0.28971592 -0.49772623 -0.61571103 -0.77270174 0.05115425 0.48423603 0.2660614 0.3172412 0.40406978 0.46059152 0.79053074 -0.4505848 -0.8912316 -0.99320525 0.29654664 0.013414226 -0.40248942 1.2102301
28 0.0041702758 -1.0743625 -0.49396047 0.50411415 0.4109973 0.30664054 0.7317678 1.0642804 0.05418893 0.85463023 -0.86995274 -0.5421139 -1.2481381 1.2997125 -0.58547306 0.6483139 0.47254726 0.100318685 -0.9427015 0.16821554 0.4873645 0.5658485 1.1271465 0.0435113 0.21836303 0.0084875915 -0.6103257 0.23428917 0.20122144 -0.16982214 0.77166665 0.032310534
50 -0.21814717 -0.8553476 0.088784024 0.0845072 -0.19055478 -0.019818291 0.05232982 0.60858583 0.35497916 0.1815075 -0.61942565 -0.50482553 0.39150843 0.2649292 -1.0804536 -0.16673407 0.17501463 0.30652946 -0.1330778 0.88049227 0.72748387 0.72054255 1.247525 0.26590818 -0.1154153 0.37608525 -0.19074254 -0.2233636 0.8621855 0.29695114 0.15706593 0.7844424
80 0.38851514 -0.7472698 0.3003414 -0.24063942 0.04206785 -0.07243705 0.17004536 1.2362057 -0.16153102 0.99944276 -1.181706 -0.9320104 -1.0866983 1.1470472 -0.56192285 0.8855853 0.4700947 -0.07469247 -0.5470986 0.06273091 0.9135415 0.8472624 1.2448796 0.18176274 0.4528377 0.48507208 0.17170218 -0.8456076 0.073393345 -0.29165846 0.72428215 -0.014727319
107 0.1994122 -0.912466 -0.46523365 0.592122 0.45168197 0.7849212 0.06745064 0.8060815 0.3907578 0.9308009 -1.0880663 -1.1716415 -0.7415038 0.7061905 -0.23990665 0.4811712 1.0259159 -0.19280669 -0.27447903 0.2666566 0.44992003 1.2305561 1.3792648 -0.2455601 0.596289 0.18146735 -0.08418517 -0.83559996 -0.08761832 -0.52623695 0.5468447 -0.15375729
86 0.11109859 -0.7427042 -0.20716572 0.7548773 -0.19352311 0.17601755 0.089748316 0.51521176 0.42092898 0.39169216 -0.50491416 -0.6733478 -0.4044623 0.47043538 -0.4999442 -0.008473805 0.82247525 0.08264181 -0.5988377 0.764747 0.10744823 0.50601155 1.1909326 -0.05920646 0.24023528 0.16568902 -0.19534461 -0.028749228 0.64594334 0.040704712 0.31482276 0.25457248
63 -0.045260854 -1.0323752 -0.42683694 0.18585864 0.48625112 0.1732696 0.8707791 1.3940401 0.14677621 0.6497458 -0.8911195 -0.43916538 -1.3864529 1.4032248 -0.73554283 0.5440361 0.022284064 0.17238985 -1.0167619 -0.2937868 0.5895598 0.48231852 1.2722857 0.096629314 0.34572244 -0.05566692 -0.53962326 0.084490284 0.11919344 -0.31817245 0.7007507 0.019541753
