1 -0.46152028 -0.222224 0.23007059 0.53582484 -0.44665343 -0.19011542 1.0279996 1.1201805 -0.7952992 0.031124374 0.54371816 -0.42974764 0.19062378 0.1172968 0.29293948 0.6049004 0.40734535 0.15351404 -0.25977516 0.32663122 0.49728677 0.733175 0.131152 -0.17183697 0.7686566 0.024957074 -0.15346278 -0.17720559 -0.08856817 -0.5222343 0.8674557 -0.12973148
3 -0.68235254 -0.36786577 0.3361698 0.67910695 -0.7977692 -0.06751339 1.3752486 1.0496178 -0.8024704 -0.47356343 0.46217382 -0.373263 0.023173492 -0.2213542 0.3617406 0.2842281 0.09543875 0.43512133 -0.5810113 0.2320625 0.55825967 1.0604892 0.14741766 -0.19693296 0.7960179 0.15329126 0.3480937 -0.56090266 0.29581994 -0.26777872 0.8043797 -0.07922126
8 -0.6707272 -0.41614816 0.10040392 0.7322958 -0.76045793 -0.053758707 1.1790375 0.99855673 -0.8882317 -0.41589108 0.1978192 -0.5238568 0.13853805 -0.33043388 0.35118437 0.37713653 0.073932275 0.2555686 -0.49977052 0.18487635 0.37676197 0.876248 0.19019619 -0.27795747 0.7443883 0.04195456 0.48918536 -0.3756545 0.16328126 -0.38279045 0.7306672 -0.1418007
9 -0.36692947 -0.5815565 0.062222484 0.041900057 -0.7094687 0.17549002 1.1298451 0.9590475 -1.1570067 -0.010382949 0.22246769 -0.9161448 -0.44157583 0.3264408 0.6130579 0.35964093 0.16036776 0.5868221 -0.35891846 0.59825206 0.2847893 0.7233601 -0.113543585 -0.010450795 0.019371854 -0.12917744 -0.18483159 -0.8551224 0.5928759 -0.85858345 1.549943 0.043240976
12 -0.43312913 -0.22281602 0.15967341 0.5629871 -0.7356878 -0.05371036 1.2258849 0.97166806 -0.90584886 -0.46422967 0.4394003 -0.6378926 -0.03171221 0.027259948 0.48750046 0.28641975 0.12921965 0.3475205 -0.34068403 0.43174508 0.14003165 0.9302107 0.21736886 -0.18107082 0.5930427 -0.07737048 0.16494884 -0.14615627 0.44629756 -0.61231333 1.1190988 -0.039826546
19 0.11555925 -0.8692413 0.053883117 -0.29493648 -0.07030509 -0.60379773 0.3340103 0.12055815 0.3405332 -0.26836395 0.046273082 -0.54219323 0.9158686 0.2729384 -0.7367261 -0.63257915 -0.01942429 -0.024364708 0.6052142 0.8486056 0.30028895 0.15909606 0.9080536 -0.033603314 -0.24936192 0.60254246 -0.68030673 -0.5859412 0.42880937 -0.89633334 -0.9383946 0.053757183
29 0.32194155 -0.6819382 -0.17975101 -0.33399737 0.50539553 0.6340609 0.6562445 -0.16896963 0.4011018 0.20074157 0.2571693 -1.4643718 0.02885068 0.21503471 -0.9259444 -0.21189226 -0.05378951 -0.43880785 -0.17049633 0.19148351 0.002478699 0.38357615 1.0703056 0.11171924 0.09218582 0.4252136 -0.5570105 -0.9424752 -0.22571927 -0.20282346 -0.62873983 -0.3985468
30 -0.08254303 -0.4097437 0.23695119 -0.092016056 -0.9471288 0.1270213 1.0010586 0.9254487 -1.2644911 -0.18491152 0.11948884 -0.8571898 -0.45056826 0.05431618 0.80506134 0.4493252 0.1063769 0.6806595 -0.6012683 0.7855947 0.10177092 0.8808777 -0.16829357 0.07183222 0.15320796 -0.1190225 -0.34676868 -0.76754475 0.5321279 -0.9185685 1.3331162 -0.03397142
33 0.017336829 -0.7508539 0.30018538 -0.44105348 -0.7937748 0.2046067 0.94545686 1.2211795 -1.4243503 -0.23981807 -0.10816011 -0.638673 -0.23815879 0.17585564 0.66257465 0.65356296 0.037144206 0.91909367 -0.80542463 0.795664 0.3581738 0.82806873 0.0046253707 0.036343385 0.4117628 -0.054849148 -0.2284686 -0.87911105 0.7807145 -0.9456464 1.329895 -0.1313309
34 -0.7204269 -0.49586245 0.54154354 0.5906281 0.27800745 0.17451033 0.65187645 1.0049492 -0.71822697 0.43452072 0.38576284 -0.13832255 0.219829 -0.05811478 0.4242608 0.8658 0.73667926 -0.17353758 -0.1495043 0.34116507 0.59420246 0.7102772 0.25059283 0.07986196 0.92205477 0.2182852 -0.24152668 0.007669951 -0.50823116 -0.35928378 0.45412496 0.08966407
35 0.5613397 -0.75158936 0.23168243 -0.003983221 0.93012 0.6921974 0.8131779 0.25718805 0.50129455 0.22383174 0.15265045 -1.2712812 -0.11749108 -0.071691036 -0.70135397 0.35253006 -0.10165713 -0.42519793 -0.7465865 0.25028148 0.015413119 0.49152273 0.6404659 -0.2643918 0.14419837 0.2210437 -0.548946 -0.41865146 -0.3123946 0.44447047 -0.4024971 0.2183611
38 -0.36417994 -0.7248541 0.035798296 -0.036178473 -0.7099984 0.18642138 1.1449625 1.0223364 -1.1275042 -0.41915727 0.08215193 -0.67677724 -0.2150178 0.01559622 0.7775882 0.48668003 0.029469421 0.8209671 -0.5675393 0.5603659 -0.20047563 0.8529993 -0.104136154 -0.121706836 0.26284206 -0.08367823 0.0026482854 -0.8875549 0.7598261 -0.90999794 1.1987779 -0.099426195
43 -0.7233673 -0.17813809 0.3927243 0.9193749 -0.13024439 0.15568858 1.2001437 0.89422846 -0.51176757 -0.35190806 0.5874667 -0.26191244 0.5304636 -0.24800052 0.72994804 0.44000086 0.08839519 0.057281718 -0.64931256 0.09919765 0.30236632 1.0911928 0.27043477 -0.23325953 0.78289425 0.3572928 0.32275888 0.0698975 0.20027305 -0.3297107 0.6616458 -0.16625656
48 -0.43063468 -0.4930345 0.13430691 0.14929548 -0.84742004 0.12501013 1.2429274 1.1299988 -0.8706547 -0.13801402 0.063057736 -0.7848825 -0.0347805 -0.20858075 0.38770404 0.35559052 -0.056500264 0.3596824 -0.6412937 0.38488424 0.27573016 0.4829764 0.33752665 -0.019104075 0.30673924 0.11828785 0.5503403 -0.48090044 0.6474676 -0.73127156 1.2666047 -0.1325203
54 0.009651096 -0.9278927 -0.19834049 -0.043631434 -0.08046557 -0.380371 0.30392012 0.18846375 0.42059112 -0.24629962 -0.28193387 -0.50103146 0.95207435 0.2896363 -0.6897333 -0.592788 -0.0035899626 -0.033867564 0.5086967 0.7321943 0.20474716 0.09893222 0.9014201 -0.33152708 -0.4843902 0.4313447 -0.44514814 -0.5439907 0.40155026 -1.0211083 -0.70438164 0.06626355
56 -0.84560686 -0.4412576 0.21882823 0.64182854 0.18899098 0.45138893 0.80287325 0.85021144 -0.309411 0.33930096 0.6015888 -0.103953466 0.065878496 -0.036330707 0.6287581 0.6716825 0.15162072 -0.29280797 -0.20235698 0.013633792 0.5193522 0.9170566 0.19390494 -0.19640453 0.57896185 0.095062956 -0.45856974 0.16999656 -0.199444 -0.49114987 0.24270803 0.077484764
61 0.4762023 -0.8630518 0.041960947 -0.1962939 0.88619083 0.690762 0.7739147 0.030992502 0.52563584 0.13422804 0.100334585 -1.2894397 0.064860255 0.0049557053 -0.7489447 0.06120757 -0.04571341 -0.40312046 -0.6381595 0.13791208 -0.15389693 0.44109446 0.9617154 -0.12346285 0.14539503 0.55597544 -0.40286383 -0.7199281 -0.27341527 0.18853013 -0.7357748 -0.2849297
65 -0.50309163 -0.38526416 0.03932396 0.20727019 -1.1317004 -0.19576724 1.281004 1.1113085 -1.0750005 -0.032734048 0.044970095 -0.7353533 -0.013670626 -0.31055048 0.3167554 0.3824286 -0.12973385 0.22484265 -0.5868969 0.46913442 0.5209942 0.5103024 0.3632354 0.04252187 0.44565988 0.08665629 0.45912874 -0.6660719 0.5830089 -0.7333048 1.1168483 -0.060495615
73 -0.3595961 -0.6839741 0.69515496 0.32409978 0.48183614 0.74598086 0.49522823 0.7109767 -0.06515635 0.38825798 0.30479884 -0.41647732 -0.43460688 -0.12474286 0.28833994 0.8703156 0.24635091 -0.5294172 -0.055677734 0.16633555 0.54578257 0.8407769 0.1940921 -0.25321048 0.3949181 -0.013859342 -0.8230273 0.0055845873 -0.43805984 0.04329642 0.02936664 0.7421392
75 0.43826 -0.8526535 0.16655166 -0.07169727 0.9400558 0.79949063 0.728782 0.27857822 0.54818517 0.28653824 0.031707708 -1.2356658 -0.110565044 -0.15998422 -0.4800388 0.39488724 -0.073409624 -0.45438775 -0.7329275 0.24705379 -0.20561284 0.45897388 0.70584553 -0.24438314 0.04432592 0.25659782 -0.46553996 -0.36275092 -0.25151634 0.2933861 -0.4400285 0.21626627
78 0.58750427 -0.81999207 0.06520984 -0.30797568 0.69984984 0.59583753 0.5651526 -0.022809276 0.24388717 0.21017283 0.0068470463 -1.4555055 0.07749203 -0.05257264 -0.93328947 0.10373914 0.14031573 -0.45709693 -0.5181098 0.30897537 -0.2102844 0.3062209 1.0349679 -0.052565962 0.3598996 0.3787049 -0.4429975 -0.6825283 -0.513904 -0.010409742 -0.6113111 -0.33593634
79 -0.6089695 -0.53168553 0.5979917 0.525686 0.31387213 0.48119953 0.6021621 0.70686024 -0.23497885 0.3396357 0.38233802 -0.2065731 -0.14095376 -0.2741687 0.57314825 0.8967183 0.22203845 -0.42228568 -0.1364195 0.28230718 0.49709576 0.91955817 0.038034428 -0.1782682 0.6552998 0.052720565 -0.66547513 0.09504146 -0.39761636 -0.21175317 0.064287156 0.54812795
81 0.3409185 -0.6310327 0.018697873 0.5312193 1.0333728 0.41427383 0.893817 0.41596648 0.3380894 0.40474698 0.18623309 -1.043169 -0.20026137 0.08158048 -0.28634277 0.39373586 -0.052539036 -0.48836613 -0.5521414 0.4112397 -0.030066276 0.5313891 -0.024399323 -0.54146934 -0.054819394 -0.08271446 -0.6798861 -0.14180993 -0.4332727 0.43571627 -0.06633962 0.77106893
87 -0.92038125 -0.30980378 0.13989961 1.1015319 -0.023354318 0.27447143 1.0716735 0.9360306 -0.50336605 -0.040095896 0.6686441 -0.3232868 0.28998414 0.026649492 0.666372 0.5598304 0.21941479 -0.009405784 -0.31627485 -0.029729748 0.2799963 1.0752709 0.29100037 -0.23466593 0.6976036 0.15829872 0.016294986 0.26127583 -0.11743817 -0.36961988 0.5015101 -0.120645516
88 -0.89827114 -0.60355496 0.06337475 0.96322286 0.56224173 0.9138699 0.8488818 0.8476684 0.146494 0.45696902 0.38303834 -0.17430897 0.023498686 0.17110135 0.9494601 0.69908977 -0.09755835 0.0625104 -0.06908445 -0.16299146 -0.07031762 1.0090445 -0.042717468 -0.48857355 0.13102695 0.22017774 -0.5227235 0.29409075 -0.19384323 -0.5832757 -0.22606751 0.07537001
93 -0.93563724 -0.22413641 0.15380909 0.9330704 -0.011128409 0.29142404 1.0881066 0.8767116 -0.4417654 -0.06950563 0.681378 -0.18723212 0.34925047 0.08803442 0.9076186 0.56515914 0.12942597 0.23970762 -0.35847753 -0.037812483 0.21251076 1.189347 0.26052392 -0.13646813 0.7526815 0.38708848 0.019997459 0.19882396 0.071353875 -0.5168428 0.41493735 -0.29011682
95 -0.002563763 -0.8636617 -0.15793368 0.07692914 0.08996961 -0.55472165 0.42579412 0.08392728 0.23464341 -0.24804537 -0.29121345 -0.5191976 0.76232576 0.14514257 -0.5223342 -0.6607683 0.06960434 0.23273297 0.67844313 0.85235155 0.045156945 0.15410982 1.087698 -0.1636089 -0.5917106 0.40018213 -0.31505024 -0.20086743 0.58622205 -0.84188616 -0.8198923 0.21658531
99 -1.0683858 -0.5133636 -0.03715794 0.9960608 0.56760925 0.8231529 0.875858 0.90663683 -0.20351449 0.32751805 0.45565882 -0.11741947 0.41148275 0.024780594 1.0606928 0.7298168 0.06678867 0.12059975 -0.29305694 -0.22103703 -0.033111103 1.0365674 0.36219797 -0.25814176 0.446531 0.3858359 -0.07560488 0.30557486 -0.09497399 -0.6275687 -0.08728822 -0.40513316
100 -0.74245316 -0.6030278 0.40308163 0.73263764 0.30814165 0.7594463 0.557445 0.7515105 0.0908638 0.59873444 0.27343062 -0.22483405 -0.099687345 -0.19880599 0.5876795 0.7556577 0.19772694 -0.38179767 -0.3127133 0.027105842 0.34374484 0.9923285 0.017775575 -0.37074748 0.37384865 0.19166245 -0.7933621 0.08774315 -0.44504404 -0.37716994 0.0058143744 0.49308103
103 0.15700217 -0.74502146 -0.11597947 0.16566177 -0.005807441 -0.586672 0.3133332 0.18001339 0.22132401 -0.12007647 -0.27770323 -0.3886398 0.8291539 0.1594821 -0.611339 -0.6432925 0.35540166 0.3933781 0.4770644 0.9740077 0.05585322 -0.017672747 1.0715761 -0.040619306 -0.4663939 0.4280756 -0.42358267 -0.2940306 0.5092786 -0.82651895 -0.7041502 0.115333945
113 -0.39777976 -0.29671767 0.16556446 0.70162064 -0.6562628 0.08230956 1.0309459 0.9926732 -0.8297322 -0.51686674 0.18477929 -0.59989387 0.2256907 -0.11237998 0.5634626 0.38357815 0.30354604 0.42713043 -0.4507371 0.23430383 0.12942855 1.0202585 0.16741073 -0.25572687 0.708401 0.030091286 0.30621338 -0.12124002 0.12529515 -0.50176567 0.74151206 -0.31435788
2 -0.7410265 -0.45009086 0.5731229 0.55312604 0.051065587 0.28932574 0.69178534 0.8671471 -0.5776723 0.37228537 0.4667232 -0.23046854 -0.19717209 -0.13668044 0.38600788 0.79562426 0.62265426 -0.44130087 -0.0014073426 0.20226914 0.73103493 0.8736171 0.33642045 -0.0168299 0.84035754 0.005583027 -0.5064183 0.041133203 -0.5179012 -0.28313082 0.36373463 0.28711268
18 0.2501447 -0.7594581 0.38549015 0.24633345 0.9452948 0.72945213 0.65858257 0.61256427 0.29349414 0.23453908 0.009831742 -0.7641563 -0.2018612 -0.3247374 -0.03623491 0.7287333 -0.08916338 -0.6076722 -0.6156682 0.36162463 -0.03011885 0.6467348 0.15471679 -0.47682455 0.1968975 0.030244322 -0.58920646 -0.03555017 -0.38513473 0.358197 -0.3683974 0.7519487
20 -0.3395499 -0.8829415 -0.049367573 -0.1536135 0.23077182 -1.0403155 0.7784771 -0.30533046 -0.3506086 -0.43785772 -0.11603704 -0.3329128 0.17442285 0.037829902 -0.3563776 -0.56607527 -0.53895193 0.2704061 0.88843364 0.98363346 0.14483143 0.34959882 1.2976434 0.15680642 -0.44249946 0.7328676 -0.30730575 -0.43583742 0.68634945 -0.4027768 -1.1621261 0.34700984
21 0.3142147 -0.55056244 0.41378 0.163554 0.9769904 0.5906274 0.6082052 0.64073527 0.32234666 0.37205538 0.037340224 -0.745196 -0.050438534 -0.29598096 0.028851504 0.79774386 0.07798501 -0.6866502 -0.69025964 0.6033636 0.0038659577 0.56982756 0.19330613 -0.4232785 0.29656878 -0.029321788 -0.67739284 0.20480457 -0.2871965 0.2452995 -0.07647595 0.9255861
22 0.1371779 -0.9146636 -0.048029218 -0.39843485 -0.12621747 -0.52674055 0.33300817 0.16152936 0.21950525 -0.29078436 0.020147717 -0.5505102 0.95149034 0.18599366 -0.86420786 -0.6047001 0.20110142 -0.26054376 0.5896986 0.86026895 0.36254093 0.1254134 0.8698622 -0.10354341 -0.057038706 0.4523968 -0.75422573 -0.8191623 0.4070427 -0.9154078 -0.7211855 0.08887422
37 -0.6109215 -0.3066627 0.44659594 0.75109684 -0.27191192 0.06760756 1.0892621 0.9370787 -0.46918735 -0.25317073 0.5426934 -0.23334558 0.21409665 -0.07709114 0.52146655 0.4536832 0.21020286 0.2171902 -0.34866 0.10329619 0.18966842 0.9637841 0.056843754 -0.23927566 0.86676246 0.24032547 0.06343561 -0.013175715 -0.036362626 -0.35314602 0.40061963 -0.08010681
42 -0.46485522 -0.24980284 0.08456749 0.16137047 -0.711059 -0.22211081 1.6073266 1.0398898 -1.0341012 0.049463466 0.30093032 -0.7823789 -0.15415521 0.050403427 0.4594475 0.4135275 -0.21567602 0.59071916 -0.7991324 0.40559044 0.46410635 0.57193816 0.2725704 0.14043096 0.28640994 0.38344666 0.4839057 -0.66509676 0.69366133 -0.6042645 1.3865728 -0.08573038
45 -0.061919816 -0.69177103 0.29956147 0.5943564 0.5444194 0.68268836 0.5093618 0.69749355 0.26801705 0.16901416 0.15143836 -0.55658513 -0.082586 -0.2183563 0.18673304 0.56421036 -0.09464356 -0.6474404 -0.5281374 0.06569977 0.2867827 0.9081799 -0.18471643 -0.58751494 0.18480086 -0.098739095 -0.79592323 -0.0010388205 -0.47821793 0.1016238 -0.2613314 0.70590496
53 -0.23832004 -0.6983784 0.5227257 0.32572702 0.5366749 0.89116603 0.67296463 0.80586165 0.25953293 0.14033873 0.39283738 -0.4687493 -0.345157 -0.29943445 0.24862815 0.8292216 -0.15985632 -0.6772923 -0.28251854 0.18118237 0.35878435 0.917716 0.098630756 -0.4820203 0.2698185 -0.065579385 -0.79252815 0.05984902 -0.15646638 0.2208348 -0.062923566 0.8183981
68 -0.802864 -0.44424275 0.5127505 0.75188595 0.2396272 0.27887845 0.81389564 0.9509418 -0.37575892 0.27909535 0.7835491 -0.09741461 0.16948944 0.036964122 0.56178 0.71772546 0.52759516 -0.3005941 -0.13785361 0.10968104 0.5209613 1.0260899 0.16594326 -0.11259105 0.83536094 0.21463841 -0.63401055 0.20783716 -0.41933808 -0.38428968 0.35281554 0.20034942
69 -0.07899201 -0.99721026 0.33458272 -0.4268523 0.27311546 -1.0063596 0.4960653 -0.12533948 -0.34582046 -0.56590885 -0.29624623 -0.26820636 0.5240472 -0.34890136 -0.0896336 -0.45369846 -0.109604575 0.30675408 0.69293576 1.2531006 -0.107569575 0.2598629 1.2720877 0.35712016 -0.14727429 0.82005125 -0.14331877 -0.10805097 0.7484354 -0.5970196 -1.417585 0.5856893
89 -0.5756894 -0.25320098 0.087118104 0.770606 -0.57235897 -0.16296616 1.2808754 1.0066164 -0.8390379 -0.50485176 0.33107415 -0.52766514 0.18689641 -0.09504005 0.46218604 0.36669692 0.17940171 0.39481366 -0.47240853 0.26666695 0.07536213 0.9924015 0.20571063 -0.22845004 0.7812682 0.032386888 0.4112544 -0.035063613 0.27383298 -0.42691493 0.81752574 -0.09191647
98 -0.4545164 -0.5558858 0.5510899 0.3349726 0.47241065 0.53411347 0.45179957 0.774577 -0.31689626 0.35059342 0.30857542 -0.14744712 -0.22836402 -0.278834 0.5111802 1.0885314 0.30113575 -0.41765106 -0.1359286 0.4779519 0.49959943 0.855594 0.2001836 -0.1266918 0.6979478 -0.07866872 -0.748417 0.14933993 -0.37734565 -0.010520667 0.008173728 0.6184404
108 -0.24261099 -0.5161516 0.20163476 -0.10840575 -0.97174823 0.057268567 1.0866964 0.9796861 -1.2598277 -0.30903393 0.16229367 -0.797837 -0.35086447 0.026137214 0.66120374 0.28103495 -0.052170943 0.772151 -0.7014699 0.6146052 0.31334677 0.9461847 -0.1648549 0.0359547 0.1926601 0.017663658 -0.23982233 -0.9659743 0.761817 -0.82820463 1.3024871 0.0018290662
109 0.39210692 -0.6916291 -0.07781554 -0.26351884 0.66457117 0.6559558 0.54929286 0.09299788 0.52394086 0.17575707 0.13720228 -1.2464876 0.19103849 0.13029477 -0.6852103 0.012235269 -0.08490871 -0.33186606 -0.32305872 0.19545275 -0.120728105 0.1918725 0.88766086 -0.06978387 0.0045258766 0.35908398 -0.37138638 -0.5826418 -0.067919925 -0.24730623 -0.37920117 -0.25150952
15 0.16177362 -0.4702088 0.0013888573 0.28857753 0.09684745 -0.82501787 0.51799434 -0.21696828 -0.5125271 -0.2501224 -0.62815315 -0.56815004 0.0054276027 0.09855151 0.0055291336 -0.56130046 -0.10248945 0.7400884 0.41674662 1.1297828 -0.1981214 0.4130771 1.1099364 0.06713369 -0.8961277 0.18221535 -0.0823313 0.2935245 0.311536 -0.3460255 -1.1038707 0.6600423
36 -0.53924394 -0.3729785 0.3551846 0.89766383 -0.40784067 0.07611303 1.1527854 1.124958 -0.3706965 -0.40456802 0.3143776 -0.33459672 0.45654085 -0.0585907 0.4737689 0.41060188 0.14983936 0.20238215 -0.46840447 0.11404749 0.32363233 0.89750934 0.07979481 -0.45691445 0.5726415 0.2156375 0.33067766 0.04040743 0.18705106 -0.5208789 0.7864141 -0.043183614
40 -0.5007651 -0.16820867 0.530634 0.63773966 -0.17496774 0.06446761 0.9209347 0.9366917 -0.66680056 -0.0008870664 0.4387687 -0.23677334 0.2628973 -0.1750511 0.49269617 0.61305743 0.4243644 -0.042288132 -0.40772352 0.3103748 0.5029717 0.90518856 0.13670921 -0.092481904 0.94767416 0.20556603 -0.020943098 0.0725158 -0.18515392 -0.29471526 0.5147228 0.0017111489
62 0.4155362 -0.8954255 0.069792345 -0.113314435 1.039987 0.7868753 0.66874474 0.24937832 0.2615445 0.2963856 -0.03891903 -1.0425019 -0.2685648 0.037139025 -0.4134718 0.45341334 -0.059354857 -0.30509606 -0.6659382 0.30660576 -0.13502908 0.43168744 0.57263064 -0.27546808 -0.0012040044 0.16418514 -0.48080117 -0.41749567 -0.21943544 0.30691192 -0.3104279 0.3094616
72 -0.63777965 -0.30366638 0.68224955 0.46990013 -0.20778917 -0.016459372 0.84956497 1.0386868 -0.77774024 0.11153848 0.61354524 -0.24789873 0.13239413 -0.12897705 0.45779967 0.8153341 0.53751457 -0.0898222 -0.1558067 0.427926 0.5252205 0.8680388 0.23870926 0.10610949 1.1906681 0.20010495 -0.27479145 0.16920343 -0.38970873 -0.36709753 0.41796762 0.046598613
102 -0.39937234 -0.30321348 0.21100111 0.49278146 -0.6958982 -0.017818453 1.2058848 1.0506723 -0.6959009 -0.3829248 0.23839456 -0.5701274 0.1648423 -0.09513303 0.47734252 0.2988533 0.12541413 0.43539232 -0.51084864 0.29085732 0.11583285 0.7147859 0.25185814 -0.1624002 0.48889008 0.18437588 0.46952713 -0.19566698 0.46255174 -0.61472386 0.99726933 -0.13401997
104 -0.46154088 -0.3233814 0.33837533 0.7084737 -0.571313 -0.1231241 1.1432124 1.0673995 -0.67910063 -0.30975747 0.2247972 -0.5203945 0.19274564 -0.054270856 0.1663466 0.3515867 0.22849447 0.18145013 -0.30561218 0.24394812 0.43582353 0.6102676 0.2760607 -0.24888103 0.67280257 0.11823565 0.4602484 -0.11184666 0.066534035 -0.36873338 0.82037175 -0.02525959
4 0.41418555 -0.21042974 0.02325402 0.5509774 -0.27223462 -0.78556144 0.26595423 -0.37306488 -0.61518234 -0.14213665 -0.7975684 -0.62101567 -0.056737706 0.27473065 0.22852059 -0.51703864 -0.13067971 0.9671736 0.017747806 1.2410179 0.06924994 0.7928911 0.5247721 0.075247586 -1.0382829 0.16217911 -0.71851146 -0.0950507 -0.010613185 -0.35836372 -1.1830871 0.61046374
6 0.6009169 -0.7185151 0.22928473 0.055799007 1.1426698 0.527747 0.85423887 0.22773555 0.34885472 0.18992725 0.2415199 -1.3351735 -0.18165371 -0.040658545 -0.7789671 0.3357525 0.01862794 -0.32632133 -0.6198794 0.35985973 -0.18577147 0.45740452 0.72554064 -0.28814146 0.26876122 0.120118074 -0.50858873 -0.22752786 -0.35848114 0.5832975 -0.3656762 0.40101966
5 0.2231703 0.49259734 0.9774938 0.36845922 -0.34319896 -0.25176683 0.2977352 -0.3851332 -0.8261425 0.27051947 -0.07943852 -0.47422266 -0.26723045 0.91556025 0.7885685 -0.8233363 -0.013003824 0.70820487 -0.3883609 0.645025 1.2644236 1.2028424 1.1842324 1.2704828 -0.9814811 0.96335846 -1.0102911 0.42756894 -0.15050587 -0.42967826 -0.61860454 0.5264902
23 -0.9545368 -0.39431676 0.19252653 1.0503768 0.5074659 0.66441286 1.0201533 1.0559222 -0.013291271 0.40409368 0.59626454 -0.03192528 0.472576 0.22742337 0.9702494 0.6695039 0.0808765 0.18210042 -0.3779931 -0.25196978 -0.04630081 1.1079177 0.19199152 -0.37663198 0.43561533 0.5510005 -0.30292743 0.4516293 -0.18823394 -0.7125005 0.03932697 -0.32488996
57 -0.6295191 -0.6649628 0.2139842 0.9253865 0.5775006 0.8652751 0.5990542 0.8927771 0.28164855 0.49578393 0.20724963 -0.18601543 0.22727472 -0.0378079 0.7518837 0.71644336 0.052302606 -0.16495557 -0.39584225 -0.18155292 0.026214143 0.9864807 0.032128297 -0.5480771 0.19131763 0.2726675 -0.54255396 0.37278715 -0.44892943 -0.566095 -0.20664228 0.101503044
16 0.16822109 -0.7843698 -0.045733087 -0.25111488 -0.025411196 -0.360815 0.3919868 0.15792692 0.33752212 -0.26799038 0.11246755 -0.70276207 0.79217404 0.26151732 -0.81774837 -0.64127827 0.15743181 -0.23025028 0.54111826 0.7616032 0.26616764 0.08399927 0.8965905 0.01042093 -0.23230194 0.5009815 -0.5987587 -0.65985054 0.40693954 -0.7574672 -0.6122189 0.079444274
39 0.31188226 -0.68004835 0.002584793 -0.21617045 0.017436652 -0.49581125 0.3010572 0.27662757 0.40758666 -0.2570917 0.001974457 -0.6751121 0.94117326 0.31019735 -0.81727344 -0.6059925 0.16202295 -0.09674353 0.5260609 0.8900984 0.09722497 0.056500997 1.0241005 0.014842174 -0.2477468 0.47897854 -0.6757356 -0.32954258 0.40121663 -0.9547224 -0.6944962 0.06604294
58 0.4071785 -0.77726054 -0.0876231 -0.3088675 0.50931853 0.6596311 0.5381459 -0.14869265 0.54631406 0.029169183 0.2246131 -1.457847 0.15959325 -0.022999868 -0.69449186 -0.272432 -0.03616429 -0.28755838 -0.40382338 0.22371423 -0.3777501 0.34185186 0.9112942 0.041162424 0.03694568 0.43508077 -0.57592547 -0.77689296 -0.1403992 -0.28648242 -0.6620081 -0.4495149
71 0.4467839 -0.7000496 0.0010321687 0.0022247552 1.1368945 0.59846884 0.91458464 0.16890672 0.5025587 0.5188263 0.1757558 -1.3573194 -0.07580841 0.028714169 -0.78373754 0.36297598 -0.1293802 -0.29945853 -0.76065814 0.29686263 -0.16002691 0.3259041 0.79342455 -0.2726165 0.104223706 0.25104985 -0.44102657 -0.31506908 -0.30166364 0.26605436 -0.24855225 0.12993614
96 0.14373186 -0.8381772 -0.10694437 -0.02057284 -0.09416728 -0.32181144 0.3921714 0.17957887 0.66769385 -0.10744307 -0.12622388 -0.7058351 1.1578242 0.36888078 -0.82891357 -0.65392345 0.17493092 -0.06199227 0.31002128 0.67402524 0.20976716 0.010625586 1.1086478 -0.15729308 -0.4129816 0.72029364 -0.45025316 -0.47525626 0.3524006 -1.1267109 -0.6840359 -0.38197908
106 0.5170732 -0.68690324 0.039205004 0.3863662 0.92918026 0.75967705 0.6789119 0.3887135 0.28320727 0.35105672 -0.0072377827 -1.2996185 -0.21422315 0.026305303 -0.32325092 0.55922395 -0.00037393713 -0.41566783 -0.682382 0.38824204 -0.13455659 0.61114466 0.16752239 -0.48931745 0.021819849 -0.12883133 -0.6645772 -0.20493479 -0.545893 0.3214789 -0.18497655 0.46271282
90 0.14765553 -0.58447087 -0.0636391 0.2347245 0.18884413 -0.896783 0.5263307 -0.16542324 -0.24005404 -0.4092947 -0.6093293 -0.398442 0.26610887 0.17053856 -0.16380352 -0.52206194 -0.23354283 0.68645346 0.41414446 1.027132 -0.057113566 0.2997932 1.2737616 0.08681602 -0.65285915 0.43750623 -0.18690445 0.023121802 0.5856947 -0.42261147 -1.1146268 0.53107005
91 0.45193306 -0.028565839 0.27428344 0.68069905 -0.3274518 -0.45102507 0.27637556 -0.15965006 -0.24315698 -0.058545075 -0.74537635 -0.62910783 -0.018044703 0.6020688 0.25613236 -0.67849797 -0.36108312 0.79673177 -0.11910008 0.7786269 0.53048205 0.6834978 0.8043477 0.08885936 -1.2604547 0.36695957 -0.4129474 0.33745572 -0.0018847845 -0.52244586 -0.9108733 0.47105032
11 0.26668525 -0.7659658 -0.24478431 -0.36503303 0.34565732 0.3665072 0.47096935 -0.1713435 0.34839365 -0.042740658 0.20409387 -1.0866363 0.44100252 0.20804611 -0.8601323 -0.36535004 -0.12714094 -0.1900187 0.014305644 0.26326272 -0.012031392 0.35492772 0.90276176 0.032876182 0.17368935 0.45974737 -0.5820773 -1.0245997 -0.06249927 -0.53363556 -0.88244224 -0.59946483
13 0.008416444 -0.57671773 -0.12273969 0.39417624 -0.08745745 -0.45618078 0.31752852 -0.03411455 -0.070184365 -0.15664434 -0.8068527 -0.25118166 0.2038197 0.130527 0.076180235 -0.4999376 -0.19430871 0.5678185 0.30397615 0.88686913 0.106469646 0.33115712 1.045317 -0.051804375 -0.97378576 0.27528036 -0.2494186 0.070930354 0.5561919 -0.6157962 -1.0448611 0.67105615
27 0.78580916 0.26101676 0.34552315 0.1843164 -0.6642508 -0.773186 0.15896203 -0.18786846 -0.8183059 -0.09945843 -0.86751366 -0.4335451 -0.17002603 0.21644333 0.59129506 -0.14278728 -0.37223977 0.9030625 -0.4798167 1.3909192 0.21143097 1.0745058 0.79838085 0.35278836 -0.6468473 0.2937886 -0.82994634 0.36977506 0.011539288 -0.46120626 -1.3924398 0.34448737
31 0.29894552 -0.26719016 -0.14182527 0.41281536 -0.3963512 -0.41250095 0.17495261 -0.22093837 -0.5270364 -0.13850129 -1.0417252 -0.5688667 -0.20006591 0.28251484 0.41661417 -0.31367686 -0.3873146 0.89346695 0.092661 1.1892817 0.14831598 0.64594954 1.0624479 0.12897024 -1.1380767 0.26034468 -0.2780103 0.035259973 0.18571344 -0.52243066 -1.2820543 0.34809834
44 0.14653246 -0.73055464 -0.17284678 -0.17698765 0.09469918 -0.26239204 0.42624208 0.17702687 0.5669687 -0.34999558 0.1319323 -0.77876073 0.8609473 0.20490511 -0.6730185 -0.6420714 -0.06308961 -0.15325312 0.47021866 0.6336558 -0.049896874 0.13274375 0.92168254 -0.005363144 -0.2910873 0.51053315 -0.5068114 -0.5189341 0.5423788 -0.88709867 -0.72713566 -0.030775437
49 0.35525033 -0.82140195 0.42100155 0.23266697 0.9581834 0.6599848 0.6696079 0.5353295 0.4930882 0.23840249 0.09396819 -0.7749319 -0.12576196 -0.2075778 -0.35300463 0.670708 -0.014400277 -0.39061362 -0.68496585 0.35364324 0.022387885 0.5595004 0.3371792 -0.54583985 0.1821195 0.05803112 -0.6352798 -0.07561013 -0.27590343 0.4658723 -0.26098406 0.64488024
51 0.41696358 -0.9287686 -0.038245793 -0.41080067 0.6223707 0.60383475 0.6031493 -0.027418256 0.4070029 0.15952058 0.16952823 -1.4416287 -0.0034584992 -0.03166888 -0.83848256 -0.07117763 -0.06360619 -0.48874193 -0.35768774 0.31792888 -0.12251981 0.30036393 0.9415873 0.05232129 0.12225695 0.4181894 -0.65107846 -0.8430243 -0.21856096 -0.10052856 -0.6129739 -0.21746032
59 -0.13993068 -0.62026733 -0.067947604 0.22818546 0.23456968 -0.9322983 0.5831474 -0.3202924 -0.38892275 -0.3975652 -0.35038504 -0.31080562 0.08331921 0.104643404 -0.049436554 -0.6078758 -0.3111325 0.68860143 0.6106686 0.9245921 -0.06457614 0.49286914 1.1905054 0.12124858 -0.61926585 0.44866115 -0.24113716 -0.027812587 0.55260235 -0.34782985 -1.2328563 0.5443569
66 0.60956913 -0.7722309 0.24010128 0.018547324 1.160795 0.60076183 0.8581667 0.279135 0.5231159 0.3227723 0.22941461 -1.2162312 -0.006329562 0.008201663 -0.7238303 0.38726345 -0.08315599 -0.18152969 -1.0073267 0.3346899 -0.132739 0.43390125 0.69759727 -0.30675328 0.14637783 0.318251 -0.54937345 -0.25063702 -0.25920385 0.5235194 -0.35364777 0.19072534
82 -0.05929121 -0.8303095 -0.08949751 -0.18844151 0.11278461 -0.61547905 0.48182163 0.078709066 0.10768358 -0.25631297 -0.25763887 -0.47362658 0.71944356 0.07370218 -0.49953762 -0.5762028 -0.01804765 0.08909557 0.66781735 1.0010488 0.09520979 0.020968024 1.2467209 0.07352096 -0.45064738 0.638221 -0.2514562 -0.3980202 0.6594011 -0.7924531 -0.8922704 0.21197432
85 0.5536072 -0.7614004 0.13234916 0.32984692 1.29185 0.49511474 0.85469514 0.39798334 0.3763651 0.21325743 0.10779531 -1.0655173 -0.056276333 -0.002509911 -0.5571536 0.48546287 -0.13796441 -0.272322 -0.83529556 0.2566894 -0.012394246 0.54303825 0.3259404 -0.45797688 0.14928502 0.09645592 -0.48995194 -0.08994135 -0.35184816 0.6221449 -0.33477542 0.44462824
97 -0.127213 -0.86996496 0.033103023 -0.18937472 0.12635751 -0.68201077 0.41273326 -0.13583417 -0.17273772 -0.25212762 -0.3003044 -0.4024483 0.4512198 0.08193956 -0.35258 -0.61950994 -0.032732956 0.35251963 0.6459802 0.9741914 0.15965812 0.13369717 1.2682788 0.26897225 -0.5897381 0.59687966 -0.26416844 -0.27448452 0.6250488 -0.7553004 -1.0177037 0.37009582
10 0.86296946 0.079491474 0.47304866 0.7917103 -0.7547254 -0.5085251 0.085851 -0.18410738 -0.4199475 -0.2326177 -1.0990845 -0.67324364 0.3169258 0.26282135 0.3057969 -0.5058561 -0.42550963 0.85010767 -0.6180294 0.82463175 0.46899626 0.9967219 0.80850756 0.043006852 -0.81396407 0.3807168 -0.5052203 0.43748018 -0.3713767 -0.6813111 -1.487011 0.017414697
55 -0.8062227 -0.4278534 0.11637151 0.9628996 0.6079349 0.6338364 0.8156323 0.89099026 -0.091664694 0.47487298 0.43810907 -0.09276411 0.33738786 0.1676035 0.85374016 0.7209254 0.1759193 0.025334857 -0.25603572 -0.08958387 0.20879868 0.93927777 0.26853013 -0.3366544 0.35827744 0.3211405 -0.329963 0.49675262 -0.23807211 -0.63559955 0.09861832 -0.16012746
41 -0.17432952 -0.782535 0.24481007 0.51700217 0.6257446 0.81620395 0.56126416 0.5989214 0.18085185 0.16408297 0.23243746 -0.5450088 -0.20990428 -0.24144386 0.29932234 0.65804595 -0.008121812 -0.4208313 -0.44834542 0.1280935 0.06757975 0.99283355 -0.24407984 -0.46653193 0.2887678 -0.13054155 -0.9326679 -0.22093284 -0.3278585 0.21664119 -0.38242328 0.6901443
46 0.54902416 -0.43834445 0.15990661 0.8728269 -0.20752697 -0.37597737 -0.05186934 0.0073322547 -0.32199553 -0.053423118 -1.3710887 -0.6435694 0.23240218 0.11910358 0.09221429 -0.61201036 -0.10181034 1.177622 -0.46056134 0.44489864 0.5737807 0.5825268 1.2339466 0.17596945 -1.0646781 0.30777037 -0.11396746 0.44756678 0.13528524 -0.6680321 -0.99384886 0.23427206
70 0.43804294 -0.1415954 0.8222842 0.6396105 -0.30769762 -0.20215914 0.109878734 -0.25812685 -0.43170595 -0.07192598 -0.8191474 -0.6160502 -0.2271343 0.5062767 0.1023932 -0.770083 -0.28903925 0.85594946 -0.42070284 0.47642294 1.144189 0.7702609 1.2648367 0.53942996 -1.2435281 0.5153436 -0.4219443 0.34726644 -0.038741745 -0.33241314 -0.74947125 0.66372585
14 0.31805134 -0.84338677 -0.27050972 -0.27760032 0.10381646 -0.051544342 0.31852725 -0.08035428 0.35985455 0.005515645 0.07703776 -1.2269833 0.5741567 0.16584493 -0.9810734 -0.47824055 0.19185297 -0.1974656 0.1624275 0.63519883 0.0186347 0.10610224 0.71246254 -0.039032333 -0.07536561 0.41222203 -0.67631614 -0.9790674 -0.062071633 -0.74623847 -0.56975263 -0.4501171
60 0.34768918 -0.8190128 -0.19650963 -0.36738908 0.17786913 0.19908513 0.37659004 -0.03943077 0.44611531 0.02721322 0.005226928 -1.0673959 0.595011 0.17303523 -0.8606712 -0.31645516 0.049861155 -0.14610882 -0.09618791 0.4663549 -0.056877654 0.21205762 0.87262255 -0.10972267 0.056842707 0.5210952 -0.5607535 -0.91221005 -0.061786763 -0.6387141 -0.74467295 -0.5979975
47 0.116636045 -0.85500145 -0.0074300123 -0.12864174 0.06439962 -0.4106694 0.38346708 0.17896937 0.3069876 -0.5887434 0.0075792135 -0.37049183 0.79828745 0.1813818 -0.66830707 -0.7711678 0.030187536 0.26249447 0.57407737 0.9451196 0.010336303 0.18341857 1.0431778 -0.14112227 -0.28817514 0.53085595 -0.4346033 -0.4957569 0.6317488 -0.6317522 -0.94799757 0.13077857
17 0.46460834 0.20013231 0.8733286 0.5459937 -0.27980673 -0.10501145 0.4064903 -0.17203432 -0.36206517 0.101792604 -0.71758753 -0.73493403 -0.25197765 0.71939546 0.43505082 -0.6847107 -0.39679542 0.7646494 -0.34152988 0.5416468 1.0710572 0.6479654 1.4010316 0.667045 -1.4289645 0.7723125 -0.13819036 0.6123133 0.040274188 -0.56696546 -0.4235108 0.50551003
26 -0.17084418 -0.68837076 0.40212175 0.6856289 0.4891569 0.82195324 0.55624056 0.6859472 0.3277792 0.22303376 0.089769416 -0.53695595 -0.2756486 -0.28223833 0.28183597 0.73188716 -0.16964786 -0.65409327 -0.3734728 0.16998821 0.33913472 0.9826519 -0.14849015 -0.63646615 0.10385175 -0.1329936 -0.8462525 0.05473972 -0.4657717 0.07375717 -0.33833095 0.8228004
112 0.6925342 -0.71175677 0.28127664 -0.13470738 1.140124 0.7388908 0.89512587 0.3645387 0.4500363 0.14580786 0.27682516 -1.363151 -0.114323705 -0.05393692 -0.56296825 0.3871777 0.010492487 -0.51204574 -0.76071596 0.41314566 -0.16561538 0.48686287 0.6873781 -0.18654387 0.24503462 0.17467435 -0.5054391 -0.27599528 -0.15432848 0.44186732 -0.33260295 0.42441553
24 0.6951392 0.3151607 0.7772989 0.45158014 -0.5025332 -0.3610572 0.11283232 -0.11274422 -0.5389568 0.08420823 -0.6465269 -0.6241327 -0.03642394 0.66332805 0.5492275 -0.5485893 -0.19114226 0.7879737 -0.46691385 0.82686496 0.7491631 0.8731552 0.9637487 0.6066113 -1.0131682 0.5739366 -0.6529527 0.6692216 -0.13333248 -0.7122455 -0.72133297 0.2593108
94 0.21946523 -0.81389457 -0.18535098 -0.41733593 0.5597291 0.67849684 0.775989 -0.14313638 0.47040322 0.080278225 0.20294818 -1.372621 -0.044769987 0.010118466 -0.77721363 -0.14442047 -0.16226982 -0.42865157 -0.29042223 0.1716414 -0.26467323 0.3873447 1.0681992 -0.045865517 0.11641913 0.42761186 -0.4082968 -0.9940624 -0.054938715 -0.053658128 -0.6341126 -0.32361963
28 0.5347371 0.23518914 1.05523 0.7525751 -0.098400794 -0.37280786 0.39325884 -0.34068412 -0.32465315 -0.039111055 -0.26881278 -0.629157 -0.1113799 0.91214377 0.17674766 -1.0258402 -0.3496186 1.0037298 -0.5335708 0.5507542 1.2423439 0.8895714 1.1749297 0.61142457 -1.3650323 0.8005235 -0.5670199 0.5954409 0.014183575 -0.35413086 -0.48959994 0.6963585
50 0.048575036 -0.63933504 -0.1457835 0.24751216 0.07510515 -0.8904307 0.488565 -0.0662184 -0.31533045 -0.47235152 -0.5756411 -0.37841845 0.15483351 0.20651272 -0.1858726 -0.55894655 -0.28232133 0.7658178 0.578196 0.9642925 0.034504 0.4512805 1.1917126 0.12859054 -0.6977336 0.37985402 -0.14544441 -0.05269456 0.66418463 -0.4220668 -1.2345197 0.5616695
80 0.5374786 0.25151947 0.25887558 0.5898294 -0.7903846 -0.55750877 0.109248325 -0.090327285 -0.72271603 -0.09527993 -0.6358948 -0.46931013 -0.32385978 0.5903687 0.6427183 -0.40897983 -0.5289753 1.1037132 -0.24681775 1.0907575 0.45139053 1.2473334 0.5923971 0.1729814 -0.97503453 0.1591527 -1.0824635 0.4033143 -0.075900935 -0.7596895 -1.2371962 0.20660082
107 0.735695 0.08688247 0.44417265 1.0207547 -0.782883 -0.66653985 0.06787121 0.01336596 -0.5487447 -0.20279795 -1.1873933 -0.6693117 0.26978886 0.38691348 0.33754402 -0.3846887 -0.47087085 1.0492426 -0.60844076 0.7203554 0.6704361 1.0372788 0.8069398 -0.03528546 -0.7980205 0.4090166 -0.41219398 0.535398 -0.43710175 -0.60555726 -1.3107975 0.032888737
86 0.50875366 -0.4080565 0.21951361 0.61311847 -0.27903798 -0.5594004 0.19418189 -0.0928593 -0.12430546 -0.30601853 -0.95900506 -0.71375597 0.21817957 0.24610583 -0.19670212 -0.9001133 -0.24873058 0.63014287 -0.27383426 0.5638285 0.70128095 0.4992101 0.9239831 -0.045176007 -1.2969321 0.38306934 -0.09781251 0.28045994 0.22903116 -0.4582108 -0.6775051 0.84313506
63 0.47773987 0.56292444 1.3822963 0.20663032 -0.31000468 -0.4220431 0.25268784 -0.23651119 -0.8892833 0.12748353 -0.2981889 -0.38417527 -0.07660416 0.5201692 0.928116 -0.50226784 0.0133117195 0.68014026 -0.54112804 0.90593547 1.1317298 1.0641388 1.2109718 1.3162476 -0.6080731 1.083133 -0.61805207 0.77850634 -0.20127729 -0.3972462 -0.76921123 0.4769184
