1 0.94383425 0.27850172 0.4456357 0.56890446 0.6419418 -0.41220203 0.9922046 -0.21272014 -0.12590748 0.06873514 -0.6388136 -0.0015740885 -0.2487787 -0.598245 0.17537132 0.26353958 -0.16732109 0.77028674 -0.0121574085 -0.03913092 0.7699763 1.5845985 0.74713 -0.00032461062 -0.24892274 -0.72076714 -0.36213502 -0.26962933 0.4487308 -0.49374357 -0.39817408 -0.042358074
3 0.6166112 0.24469353 0.60312676 0.6696279 0.4380382 -0.33984277 1.1960871 -0.3008658 -0.32469952 0.09939656 -0.73426616 0.036334306 0.0014692566 -0.47911793 0.22187375 0.30685478 -0.22160685 0.5907338 0.1434422 0.13630034 1.0843929 1.4803269 0.580573 -0.34948966 -0.21800129 -0.59674174 -0.36099946 -0.2016859 0.35156208 -0.3255447 -0.16146319 -0.1703365
8 0.6419526 0.2584679 0.317977 0.42809296 -0.17773639 -0.30340222 1.1441597 0.032734167 -0.4553698 -0.2887751 -0.6284573 -0.13543318 -0.2544669 -0.2752444 0.22973077 0.30055723 -0.19620398 0.7066578 0.27079043 0.30075163 1.2653016 1.3528799 0.5421771 -0.6290737 -0.07663485 -0.3837661 -0.54465866 -0.3045706 0.07152937 -0.5118351 0.041860443 -0.28121743
9 0.6547107 0.24393381 -0.34133086 0.34757152 -0.39138082 0.04284716 1.0860409 0.0048420033 -0.66681695 -0.5190024 -0.3367374 -0.36849594 -0.12589025 -0.08131874 0.49719664 0.39233214 -0.24928033 0.8086528 0.26801315 0.6941662 1.5555782 1.3945192 0.35930628 -1.0206674 -0.19603185 -0.3756039 -0.7389549 -0.3747411 0.37770474 -0.59469604 -0.47996756 -0.57202214
12 0.69152915 0.29550636 0.16078779 0.42411307 0.22212076 -0.2610935 0.9115605 0.10129091 -0.34402218 -0.10687564 -0.5883072 -0.14202617 -0.2893862 -0.25866616 0.3589261 0.4325276 -0.2940942 0.6416504 0.10321892 0.29360136 1.390964 1.2574633 0.5181232 -0.51557 -0.11844324 -0.46334985 -0.5256293 -0.42234835 0.3522509 -0.5694684 -0.19315062 -0.27510086
19 -0.67390364 -0.3886904 0.05169025 0.049252007 -0.01843384 -0.16226201 1.0155964 0.22939457 0.12048455 -0.6768938 1.4200861 -0.38242787 -0.07589245 0.26039013 -0.20932761 -0.17737098 -0.10711268 -0.15998971 0.56842417 0.07991964 -0.6975694 0.7437576 0.7054316 -0.0051410287 0.114365995 0.3156745 -0.26427633 -0.43328196 0.27125758 -0.45199087 -0.59780604 0.4972449
29 -0.62774956 -0.29929486 -0.16510834 0.57864606 0.12807935 -0.6321733 0.62557834 0.27259138 0.09370323 -0.50639886 1.3561021 -0.18246491 -0.48796794 0.20897272 0.026721828 -0.620422 0.5274131 -0.30929446 -0.22950658 0.55360377 -0.40273193 0.37748718 0.44897738 0.2804038 0.51400787 0.23986863 -0.6995196 0.109762624 0.91604125 -0.72534764 -0.100786276 0.6799822
30 0.6915916 0.20899807 -0.4215901 0.2528523 -0.65826815 0.24836852 0.95786333 0.14367777 -0.82249236 -0.47270003 -0.2656574 -0.30503714 0.006794736 -0.036477517 0.6689401 0.276985 -0.18681438 0.8659751 0.20426568 0.85761476 1.5223081 1.3831052 0.25029325 -1.0011684 -0.017481945 -0.3912603 -0.8218164 -0.45124617 0.5933645 -0.66412544 -0.5329894 -0.55595696
33 0.6416234 0.3767329 -0.3877468 0.33086574 -0.5522798 0.015675947 1.2143195 0.35943434 -0.56198347 -0.60314554 -0.31756434 -0.46447605 -0.14080773 -0.036846746 0.7697643 0.27734512 -0.25163075 0.58392036 0.1476547 0.6359987 1.5565811 1.3918601 0.33317262 -1.0320948 -0.056989245 -0.40679294 -0.6455109 -0.66786027 0.49211648 -0.87154293 -0.34244895 -0.6718112
34 0.6244183 0.14348827 0.6356805 0.7183343 0.4865161 -0.547182 1.0358703 -0.35033938 0.019633748 0.29108727 -0.71842176 0.11277221 0.35659984 -0.7278154 0.1441537 0.19438358 -0.22641356 0.6863791 0.3755795 -0.16777569 0.9426884 1.3788717 0.73004436 0.008072366 -0.23367225 -0.59293437 -0.15610667 -0.4443082 0.6124495 -0.32085586 -0.37029725 0.2943268
35 -0.75606793 -0.3147501 0.07315435 0.49541488 0.05811764 -0.1307459 1.2060862 0.22080958 0.106881656 -0.6584517 1.4686558 -0.3752209 -0.17333736 0.14892818 -0.12923364 -0.33358613 0.055961322 -0.49295893 0.16948275 0.07676624 -0.66555595 0.5974491 0.70875365 0.20910263 0.5368754 0.20220299 -0.2637939 -0.3562909 0.47550458 -0.4732434 -0.5416179 0.38532755
38 0.71091664 0.40642083 -0.3000588 0.37088004 -0.4877246 0.11511393 1.1611117 0.3434103 -0.63434815 -0.45413607 -0.25420487 -0.16452464 -0.11515114 -0.021054238 0.7449784 0.26212794 -0.20262174 0.7009263 0.08745375 0.6241179 1.4573522 1.3327701 0.34415382 -1.0468119 0.03262191 -0.5440543 -0.65934587 -0.6023725 0.7557731 -0.7840892 -0.19101895 -0.42839682
43 0.66302234 0.23768266 0.60561484 0.6559859 0.25045034 -0.44332653 1.1203494 -0.18480696 -0.12327283 -0.023187986 -0.6795767 0.018422462 0.022832021 -0.52434856 0.24769087 0.36454183 -0.26739103 0.5364912 0.19730563 0.08741183 0.9677651 1.240036 0.58278304 -0.16740061 -0.14483833 -0.46961486 -0.2368827 -0.42712468 0.32823503 -0.57074714 -0.104969405 -0.06280742
48 0.4780552 0.24290986 0.22461596 0.59675896 0.13478361 -0.23291616 1.3247994 -0.12796992 -0.5411097 -0.27203247 -0.48037487 -0.12843631 -0.2953285 -0.2561645 0.3034489 0.38811287 -0.08681563 0.59122896 0.35459498 0.45799667 1.4699705 1.2230197 0.4340681 -0.86627966 -0.10072954 -0.5575959 -0.4798302 -0.130959 0.4281283 -0.37871218 -0.10644379 -0.4197074
54 -0.7406158 -0.6138915 0.13602497 0.06047577 0.13000096 -0.6494009 0.16967288 -0.14311363 -0.48736134 -0.26628044 0.42812377 -0.3322878 -0.029024186 0.23508248 0.08168156 -0.236477 0.67475647 -0.38149258 -0.6604619 1.0832644 0.5166994 -0.17595553 0.5026293 0.54491156 0.8325935 0.4105407 -0.8854542 0.5500792 0.7552503 -0.31541094 -0.28055346 0.25232407
56 0.3023982 0.42391762 1.442355 0.07685299 -0.19809446 -0.5536914 0.64104384 -0.1526614 0.1480365 0.012352301 0.16491383 0.2282272 0.43769857 -0.4659323 -0.0164998 0.24860898 -0.099182956 0.5241047 0.27277973 -0.12201971 0.32942024 0.8575699 0.62257063 0.24017853 -0.46371412 -0.0941925 -0.5205012 -0.6825262 -0.19786192 -0.8295183 -0.42453405 -0.053435367
61 -0.6245485 -0.36651295 -0.08606058 0.2382937 0.13195108 -0.2540384 1.0295994 0.41397068 0.16622935 -0.78082365 1.5109122 -0.5170061 -0.1509158 0.28883353 -0.08644665 -0.19539101 0.12003148 -0.3350766 0.3925697 0.55645776 -0.63343054 0.65157336 0.46427524 0.05754031 0.25063056 0.24581474 -0.21886115 -0.19088548 0.54306906 -0.42474306 -0.31403005 0.4767191
65 0.61134195 0.24948788 -0.030617284 0.5827822 0.09174743 0.13775644 1.2920887 0.023472067 -0.72151685 -0.18423629 -0.42014995 -0.24313602 -0.35623026 -0.22222918 0.33380803 0.21652898 -0.15928666 0.6218258 0.1662692 0.20898739 1.5672394 1.3400009 0.6757546 -0.9044552 0.14797162 -0.63846487 -0.6098648 -0.34457943 0.24631459 -0.339342 -0.3864228 -0.55334204
73 0.3460064 0.23719433 1.3352858 -0.33832642 0.048430014 -0.37763953 0.29453966 -0.37228876 -0.07277968 0.15917937 0.66174084 0.47409034 0.80438995 -0.35379454 0.37662238 -0.09618972 0.073856205 0.77011317 0.44741464 -0.16516303 -0.14248273 1.256593 0.5377227 0.4422032 -0.52668476 0.038667947 -0.5686926 -0.5312075 0.37067994 -0.8140776 -1.0288231 0.12927756
75 -0.5810322 -0.42430905 0.1804723 0.16756296 -0.05430578 -0.14034295 1.064229 -0.11917916 -0.09333673 -0.6086199 1.3714509 -0.52943784 0.23033181 -0.030045746 -0.2121007 -0.24095178 -0.055658214 -0.08535612 0.77487725 0.11680744 -0.59034216 0.79591435 0.54368937 -0.029515803 -0.0059555518 0.29929355 -0.24038726 -0.49057367 0.11175739 -0.2999276 -0.90412325 0.2492069
78 -0.6679892 -0.2995703 0.042104997 0.46872947 0.275885 -0.43050084 0.8571518 0.39460254 0.2210315 -0.6088242 1.2382883 -0.43075117 -0.4387818 0.008361189 -0.086046286 -0.55874497 0.18545534 -0.41008288 0.08889803 0.29298207 -0.6206802 0.5273714 0.638993 0.45514235 0.7205117 0.27018157 -0.38459083 0.04471919 0.5909139 -0.46967372 -0.0661076 0.6343567
79 0.17241865 0.32445747 1.4769744 -0.1850046 -0.12442991 -0.36375955 0.58489615 -0.2530911 0.010285122 0.05747014 0.37560087 0.48913884 0.7558033 -0.45537037 0.2565613 -0.13695073 0.06245821 0.6711527 0.4866352 -0.1419396 -0.12401466 1.2139521 0.55270886 0.41155082 -0.3211528 0.005489968 -0.48711193 -0.4846396 0.15457666 -0.80385697 -0.6315739 -0.03873576
81 -0.6294118 -0.47844887 0.3495939 0.44581318 -0.0014704595 0.18985009 1.1415147 -0.12580127 -0.022027034 -0.5486457 1.361845 -0.43394485 0.37747535 -0.0020233404 -0.3644474 -0.052873787 -0.1207547 -0.39768428 0.5261321 0.16695882 -0.6042012 0.71731937 0.4352172 0.2702866 0.16391712 0.31878462 -0.19466254 -0.45912564 0.11772792 -0.392324 -1.0809335 0.07987861
86 -0.47856924 -0.75922215 -0.099740595 0.32297823 -0.04963747 -0.28273 0.22907136 0.2178381 -0.01538165 -0.3522198 0.8205174 -0.09889443 -0.055952832 0.2483998 -0.07767041 -0.2277627 0.68907887 -0.4882251 -0.56083435 1.6368443 0.0043253116 0.04216412 0.20310327 0.28515324 0.694985 0.19506456 -0.95987797 0.003167805 1.2779114 -0.5922214 -0.06734278 0.7555231
87 0.509094 0.5741265 1.1446329 0.57459086 0.07975838 -0.6257604 0.74638796 0.18675685 0.14868218 -0.116227716 -0.23219895 0.015043901 0.010330232 -0.5151117 0.14196691 0.31299976 -0.23457626 0.43615195 0.35225347 0.17183809 0.8919291 1.1481369 0.44951102 0.0525992 -0.40252128 -0.23581481 -0.4220788 -0.523583 -0.2063903 -0.87302995 -0.0919275 -0.29540488
88 -0.017429955 0.35470203 1.3167615 0.18245555 -0.33569315 -0.36115885 0.380685 -0.07091612 0.12719601 -0.19560844 0.7022224 0.16893974 0.37650332 -0.26691428 -0.13374582 -0.0097380625 -0.23558314 0.5813443 0.46731946 0.14096779 0.3063913 0.9508052 0.34245628 0.13984671 -0.6314749 0.22587188 -0.62918377 -0.6122266 -0.4936989 -0.77871156 -0.5973793 -0.15397942
93 0.37370998 0.46180734 1.2595916 0.3450798 -0.19366337 -0.7051937 0.5556049 0.068210036 0.22455637 -0.037262898 0.11735457 0.22040786 0.120584704 -0.3616453 -0.16855912 0.32905555 -0.23422624 0.60458535 0.19502416 0.07509629 0.62635905 0.97102726 0.46972516 -0.02271411 -0.7547314 -0.108847864 -0.63907063 -0.6142781 -0.29239303 -0.8108358 -0.2821104 0.1169382
95 -0.46836653 -1.0027418 -0.016047541 -0.10065715 0.1442792 -0.29529038 -0.09030728 0.3873966 -0.35660213 0.17959857 0.020303603 -0.6559826 -0.060903776 0.4377139 -0.20474812 0.022852553 0.26901484 -0.2939133 -0.864379 1.0796641 0.78265834 -0.04472612 0.77888364 0.6871845 0.8338301 0.41060403 -0.87998605 0.37909132 0.26877052 -0.20365879 -0.4674863 0.51043683
99 0.2808922 0.6130658 1.4782183 0.35835886 -0.33681566 -0.61713004 0.5028173 0.16436283 0.24559964 -0.09084623 0.35356507 0.12160221 0.25711116 -0.47069672 -0.098631024 0.2569022 -0.19299674 0.5235082 0.25610033 0.04791224 0.5831919 0.8498856 0.4833696 0.13495801 -0.62655824 -0.01978734 -0.6752849 -0.9354073 -0.50002354 -0.97986424 -0.45603353 -0.063336864
100 0.20832317 0.16347079 1.0293509 -0.19305913 -0.002494793 -0.052442886 0.10461287 -0.18183257 -0.09045434 -0.016626474 0.8804632 0.15678093 0.44101918 -0.40489596 0.22593659 -0.06617419 -0.13944554 0.65925354 0.62199295 0.10425812 -0.16579428 1.189491 0.3293229 0.42799535 -0.4364061 0.09754088 -0.55231476 -0.5761839 -0.0019637083 -0.7343461 -1.1062783 -0.13991363
103 -0.65858775 -1.0289507 -0.14813901 0.21881618 0.015908863 -0.3360603 -0.023062771 0.254219 -0.29986233 -0.024159016 -0.0015932395 -0.49517855 -0.006394554 0.3969974 0.05117829 -0.04104664 0.4474476 -0.28660178 -0.98028475 0.98551196 0.7673513 -0.17034543 0.74695754 0.5707697 1.0488107 0.28640664 -1.0675349 0.319834 0.7202601 -0.39274234 -0.39022654 0.45489663
113 0.58547336 0.17412843 0.55860054 0.3224556 0.15844351 -0.69534963 0.94698995 -0.10747515 -0.084022485 -0.12010712 -0.70955956 -0.045856863 -0.12692927 -0.3931332 0.16676809 0.47690347 -0.22699295 0.69064265 0.3781061 0.13895616 1.0945745 1.2254977 0.6307668 -0.2857077 -0.2962118 -0.28062394 -0.38121748 -0.38138205 0.24048187 -0.6571763 0.0013266291 -0.055291194
2 0.3502071 0.16860391 0.9329993 -0.20665072 0.3393016 -0.5362921 0.6417964 -0.2144951 0.08943553 0.26975212 -0.2153258 0.48871344 0.36394405 -0.5243941 0.21545401 0.22248319 -0.023862498 0.8869715 0.5523362 -0.26606047 0.32223624 1.0358207 0.9261775 0.24838649 -0.10325664 -0.29635128 -0.38951793 -0.6297991 0.54307145 -0.7534476 -0.30145046 0.28651646
18 -0.6770402 -0.28057936 0.41501415 -0.072558306 -0.13104159 0.0042894715 1.247756 0.063157246 0.0009147839 -0.5465277 1.4243282 -0.25815892 0.24371332 0.20749255 -0.06977872 0.01814284 -0.17804812 -0.2424157 0.6517077 0.043016847 -0.7053061 0.6764101 0.6201668 -0.09152352 0.013609072 0.19302973 -0.1373902 -0.5300424 0.25500852 -0.32169178 -0.83184004 0.28006473
20 -0.5562949 -1.0404893 0.29084727 -0.009263084 -0.20707795 -0.25494438 0.06624377 0.6171979 -0.18105066 0.2792317 -0.044017386 -0.7662123 0.08816813 0.4295867 -0.3948796 0.1933012 0.22456868 -0.43914786 -0.8735542 1.234082 0.86712646 -0.15934557 0.84524244 0.67776835 0.9345272 0.51329476 -0.64616966 0.20846738 0.00030062892 -0.08542978 -0.29731187 0.548555
21 -0.62429357 -0.4771432 0.3262455 0.098607026 -0.003420232 -0.100632936 1.1296691 -0.18787803 -0.03644378 -0.6326501 1.2208856 -0.40537533 0.37218437 -0.0006376352 -0.17011875 0.012064567 -0.11541627 -0.19854274 0.7704318 0.3084273 -0.67335665 0.7496914 0.42511103 0.06522036 0.0148837315 0.2518696 -0.0858954 -0.38885266 0.2694699 -0.30044836 -0.8211258 0.21390598
22 -0.57399106 -0.23056217 0.16205615 0.33972964 -0.08319547 -0.16770697 0.99027205 0.47479627 0.09205741 -0.7248111 1.2404538 -0.23827411 -0.38338807 0.15765753 -0.06059023 -0.4285562 0.41394675 -0.5083407 -0.06980444 0.6673079 -0.5948207 0.4674035 0.506092 0.3033695 0.6804596 0.19069389 -0.49656406 0.013739198 0.56797767 -0.61774045 0.18279763 0.39708197
37 0.4718745 0.31874293 0.93742704 0.24147351 0.20854141 -0.80906725 0.74912834 0.006548559 0.08282841 0.046400853 -0.5576243 0.19712259 -0.072451085 -0.50671333 0.18952017 0.22750106 -0.17645067 0.6277762 0.42620966 -0.120073386 0.85398453 1.1560785 0.75278944 -0.10421006 -0.17389359 -0.2578194 -0.40732625 -0.6493705 0.28105217 -0.7593519 -0.026326256 0.1348545
42 0.57406527 0.20027387 -0.05054157 0.34164372 0.011865732 -0.03374902 1.2537183 -0.04426898 -0.6586415 -0.27840763 -0.5080984 -0.14409043 -0.24016428 -0.14532629 0.5537074 0.42141077 -0.13152254 0.6767987 0.25575578 0.5750226 1.4370648 1.320164 0.44978738 -0.9030092 0.023431165 -0.59598213 -0.5074279 -0.30498677 0.70470625 -0.53438145 -0.2512713 -0.49233168
45 -0.5046549 -0.11401452 0.8358743 -0.23662911 -0.20012525 -0.011399848 0.93109095 -0.48564836 -0.17124285 -0.4315526 1.1402819 0.027644597 0.41919693 -0.010476933 -0.021747822 -0.101049766 -0.09929795 -0.02167152 0.51603687 -0.11795103 -0.44496998 0.7359799 0.5441671 0.09558079 -0.15986274 0.22472268 -0.40346003 -0.6803858 0.07742311 -0.3466778 -1.1700792 -0.018238923
53 0.219582 0.112777606 1.220238 -0.18797211 -0.09340081 -0.31245416 0.446274 -0.30216324 -0.086709134 0.09435027 0.43863827 0.39839303 0.88420165 -0.5441327 0.39465654 -0.13867739 0.12104776 0.7535306 0.66181546 -0.062014967 -0.25719687 1.3032458 0.43399462 0.46513647 -0.23458058 0.041018914 -0.37667468 -0.43750638 0.30967245 -0.79741365 -0.7117528 0.012934335
68 0.5063372 0.44028297 1.0139453 0.43744582 0.18472494 -0.6172764 0.53677636 -0.029202115 0.22023317 -0.018721906 -0.07703323 0.18128602 0.0254018 -0.46468243 0.014426013 0.28370267 -0.35080162 0.7188283 0.2862137 -0.02210527 0.74286824 1.2638102 0.5987675 0.13834132 -0.5836082 -0.1206044 -0.5015713 -0.6116365 -0.064750455 -0.70761377 -0.39573753 0.13631684
69 -0.46009147 -1.2079079 0.16811244 -0.010074736 -0.1050319 -0.17417188 0.08236192 0.42941883 -0.4868869 0.27068898 -0.25527138 -0.68833965 0.108140916 0.48263884 -0.21876314 0.1721893 0.19876117 -0.3664937 -0.9154036 0.9086892 0.8028443 0.011995384 0.76648974 0.6761601 0.9307152 0.4775928 -0.7799071 0.23828712 -0.14848943 -0.1583586 -0.42209828 0.2289604
89 0.7992855 0.2712347 0.5364206 0.7994009 0.42581773 -0.40861243 0.9800309 -0.047523607 -0.02887377 0.0040922877 -0.64385223 0.037700783 -0.23634388 -0.56959337 -0.0023973633 0.35802528 -0.26911706 0.683972 0.06967545 0.17091435 1.2438382 1.364695 0.58691204 -0.1498158 -0.3129209 -0.6682476 -0.3898266 -0.33394644 0.28011703 -0.43776584 -0.28721744 0.05307882
98 0.36615276 0.2138318 1.2782359 -0.10501142 0.077248394 -0.13814832 0.29023182 -0.24190205 0.07216271 0.073247045 0.66546047 0.39116758 0.7208556 -0.5650207 0.21685342 -0.06820006 0.035291065 0.7435491 0.57090527 0.014063473 -0.32270163 1.2806962 0.47834602 0.62669903 -0.3789047 0.025082331 -0.5452821 -0.5682645 0.23635031 -0.91659874 -0.9730668 -0.0052510956
102 0.6452654 0.21267581 -0.00617472 0.42923453 -0.009068342 -0.12771626 1.2349434 -0.03256746 -0.52092785 -0.25394255 -0.6622957 -0.167257 -0.20404388 -0.27703604 0.43215245 0.30301788 -0.18852352 0.661706 0.24786289 0.38953575 1.4511553 1.265581 0.53957283 -0.775454 -0.0015234386 -0.54207975 -0.4434678 -0.39411604 0.5143126 -0.4731587 -0.18813038 -0.3694076
108 0.64723706 0.35109136 -0.18878242 0.46632275 -0.19645847 0.046939295 0.9818526 0.14754893 -0.5646192 -0.32698244 -0.29990587 -0.20474331 -0.18387836 -0.15815976 0.434708 0.35962415 -0.20120093 0.6810282 0.12691385 0.61035496 1.5574152 1.2365286 0.4210814 -0.9412146 -0.08015237 -0.51420444 -0.70555186 -0.50375795 0.45435193 -0.5866179 -0.45030287 -0.45510498
109 -0.6552424 -0.5074421 0.046307884 0.2640248 0.04508647 -0.039267138 1.2363756 0.00786611 0.022837132 -0.5685888 1.3791484 -0.5105804 0.009139226 0.14314881 -0.35067883 -0.2342727 -0.02964536 -0.46286884 0.4858588 0.10147877 -0.54317284 0.752359 0.5938944 0.009399932 0.21825208 0.33527803 -0.24811393 -0.59960645 0.27028048 -0.27657542 -0.78023916 0.33545953
15 -0.16713952 -1.0124052 0.28054428 -0.026025314 -0.28138462 -0.18747467 0.23289295 0.748342 -0.56123793 0.25418994 -0.19782133 -1.040837 0.3693533 0.52086836 -0.30842772 0.2889202 -0.0040035825 -0.3447764 -0.9332868 0.9803362 0.9639401 0.07811704 0.64627516 0.5915072 0.6459073 0.39308953 -0.5906856 0.39919093 -0.39525834 0.20428461 -0.42920944 0.44375253
36 0.57620865 0.20609158 0.66860133 0.3539849 0.21809939 -0.744406 0.8396097 -0.06719271 0.10465322 0.0127468 -0.65895575 0.107156254 -0.08564488 -0.48422176 0.12987845 0.3206837 -0.26242468 0.75986326 0.41847104 -0.10841881 0.91302913 1.3472162 0.77182835 -0.15572092 -0.23901612 -0.2723896 -0.39210388 -0.6798401 0.37340745 -0.7530676 -0.056881778 0.1748973
40 0.6948957 0.16551737 0.6764238 0.40277007 0.35856587 -0.78668714 0.76112014 -0.2766564 0.18530765 -0.13191366 -0.5015274 0.122723185 0.04017077 -0.6236877 0.13065292 0.40655512 -0.22686638 0.73659974 0.3901349 -0.10656955 0.579682 1.3044711 0.6572963 0.15007304 -0.35224184 -0.28777263 -0.23283012 -0.473873 0.5134652 -0.7524134 -0.29329896 0.27747118
62 -0.5958425 -0.3490023 0.034660626 0.5059875 0.035067845 -0.19455084 1.0963869 0.28277066 0.17809694 -0.62851936 1.4034745 -0.46888426 -0.1967551 0.11589655 -0.3565787 -0.24111417 0.029540222 -0.48321134 0.2805574 0.33456597 -0.6119839 0.5289409 0.5715969 0.10995184 0.32459486 0.21236928 -0.3223333 -0.30913797 0.2725406 -0.3598286 -0.45024717 0.4646163
72 0.49818218 0.20255531 0.811973 0.20137784 0.26193184 -0.78681916 0.58795965 -0.11222438 0.25909668 0.100413725 -0.36224595 0.1649239 0.23588324 -0.5349653 0.104936905 0.41611895 -0.1931224 0.69088763 0.47947052 -0.112677306 0.5655498 0.9012476 0.7280549 0.11092583 -0.35815856 -0.22734049 -0.29765004 -0.72459215 0.41594976 -0.78330135 -0.2565188 0.28263456
104 0.5007411 0.15150511 0.67418206 0.32996613 0.3249651 -0.77636904 0.8920291 -0.21374351 -0.11714914 -0.028617155 -0.7069107 0.1158925 -0.12612168 -0.50313413 0.19866413 0.2576366 -0.122681655 0.65501815 0.4105895 -0.0018993481 0.8001576 1.298291 0.5813549 -0.11322949 -0.15263271 -0.34839827 -0.43260598 -0.36943996 0.24306159 -0.6410313 -0.015636753 0.018972157
4 -0.113293655 -0.95634407 0.4535427 -0.12677723 -0.22911392 -0.096329845 0.26111722 0.78290546 -0.58022827 0.25490707 -0.3649297 -0.95079875 0.542623 0.4654028 -0.07181984 0.23340116 -0.057149913 -0.26016006 -0.8578365 0.9617594 0.70982516 0.36148322 0.44497165 0.8060317 0.5455796 0.4142916 -0.34822127 0.65976685 -0.39710897 0.16856523 -0.30747038 0.3714218
6 -0.64102364 -0.4216856 0.13589376 0.39172196 0.1250321 -0.22456488 1.1645068 0.02501237 -0.026328426 -0.63182586 1.4994731 -0.70127624 0.23289932 0.011246282 -0.19292003 -0.31216818 -0.07291226 -0.3480336 0.722223 0.14857736 -0.59100413 0.7201835 0.536382 0.12050425 0.14172041 0.29531848 -0.13671072 -0.4530837 0.28113106 -0.2316463 -0.797224 0.2943528
57 0.17541412 0.70942485 1.6199776 0.42712665 -0.29554898 -0.6259182 0.6548861 0.04986171 0.22549646 -0.16671945 0.47806913 0.18619733 0.32036117 -0.44241652 -0.0076992703 0.17470662 -0.20863122 0.41429463 0.2655926 -0.022190912 0.61336166 0.79864484 0.5372932 0.161371 -0.57521766 -0.009997464 -0.55749667 -0.7966514 -0.4514164 -0.95719236 -0.45744193 -0.22228666
5 0.33857444 -0.4576613 0.43061474 -0.7660792 0.11682347 -0.33627903 0.80180633 0.98670495 -0.7127752 0.3584758 0.41904813 -0.697453 1.0934515 0.94797206 0.46205288 0.5848094 -0.24848223 -0.276082 -1.1996014 0.3908798 0.5130833 0.12446517 0.7450955 0.4600265 -0.07722932 -0.10988807 -0.0032822227 0.8732662 0.6084525 0.53503066 -0.74251413 1.1820594
23 0.2674691 0.4493777 1.5350006 0.45476955 -0.30802354 -0.7362014 0.44011712 0.07745622 0.34278208 -0.14403929 0.23146945 0.22130601 0.28380746 -0.5055062 -0.16542338 0.283383 -0.31890425 0.56626993 0.21927604 0.21374018 0.52502626 1.0446215 0.30836165 0.25065273 -0.782947 0.06782266 -0.6107824 -0.6474576 -0.49673182 -0.94989777 -0.34567147 0.08258723
28 0.06859894 -0.7463786 0.39658016 -0.39669803 -0.09233392 -0.3017563 0.4740122 0.6238272 -0.6618236 0.28903362 -0.1337096 -0.7721263 0.9491263 0.6326502 0.1532274 0.48544466 -0.08308352 -0.21856996 -0.7413073 0.85784465 0.69763345 0.0661814 0.38388157 0.41040272 0.10080296 0.13148105 -0.1294952 0.8137677 0.21558146 0.43427962 -0.559799 0.6653229
16 -0.5882721 -0.66422015 0.046683554 0.09129941 -0.23542874 -0.42573246 0.43620533 0.16926554 0.14396143 -0.45754167 0.61323535 0.04487474 -0.12563285 0.40481624 0.0074205715 -0.099748254 0.6942208 -0.5532588 -0.76594 1.4567131 0.015363465 -0.06500683 0.34523684 0.33243403 0.67902666 0.22786964 -0.9342981 0.0235277 1.0840033 -0.7740761 0.12241735 0.52220434
39 -0.77904975 -0.8617416 -0.12839288 0.07252387 0.17654082 -0.4155957 0.07281498 0.102231026 -0.36313936 -0.012566815 0.23772746 -0.27951455 -0.26582077 0.40272892 0.055076595 -0.06318105 0.45647988 -0.39182553 -0.9079285 0.9099414 0.5600302 -0.2407041 0.8376672 0.56657016 1.1422974 0.3434766 -1.0715293 0.21322338 0.6477979 -0.4703028 -0.41682968 0.41121194
58 -0.6925533 -0.26670125 -0.044742983 0.6498173 0.11404997 -0.34946778 1.142233 0.29098687 0.13285093 -0.6219329 1.4316516 -0.42518836 -0.15566953 0.12912239 -0.10835278 -0.48778236 0.21486664 -0.48323232 0.08695945 0.16561475 -0.5709649 0.4651575 0.5908812 0.17194672 0.49463287 0.2247209 -0.29327425 -0.19706243 0.56476885 -0.4778907 -0.26950467 0.4944064
71 -0.8619761 -0.35792238 0.16107452 0.50901765 0.023744036 -0.47059065 1.0054065 0.31422576 0.15595473 -0.844879 1.3896447 -0.44531056 -0.4707175 0.093578465 -0.3417879 -0.53805727 0.21124297 -0.4232229 0.0008574941 0.17478657 -0.63008285 0.6799925 0.6576737 0.41694435 0.50682855 0.30756107 -0.5307828 0.0018217529 0.235692 -0.5138187 -0.20846246 0.51521015
96 -0.5459009 -0.73706585 0.06742524 0.09226971 -0.05071531 -0.4546123 -0.033446882 0.08422981 -0.18250643 -0.30792454 0.43810394 -0.14353827 -0.05714055 0.27731106 -0.037989024 -0.24787383 0.7224731 -0.17406158 -0.80722016 1.2852542 0.32190046 0.011890363 0.4401022 0.49288037 0.7449199 0.289276 -1.1342784 0.4111689 0.81396 -0.4988419 -0.26954353 0.37393433
106 -0.69606 -0.4888913 0.37437627 0.03120283 -0.07299315 0.19233824 1.0906737 -0.07745389 -0.14295942 -0.41852114 1.2607003 -0.4216178 0.24342996 0.05218779 -0.18945499 -0.015465206 -0.18917081 -0.2500106 0.6890354 -0.11842217 -0.40959617 0.72323436 0.63581246 0.040644713 0.13366327 0.46325332 -0.21124901 -0.89938605 -0.21627428 -0.42152202 -1.2008668 -0.17139632
13 -0.3869944 -0.9024463 0.15806226 -0.18144386 -0.18821017 -0.16357082 -0.18010825 0.63235885 -0.41581884 0.22697707 -0.047934968 -0.8489836 0.31564668 0.4197122 -0.22022034 0.111140735 0.1390231 -0.17505537 -0.7551975 1.2134615 0.8452813 -0.0098780645 0.60475045 0.6599506 0.67387545 0.52466184 -0.66910976 0.25214726 -0.025583178 -0.1409624 -0.52614105 0.36485332
63 0.56095743 -0.7088741 0.33437356 -0.8326999 0.362293 -0.32861546 0.655578 1.0134962 -0.759432 0.40811086 0.1780602 -0.84147066 0.98080724 0.82709175 0.6007418 0.4621286 -0.28191665 -0.12516828 -0.9508248 0.592246 0.5405054 0.5307634 0.6764174 0.68771005 -0.0714233 -0.035174046 0.015117107 1.0920185 0.79468644 0.63271064 -0.77065 1.2054658
90 -0.17798647 -0.8910699 0.126464 0.16737004 -0.0065610306 -0.15261948 -0.057652973 0.7076087 -0.3119069 0.20189703 -0.3046578 -0.9581914 0.342609 0.2906939 -0.15912087 0.17787236 0.07686642 -0.32755917 -0.88589436 1.2831384 0.88271123 0.1828274 0.42282218 0.7924636 0.719918 0.38440672 -0.520518 0.438285 -0.05513108 -0.003168375 -0.5096507 0.45663875
91 0.10205129 -0.908355 0.48195818 -0.3919813 -0.13286413 -0.31968835 0.4913612 0.7788707 -0.7988261 0.3513003 -0.09463213 -0.97236353 0.93819577 0.60378474 0.11811852 0.44821432 -0.17428327 -0.25336045 -0.73352814 0.90635073 0.71325046 0.37868863 0.44206205 0.62237436 0.16050003 0.30570224 -0.14354762 0.9422227 -0.039441876 0.5637403 -0.48074326 0.7777299
11 -0.8016561 -0.06927769 0.06932997 0.48345914 0.061686214 -0.79018813 0.69485563 0.23001136 -0.14973395 -0.76303434 1.4283724 -0.35740906 -0.67599523 0.23661718 -0.20018615 -0.6366137 0.49584916 -0.32761168 -0.27064556 0.21190815 -0.11129107 0.12963784 0.6485474 0.1927459 0.51248795 0.24259633 -0.93782854 0.29762495 0.39658913 -0.4426468 -0.019614464 0.33822948
27 0.16807145 -0.8438691 0.71086514 -0.5069982 0.009083892 -0.5822761 0.5491309 0.87260205 -0.68742234 0.4633316 -0.04687828 -1.0344828 0.76869446 0.63778114 0.04055933 0.38893017 -0.31463826 -0.3715754 -0.7454705 0.43141767 0.76477706 0.40086982 0.78902996 0.7545162 0.11030734 0.46953052 -0.2046322 0.9732177 -0.3447586 0.742479 -0.35916254 1.0084023
31 -0.034907196 -0.8142173 0.7094512 -0.3936838 -0.4779358 -0.1869339 0.5680616 0.77508724 -0.79698646 0.29768977 -0.33863994 -1.0038463 0.8918938 0.54652584 0.17297877 0.24227367 -0.0968985 -0.2998143 -0.8465414 0.72827923 0.7578588 0.28138098 0.5844758 0.6275616 0.47501674 0.33041027 -0.19176236 0.7143667 -0.29837993 0.50547063 -0.34764576 0.41465715
44 -0.55765665 -0.81538075 -0.2705931 -0.0889266 0.2445932 -0.5952326 -0.07252054 0.379101 -0.20340708 0.01877285 0.4138723 -0.36937022 -0.46090886 0.46612898 0.02476644 -0.03496386 0.510468 -0.33428776 -0.8261325 1.0903447 0.58374065 -0.024966715 0.619374 0.6027464 0.75767547 0.3462385 -1.0283353 0.28359482 0.60673225 -0.5724185 -0.23523083 0.47098985
49 -0.68258685 -0.48065054 0.011147839 0.24843077 0.012920289 -0.15589549 1.1694903 0.12374402 0.32818067 -0.578481 1.2820745 -0.6510842 0.09168985 0.057892606 -0.31088537 -0.18542486 -0.25055054 -0.31077054 0.75029683 0.21739236 -0.73682 0.79276866 0.7084897 0.029085603 0.1959849 0.27252755 -0.15589212 -0.726379 0.45188683 -0.33383763 -0.6450705 0.63453597
51 -0.48782417 -0.44149068 0.16969213 0.21054643 -0.21730542 -0.2878281 0.46837515 -0.03682398 0.22950748 -0.42152762 1.0229781 0.23864111 -0.4023047 0.18732427 -0.3542697 -0.20645152 0.681213 -0.2376479 -0.39823025 1.5543094 -0.5505543 0.28324646 0.36154473 0.06892462 0.5007189 0.06921446 -1.1718721 0.20346235 1.0391073 -0.5903207 -0.06472462 0.7735999
59 -0.34043792 -0.9406344 0.2867234 0.018967474 -0.33274236 -0.09862109 0.20879617 0.6355918 -0.51426226 0.26943842 -0.23603076 -0.84786916 0.46717998 0.47287956 -0.1387224 0.27285662 0.076210946 -0.34092426 -0.9129719 1.0862559 0.8323624 -0.012594151 0.5365005 0.612048 0.7223091 0.40923622 -0.4833641 0.33389094 -0.12002488 0.023229988 -0.4138507 0.39149404
66 -0.686366 -0.5298287 0.2897217 0.11835463 0.053319868 0.08112387 1.0989252 -0.22018169 -0.07889645 -0.499034 1.3522689 -0.32038203 0.15435822 -0.023182856 -0.22709577 0.09824999 -0.26496732 -0.20805119 0.69873774 0.07392523 -0.6190939 0.8794306 0.53341156 0.11666806 -0.010427589 0.3555914 -0.27065054 -0.56344336 0.09939424 -0.36228737 -1.0715755 0.20803083
82 -0.5926711 -0.94467694 0.030395715 0.25430486 -0.00081113254 -0.24373831 -0.012783667 0.47439095 -0.211536 0.35727948 0.004139322 -0.36545634 -0.117543094 0.35743448 -0.18476747 0.034800865 0.36400107 -0.39313722 -0.91450286 1.1521817 0.8012579 -0.14821549 0.7752864 0.4556648 1.0364254 0.2850714 -0.9283265 0.060812436 0.6107989 -0.34153566 -0.24119227 0.6156596
85 -0.75458246 -0.51494026 0.16907246 0.40578577 -0.060129777 0.082605675 1.534015 -0.043330636 -0.001931655 -0.6554039 1.4088389 -0.53797793 0.19723995 0.16940975 -0.40515122 0.021412607 -0.2499234 -0.5630467 0.56331986 0.08678475 -0.6554632 0.75213975 0.60190856 0.034521565 0.20399624 0.29971704 -0.112946495 -0.52638245 0.23269112 -0.25784835 -0.8940025 0.26190755
97 -0.575313 -0.745162 -0.27103525 0.13967597 0.028902324 -0.4979392 0.26512963 -0.02484867 -0.017850446 -0.3633316 0.43190724 -0.20518288 -0.21514791 0.30087358 0.028479414 -0.14387624 0.5730204 -0.43453416 -0.65997505 1.1840341 0.11387868 -0.041213933 0.37867287 0.4555479 0.6463306 0.27007264 -0.78845894 0.17816465 0.96341616 -0.65163463 -0.20045824 0.4297868
10 0.25932688 -0.7816987 0.90638477 -0.5994063 -0.03498724 -0.7034636 0.8508125 0.8636108 -0.7821551 0.505154 -0.17785013 -0.85778874 1.0792959 0.6501189 0.41031742 0.35922632 -0.2296019 -0.33991644 -0.7958128 0.4487159 0.5964846 0.37470847 0.77391946 0.75782883 0.24038349 0.2708476 0.02761545 1.1370999 0.2707069 0.8150572 -0.1856415 1.1651499
55 0.3571967 0.37413195 1.1090829 0.25281447 -0.2151516 -0.91221344 0.74736875 0.0023481268 0.27057102 -0.24853674 -0.17067279 0.1675531 -0.005609666 -0.36887422 -0.15675694 0.48211464 -0.32834312 0.6908143 0.34885657 -0.019914981 0.6877497 1.0031544 0.61647826 -0.023677833 -0.64900804 -0.037800796 -0.51680315 -0.689571 -0.23512024 -0.93568397 -0.058176454 0.17435175
41 -0.3019022 -0.10163926 0.6762121 -0.15795073 0.0028170154 -0.022003062 0.47052443 -0.2661897 0.061469447 -0.31159222 1.245525 -0.116533935 0.32733712 0.007569004 -0.13398597 0.07902629 -0.29877695 0.15108009 0.47664014 0.08612067 -0.45593095 0.8076258 0.40510178 0.2311588 -0.47829401 0.202665 -0.46670797 -0.68328303 -0.03129755 -0.4278049 -1.259037 0.16187261
46 0.079199426 -0.97807515 0.37345198 -0.6062012 -0.23143978 -0.36390114 0.39468214 0.83363986 -0.63457197 0.33220294 -0.2444802 -0.9188293 0.8127316 0.64310193 0.09954775 0.30168793 -0.19158667 -0.082297094 -0.6452584 0.71485484 0.69143176 0.3309921 0.5839749 0.5198079 0.32564476 0.2888873 -0.21285819 0.6991751 0.18611747 0.5323302 -0.3885223 0.88953274
70 0.508657 -0.5108782 0.1365497 -0.59159 0.27203634 -0.2668887 0.5137262 1.2114607 -0.57860535 0.36394912 0.21173953 -0.89280695 1.034895 0.84344774 0.499672 0.5231946 -0.31410003 -0.20186569 -1.3057222 0.40774703 0.5940643 0.21170503 0.63829905 0.60992724 -0.065241665 -0.1558134 -0.029146517 0.6592813 0.70518976 0.4571764 -0.9482606 1.2389425
14 -0.71922207 -0.5038119 -0.051455032 0.60655504 0.08261778 -0.61118186 0.22997345 0.10764369 -0.008469324 -0.6127754 0.93838286 -0.17236902 -0.16907103 0.22222109 -0.04322731 -0.50434476 0.6995829 -0.2216711 -0.58120203 0.48770523 -0.1206753 0.05511117 0.4926836 0.45528683 0.57477045 0.14930369 -0.8890499 0.27905607 0.8178861 -0.67706317 -0.2339966 0.4596853
60 -0.5508851 -0.5061047 -0.07721849 0.49660844 0.13016525 -0.6296242 0.40045097 0.20214154 -0.04107501 -0.36993092 0.8268087 -0.1280203 -0.36809465 0.17663826 0.07048289 -0.38414043 0.5855855 -0.3477574 -0.6058912 0.62493384 -0.21064009 0.08579816 0.4791461 0.5612514 0.6914933 0.17332585 -0.7007669 0.33501863 0.90509427 -0.64708424 -0.039432436 0.6095384
47 -0.60955524 -1.0276085 -0.07313155 -0.07674271 -0.011497175 -0.41469473 -0.03106031 0.34870124 -0.34101835 0.20593736 0.0672854 -0.4794914 -0.10718486 0.5083862 -0.11866668 -0.0055819987 0.28655633 -0.3175094 -0.94622177 0.92003673 0.81449527 -0.22497715 0.8283718 0.5948711 0.8286409 0.42183736 -0.8860855 0.14499913 0.48799852 -0.39080495 -0.4342842 0.5151556
17 0.26899824 -0.61856556 0.1926753 -0.5221598 0.34694874 -0.20709094 0.96584195 0.9590597 -0.80219555 0.19753303 0.31039876 -0.81448215 0.99190784 0.8631109 0.42972642 0.5930354 -0.1357192 -0.2633666 -1.0480038 0.74953157 0.5321238 0.21605721 0.45105684 0.49736533 -0.014048568 -0.20919661 0.2254094 1.1321542 0.8033101 0.5234069 -0.68684834 1.0566965
26 -0.33215958 -0.1572758 0.91436094 -0.27576327 -0.026451094 -0.07529247 0.6244493 -0.50717133 -0.07015078 -0.22080709 0.97986823 0.16087927 0.40932575 -0.104973406 -0.10329513 0.016204683 -0.084431656 0.12161909 0.36834258 -0.113469824 -0.38079795 0.831622 0.43519413 0.27055556 -0.36336416 0.24538112 -0.51340973 -0.6347169 -0.082955115 -0.4839578 -1.1666657 -0.052477226
112 -0.5579326 -0.39927042 -0.13194776 0.6626021 0.20639059 -0.4071616 1.0451144 0.536084 0.20415156 -0.7766807 1.5512359 -0.69362664 -0.27362135 0.1318544 -0.2042694 -0.47278422 0.122164145 -0.40628368 0.31299946 0.41094866 -0.621193 0.7360136 0.45433164 0.3070831 0.33574972 0.31604445 -0.20081736 -0.11283888 0.39682946 -0.48288167 -0.28646082 0.6201683
24 0.30463347 -0.52015334 0.64562315 -0.6785121 -0.005846187 -0.42687568 0.9312418 0.930824 -0.7372371 0.39960626 0.11525602 -0.7283826 0.95866627 0.8277414 0.4089521 0.57219326 -0.28908023 -0.37574762 -1.0635977 0.30131075 0.5710327 0.2564589 0.84908426 0.5564567 0.10913508 0.07721851 0.0009421725 0.9075884 0.29341286 0.6729387 -0.415067 1.0725523
94 -0.60075784 -0.30124006 -0.1825417 0.27977145 0.2972296 -0.45156723 0.5282931 0.40298453 0.04776763 -0.64531064 1.4614812 -0.29017732 -0.816019 0.22198214 -0.026559332 -0.47576186 0.32599312 -0.32678413 -0.31724328 0.52114975 -0.42773283 0.59553003 0.47163123 0.5297164 0.55853736 0.3045634 -0.81468606 0.24234894 0.5523967 -0.544425 -0.28554183 0.5946439
50 -0.3600954 -0.8698893 0.31728482 0.08899373 -0.2530342 0.014463616 0.123847626 0.69940525 -0.4189153 0.30423474 -0.16966575 -0.7771573 0.41221654 0.393162 -0.096957944 0.18306139 0.13898428 -0.39743242 -0.997949 1.1550792 0.8593123 -0.027960729 0.6386821 0.7248468 0.94016904 0.43320078 -0.46835405 0.20928103 -0.02386294 -0.05775943 -0.37593913 0.33122095
80 0.16604589 -0.7784592 0.8482067 -0.90316933 -0.2424114 -0.4711705 0.6773933 0.7335826 -0.9135895 0.5833219 -0.18897974 -0.7560192 0.8473713 0.6791994 0.31072006 0.18639453 -0.21139753 -0.14173089 -0.7486318 0.25764322 0.617801 0.60530925 0.90812135 0.71675557 0.21685313 0.4163991 -0.21597381 1.0103363 -0.13319261 0.8184307 -0.17061007 0.9255082
107 0.14495428 -0.90209484 0.72704744 -0.71790475 -0.064907834 -0.41431433 0.7844862 0.9462765 -0.56988317 0.67569685 -0.20875414 -0.79057676 1.1559327 0.652835 0.18739408 0.45612317 -0.34281367 -0.27433017 -0.8677965 0.46385235 0.64764524 0.34603977 0.9926353 0.6600048 0.40880445 0.3205612 0.03239348 0.840191 0.37776163 0.7910556 -0.37908068 1.271114
