1 0.3315495 -1.2227148 -0.15658128 0.4404606 -0.016334964 -0.7147171 0.27657095 -0.0009164376 -0.8373685 -0.5620549 -0.615869 -0.94258577 0.30373794 0.6342379 0.08191236 0.5924321 0.41255066 0.2406744 -0.25618285 0.8397329 0.18087403 0.47540796 1.0172421 0.047315232 0.79570085 -0.16066107 -0.52847904 0.36821607 -0.3507274 -0.3302512 -0.5986558 -0.38002795
3 0.19110517 -1.0691419 -0.068597555 0.63738436 0.15510464 -0.5966864 0.39842522 -0.13612673 -0.65765214 -0.77682984 -0.5531147 -0.9400907 0.31304213 0.61732197 -0.16318768 0.5861536 0.3526319 -0.059055775 0.04318148 0.85705155 0.0841775 0.5398494 0.95987034 -0.100003354 0.8637298 0.049631853 -0.30417958 0.5736683 -0.34136784 -0.43785754 -0.07646125 -0.261854
8 0.22154558 -0.9129042 -0.18423821 0.5650029 -0.017861933 -0.6567744 0.43377367 0.0063970643 -0.71526945 -0.7573693 -0.3273303 -0.9849041 0.3568323 0.4480508 0.19869438 0.66254574 0.46534902 0.038652245 -0.13795596 0.95066744 0.02773322 0.6566986 0.84282017 0.0031846056 0.76816994 0.01020835 -0.2733384 0.57256067 -0.27764454 -0.3184292 -0.33244133 -0.32609588
9 0.6831098 -0.43525454 0.47583127 0.66515714 0.2772037 -1.0207903 0.56446755 -0.07807947 -0.6370315 -1.218434 -0.33565745 -1.045025 0.54987246 0.48781106 0.5842818 0.48514485 1.1476709 -0.27734992 -0.35803077 1.1581784 -0.33265674 1.0426238 0.8677155 0.14201894 0.6649415 0.31151482 0.30526644 0.78212476 -0.056765333 -0.6709925 0.49819323 0.05571935
12 0.14078014 -1.1049347 -0.14698741 0.5502724 0.20393619 -0.5861461 0.35546646 -0.20116882 -0.61152834 -0.6608486 -0.51051176 -0.9464559 0.26046982 0.6101989 -0.118342996 0.7885219 0.3339312 -0.0150908595 -0.07610037 0.71810764 0.013583884 0.5074405 1.0417459 0.068067916 0.92332006 -0.13254423 -0.42683712 0.5013865 -0.32122067 -0.31866917 -0.23100242 -0.14211313
19 -0.13581108 -0.037312392 1.0077231 -0.20475625 0.5096631 0.12511338 -0.2285831 -0.024175974 0.6621283 -0.110970706 0.48139298 -0.465151 0.395702 -0.3404133 -0.65892965 0.11523052 -0.1507831 0.37317824 -0.06670579 0.49158177 0.4502793 0.39602023 0.6988654 0.41466627 -0.9045346 0.8160452 -0.3741616 -0.3871226 0.013077756 -0.037548814 -0.46403617 0.3643437
29 0.20017458 -0.0603013 0.6158906 0.056990158 0.9526599 0.1255269 0.12772466 -0.10009366 0.41231555 0.17398365 0.5248833 -0.3646606 0.44358692 -0.19187403 -0.009025023 -0.085936494 0.5041058 0.6229074 0.4100349 0.28620273 1.1058855 0.4100753 0.7012336 0.46234992 -1.0132767 0.9880486 -0.7818801 -0.40003458 -0.029311365 0.016771581 -0.64374715 0.081731126
30 0.62396955 -0.36956978 0.41434675 0.5890888 0.35948968 -1.0738627 0.4866743 0.036101192 -0.67189837 -0.9798836 -0.49907923 -0.96430784 0.45977625 0.3299682 0.90451014 0.47194737 1.0832548 -0.096295126 -0.29695418 0.89658624 0.096895546 0.69962436 0.9704624 0.07522349 0.42162144 0.22128226 0.014503477 0.9460482 -0.1487369 -0.6466473 0.1829956 0.071518704
33 0.5470464 -0.077430956 0.18825084 0.381077 0.50530887 -1.0860945 0.4210342 -0.120919615 -0.78143495 -1.3448753 -0.24468395 -1.0998001 0.6644825 0.4303935 0.8030196 0.3564295 0.95896703 -0.28230664 -0.28179365 1.1902839 -0.19205403 0.9620543 0.9980218 0.15939945 0.71617144 0.45629582 0.16734968 0.8850129 -0.21330495 -0.54446167 0.16445461 -0.16036296
34 0.101514876 -0.2597239 -0.10552384 -0.06026629 0.7678374 0.37512362 1.1858025 -0.24770996 -1.0435305 0.2105451 0.5586593 -0.5280012 0.051437676 0.70490354 0.15196046 -0.5396409 -0.90342396 -0.32373276 0.46758717 0.73994356 0.9589902 0.3257347 0.22040574 0.36759618 0.2767079 0.43976906 -0.4000521 -0.5275813 0.10172689 -0.15444113 -0.36462125 0.23625311
35 0.34029028 -0.17635946 -0.062803015 0.059363995 1.0200217 0.32448822 0.87686515 -0.19513388 -0.5712254 0.28160584 0.63887495 -0.5251098 0.060469598 0.71397877 -0.109516636 -0.55668634 -0.47733688 -0.19237314 0.33421165 0.50359625 1.0992105 0.13703121 0.36695367 0.34000656 0.022909686 0.458161 -0.44510356 -0.65072894 0.16558544 -0.022317022 -0.3806982 0.39697188
38 0.41416076 -0.33591244 0.18231937 0.49921408 0.36827594 -1.0740014 0.32221335 -0.036654446 -0.7953712 -0.8613221 -0.5045696 -1.1159036 0.48560384 0.45975146 0.79370064 0.5218228 0.8128477 0.009166939 -0.29123527 1.0433965 -0.01989474 0.6810922 1.0848656 0.08289936 0.49639395 0.18486972 -0.055065524 0.9961887 -0.2344782 -0.425815 -0.082972154 -0.11473807
43 0.012423595 -1.2162316 -0.4990749 0.54125255 -0.19594426 -0.16591991 0.54975605 -0.070187196 -0.42389065 -0.7273539 -0.054548908 -0.66811514 0.38463673 0.49510095 0.15756562 0.57573956 0.13148597 0.11852095 0.40709028 1.0960917 -0.14979948 0.6241724 0.61807203 -0.062640004 0.9546483 0.035970792 -0.22019652 0.06638937 -0.2000976 -0.3628184 -0.38471055 -0.7184343
48 0.39566287 -0.6096896 -0.18873885 0.4636885 0.753793 -0.6250889 0.21780191 -0.04609602 -0.39939147 -0.8287898 -0.759752 -1.0838666 0.53663766 0.8452947 0.16959926 0.45181647 0.69545805 -0.044047415 -0.41117343 1.0572854 -0.18000188 1.0689921 1.0815567 -0.22796568 0.63779557 0.25048175 0.17117505 0.7889273 -0.04218315 -0.29373202 0.41122696 -0.13781066
54 -0.08267911 0.001099152 0.67171943 -0.04787283 0.39438754 0.13357462 -0.00206994 0.11476392 0.6836416 -0.3585344 0.76662433 -0.23200886 0.4918702 -0.23495889 -0.8167294 -0.12425666 -0.11868918 0.29476604 -0.3548289 0.41604042 0.2396496 0.49882916 0.61953163 7.7480814e-05 -0.50251514 0.5416307 -0.17745553 -0.19559313 0.40706336 -0.20318893 -0.27573735 0.5282842
56 0.06171436 -1.3213959 -0.2222702 0.15707046 -0.26556978 0.047177974 0.8117653 -0.06289442 -0.75051737 -0.4173035 -0.051294595 -0.6086938 0.41034847 0.54299414 0.18189488 0.6346407 -0.26469815 0.21751335 0.58877313 0.8338511 0.0941704 0.56616026 0.282052 0.2583025 0.8300024 0.014023843 -0.34096596 -0.2357665 -0.16168839 -0.25700438 -0.20020379 -0.7088279
61 0.12468573 -0.22033376 0.22751263 -0.106322505 1.0853566 0.36899698 -0.057277925 0.059222415 0.58358717 0.18106408 0.5677422 -0.37266695 0.31758767 -0.1740827 -0.4835261 -0.097149596 0.070114076 0.3102628 0.23421319 0.6680563 0.6929097 0.43851322 0.5307058 0.28855255 -0.60661393 0.88082594 -0.3099409 -0.6699984 0.28043094 0.17246196 -0.5671057 0.21733636
65 0.49280226 -0.6659424 -0.14251827 0.6989055 0.74977845 -0.7133958 0.35608485 -0.034229472 -0.5724458 -0.8392286 -0.71325624 -1.0592004 0.46422908 0.98176694 0.14393821 0.32587925 0.70654505 -0.07296707 -0.58193964 0.9195607 -0.0073163663 0.9081541 1.2307233 -0.26164588 0.77439886 -0.05411288 0.097007215 0.9600004 0.1350861 -0.41150624 0.4566813 0.22539248
73 0.0390467 -0.46770042 0.061332338 0.26097497 0.29463223 0.18017308 1.0103282 -0.28263018 -1.0538213 -0.10556052 0.45436326 -0.7286816 0.07199233 0.48118705 0.012050352 -0.008418918 -0.8547672 -0.22718383 0.54782885 0.5423636 0.41482276 0.2728696 0.04087101 0.39351574 0.47519484 0.15932502 -0.1976703 -0.27268627 -0.06380721 -0.015965154 -0.19991444 0.2213046
75 0.21610864 -0.0659744 0.07342112 -0.10656757 0.9336775 0.6845417 1.0892099 -0.6466737 -0.26274586 0.4530017 0.31982553 -0.16663477 0.3565737 0.6017815 -0.005235793 -0.45793906 0.18020724 -0.18972552 0.45019206 0.6486632 1.0446465 0.3583247 0.46839723 0.43422773 -0.325597 0.5706299 -0.60684305 -0.724116 0.16775775 -0.09887712 -0.006754236 0.083884515
78 0.23967811 -0.20001024 0.20385908 -0.022483682 1.1895989 0.40296644 0.46781388 -0.37038863 0.04703724 0.47358778 0.656151 -0.29372025 -0.04648709 0.26907495 -0.3607308 -0.12499297 0.061764453 -0.058938276 0.46342996 0.44036242 0.95608145 0.19101295 0.6257157 0.5231019 -0.30773622 0.70835197 -0.5391456 -0.73077255 0.055274162 -0.089894414 -0.43469694 0.29219022
79 0.12694716 -0.97769785 -0.011175085 0.283297 0.17688707 -0.055073075 0.75379467 -0.12519713 -1.173286 -0.34056553 0.07431821 -0.86790013 0.29732695 0.51667374 0.5389928 0.32073858 -0.63650095 0.33749256 0.81017184 0.6594338 0.08955455 0.5864252 0.07026576 0.35780555 0.56422246 0.27893594 -0.16055575 -0.17224137 -0.25800097 0.07808116 -0.30898923 -0.55174315
81 0.29395884 -0.12730178 -0.06608936 -0.010628701 0.79590905 0.43877646 1.2236607 -0.3472097 -0.8847973 0.27363762 0.58490944 -0.55132574 0.23204488 0.52207166 0.3545355 -0.58883405 -0.21717295 -0.12820639 0.3784872 0.7465977 1.083423 0.37759337 0.121847466 0.43694547 -0.25921607 0.40791032 -0.6725873 -0.50597084 0.20293638 0.066267036 -0.5012603 0.21762042
87 0.11438952 -1.0900986 -0.14242893 0.49159297 -0.22726196 -0.100254074 0.73167944 -0.18326457 -0.85486865 -0.5524322 -0.054956213 -0.6704566 0.29334837 0.5972173 0.15279998 0.60977113 0.0663483 0.018581033 0.26807728 1.1825626 -0.014393094 0.45480913 0.41409057 0.26210585 0.8350275 0.1027478 -0.25470966 -0.096923344 -0.30997032 -0.226673 -0.26036677 -0.60552406
88 0.39628673 -0.4114879 0.39492586 0.15162659 0.25784048 0.05126861 1.2992933 -0.19135769 -1.3827134 -0.025983179 0.29163912 -0.85723054 0.29363123 0.38899907 0.42732388 -0.45717803 -0.59043705 -0.022913782 0.5521948 0.49152163 0.724487 0.424854 -0.11876092 0.30820066 -0.014832416 0.11113995 -0.30102798 -0.40849233 0.02782198 -0.031160258 -0.48644173 0.24279694
93 -0.082595795 -1.1314148 -0.23697828 0.4942797 -0.026587315 -0.06682694 0.7129303 -0.139224 -0.6778969 -0.6069769 -0.19451356 -0.7241605 0.44838944 0.6789476 0.21417564 0.578989 -0.12363462 0.009824629 0.5216666 1.1250024 -0.23510633 0.55367714 0.49156442 0.0972798 0.982632 0.30038363 -0.052015524 0.03509508 -0.32333535 -0.3959336 -0.116942056 -0.72934645
95 -0.17471786 -0.12881635 0.6528254 -0.20074095 0.4016919 0.15486011 -0.1370057 0.2050567 0.94147426 -0.3800449 0.7575602 -0.35772616 0.37012988 -0.23700929 -1.1014593 -0.064364746 -0.15214744 0.2339765 -0.52793336 0.50370103 0.19832632 0.7905649 0.7311463 -0.091518864 -0.6146548 0.47333595 -0.32606354 -0.22045861 0.55258346 -0.16809721 -0.35663188 0.62418467
99 0.2632134 -0.2699511 0.0391965 0.022445476 0.25684443 0.31162637 1.2139232 -0.21396704 -1.2496727 0.10496982 0.15552211 -0.81752574 0.29651308 0.47549263 0.23888914 -0.5298369 -0.4383243 -0.13947137 0.29010755 0.8026929 0.6118667 0.58083236 -0.13130341 0.28538924 -0.23809925 0.19053397 -0.27780688 -0.3721687 0.00519097 0.15983763 -0.35628733 -0.029173635
100 0.10195185 -0.49324635 0.12595405 0.1991159 0.31504527 0.18053538 1.2616686 -0.3347397 -1.1317346 -0.17063782 0.5273284 -0.77805406 0.20785059 0.4568138 0.1830328 -0.189278 -0.77358747 -0.24725914 0.71339583 0.55717754 0.4820921 0.35535455 -0.1563549 0.4253901 0.3858106 0.2271039 -0.23733182 -0.50078315 -0.044248283 -0.015808472 -0.31455442 0.13648114
103 -0.43304005 -0.009736221 1.0389652 -0.34558132 -0.3558598 0.014913045 0.10695046 0.35853451 0.72189236 -0.45240775 0.5572211 -0.16980821 0.70948225 -0.32106733 -0.7263532 -0.6262454 -0.23798943 0.42547908 -0.7535597 0.52314806 -0.03141233 0.8879383 1.0036781 -0.11222294 -0.45118988 0.27752018 -0.18827184 -0.2912412 0.4967868 -0.7425822 -0.5895404 0.5406487
113 0.10160336 -1.3002015 -0.05695097 0.56638885 -0.026785968 -0.5504595 0.49010855 -0.0840763 -0.73723155 -0.59152657 -0.42051387 -0.81036264 0.27758563 0.4416838 0.06482102 0.650495 0.36475334 0.18086639 0.25991872 0.8701245 -0.051297557 0.43918 0.82774395 0.07674483 0.87273073 0.0924273 -0.29617798 0.39909005 -0.32687607 -0.43356925 -0.3688467 -0.4882171
2 0.26477823 -1.4297106 0.36590955 0.5222953 0.02001637 -0.30684176 0.5720094 -0.12868313 -0.9307239 -0.46066695 -0.3841397 -0.6564757 0.08878483 0.5897176 -0.21177472 0.70409274 0.007130652 0.2607044 0.32342345 0.6224309 0.1420916 0.29155862 0.5623832 0.23212141 0.83088017 0.023808124 -0.34219486 -0.060742456 -0.40918243 -0.37914646 -0.2955369 -0.2825795
18 0.43750694 -0.24400525 0.09713242 -0.4068155 0.9530967 0.49621627 0.526168 -0.43210685 0.11394792 0.25270176 0.8368947 -0.15305512 0.05406446 0.23887506 -0.05921375 0.1211133 0.3755679 0.07944813 0.18783239 0.53254485 0.9910575 0.40040365 0.38911957 0.7392516 -0.45113415 0.65842557 -0.5918111 -1.006818 0.20693785 -0.05895291 -0.3994837 0.16957909
20 -0.52342397 -0.028959809 1.2507426 -0.23764043 -0.21922845 0.010941553 0.28156233 0.10281208 0.7690524 -0.590078 1.0358145 -0.15699916 0.6972449 -0.51713467 -0.939183 -0.45935383 -0.057790395 0.27635345 -0.45849684 0.7154506 -0.20967539 0.54523367 0.8827354 0.09151992 -0.4718451 0.40670764 0.041967545 -0.41230175 0.4525737 -0.76904374 -0.39347667 0.69135195
21 0.19805473 -0.3009599 -0.073601946 -0.23939973 0.90555805 0.21105294 1.020219 -0.1314607 -1.0248162 0.25952905 0.37467575 -0.6466593 0.08446304 0.75068796 0.06955642 -0.69868195 -0.9142196 -0.3009637 0.38588032 0.4909714 1.056056 0.2441789 0.31661132 0.27858168 0.19619276 0.43506017 -0.49374261 -0.6963997 0.05553275 -0.09775002 -0.5489466 0.3599754
22 -0.23591131 0.08279381 0.89776456 -0.35003564 0.5982899 -0.12750928 -0.3261191 0.14556298 0.3827358 -0.58634764 0.6767683 -0.742668 0.47196898 -0.20539029 -1.2370236 -0.32726932 -0.069201924 0.2608499 -0.30666548 0.5964713 0.18637899 0.90981084 0.38171956 -0.050014295 -0.9748769 1.1196535 -0.6800726 -0.07600072 0.12490545 0.068753555 -0.5494391 0.049168963
37 0.22427025 -1.2732238 0.058972348 0.51367366 -0.17262341 -0.57526463 0.44600108 -0.022851614 -0.96389574 -0.5672756 -0.36697525 -0.86088604 0.18274385 0.59214133 -0.26633835 0.5998345 0.2610111 0.060670257 0.07247874 0.7933656 -0.022827333 0.5121339 0.7828967 0.14993545 0.9960793 -0.016763406 -0.38057703 0.17545325 -0.44033924 -0.34299314 -0.46799904 -0.46023095
42 0.4718938 -0.5881888 -0.11512113 0.6769992 0.90363735 -0.7344235 0.20276299 0.024334796 -0.4298488 -1.0494628 -0.61314595 -1.1255479 0.5905873 0.8789115 0.37059733 0.41631445 0.64377457 0.07698082 -0.35589746 1.1284118 -0.032241013 0.9500551 1.0654502 -0.28745168 0.5810806 0.3080027 0.20739351 1.0597794 0.0147824045 -0.3394905 0.46232125 0.06303821
45 0.3153986 -0.27945825 -0.010491477 -0.22491539 0.65760046 0.44746456 1.2736176 -0.32706445 -1.2128505 0.20576005 0.14470366 -0.68383175 0.291902 0.6691464 0.2530024 -0.61299324 -0.7012955 -0.261573 0.2936673 0.7914363 0.9896363 0.5363276 0.1540008 0.36844963 -0.14178476 0.32053787 -0.50222003 -0.50022405 0.07768727 0.04073217 -0.37166125 0.22323485
53 0.39143693 -0.44593018 0.14751099 -0.173503 0.5017984 0.31584078 1.2893378 -0.25689435 -0.9901723 0.07590907 0.5606351 -0.52877355 0.25527325 0.6514477 0.19357537 -0.63063174 -0.6728077 -0.04180007 0.4644588 0.47630474 1.0822346 0.30533397 0.08663859 0.409303 0.13683863 0.110922866 -0.59080386 -0.7739047 0.2005644 -0.15883534 -0.47050717 0.3421696
68 0.13751952 -1.1918876 -0.1345246 0.36317036 -0.057370204 -0.13983409 0.69830006 -0.19216308 -0.9043221 -0.47299594 -0.1455257 -0.7812918 0.2439638 0.5897167 0.1801261 0.61848646 -0.24187756 0.09207663 0.52079594 0.95064783 0.03883136 0.45538697 0.3206344 0.22809798 0.7858329 0.05708756 -0.25393993 -0.28321117 -0.33769378 -0.15399244 -0.41656175 -0.44177467
69 -0.28583363 -0.19190744 1.228181 -0.047592137 -0.44669855 0.10984221 0.21720356 0.32200474 0.75661576 -0.510289 0.9085851 -0.19746344 0.5173039 -0.43818069 -0.95783937 -0.30266932 -0.00018536496 0.3413131 -0.67930853 0.993635 -0.14822471 0.6842456 0.7839377 0.12101677 -0.45836914 0.256415 -0.033386774 -0.5318957 0.68217456 -0.5610061 -0.416112 0.74211603
89 0.07445855 -1.1209297 -0.14618298 0.6427552 0.020874582 -0.5773731 0.5263776 -0.042676747 -0.8356503 -0.42287275 -0.4086579 -0.925272 0.3026093 0.55022275 0.24764524 0.5606939 0.36627984 0.21590216 0.06689117 0.8594012 -0.051417835 0.4463656 0.90004957 0.022102227 0.8057005 -0.03226698 -0.33808997 0.53288585 -0.3171152 -0.36971825 -0.40841764 -0.4610815
98 0.041639313 -1.1097351 0.19439898 0.2509341 -0.21124412 -0.13875194 0.75811434 0.07329563 -1.1964074 -0.33198917 0.100912295 -0.76314217 0.18062875 0.5762517 0.42038757 0.37256807 -0.5938332 0.29407728 0.48480415 0.72041464 0.039308194 0.34267125 0.103431195 0.46772397 0.73694414 0.20555729 -0.18228474 -0.4450573 -0.31624997 -0.1690769 -0.5490735 -0.36139154
108 0.5255205 -0.5412644 0.093202926 0.7124418 0.5006614 -0.86579335 0.50044 0.057569753 -0.46553054 -0.9288801 -0.524516 -1.1292181 0.4939872 0.5748744 0.644439 0.56873566 0.8521014 -0.13115098 -0.33833137 1.0330243 -0.035413504 0.8741893 1.003478 -0.14617643 0.50297344 0.07405369 0.1416319 0.95965827 0.03270018 -0.4997146 0.32141763 0.20265336
109 0.05309028 0.036188092 0.3081049 0.107051365 1.2297449 0.57631767 0.71317977 -0.6893629 0.13490601 0.26142138 0.8126438 -0.096052326 0.36750358 0.20933457 -0.016587488 -0.35340962 0.5122502 0.1423398 0.7074862 0.49510333 1.1485065 0.18592416 0.71256185 0.57431483 -0.40061143 1.0069644 -0.8868733 -0.5682818 0.1204459 -0.19370712 -0.35676777 0.05097925
15 -0.42732418 0.10232928 0.8664756 -0.30506456 -0.39151096 0.050367646 0.3239572 0.33443323 0.7527475 -0.34452784 0.77207786 -0.10885392 0.5216674 -0.33852005 -0.5357316 -0.57609665 -0.019089414 0.27854773 -0.8367217 0.28135857 -0.07485237 0.86751884 1.0526034 -0.139471 -0.28513092 0.16856626 -0.26593852 -0.0562227 0.70122266 -0.9154505 -0.41608053 0.754336
36 0.15575276 -0.8515804 -0.1173988 0.34989136 0.0031870862 -0.49645874 0.4925915 -0.17565882 -0.69472486 -0.7340752 -0.5152453 -0.7764401 0.3895251 0.62533575 0.14188112 0.5347602 0.42149776 -0.083968505 -0.007328584 1.1033581 -0.10313507 0.570815 0.8575859 0.06545626 0.80180526 0.02798151 -0.23645638 0.46070227 -0.24043415 -0.44066346 -0.06738244 -0.47196144
40 0.21785326 -1.3364208 0.052159585 0.48284915 -0.09307843 -0.31287125 0.70197403 -0.12785684 -0.9442295 -0.37540436 -0.09127559 -0.86041325 0.12898266 0.46496257 -0.10846779 0.7480816 0.038177986 0.009953087 0.45165756 0.6768568 -0.030878095 0.4647641 0.3960416 0.3372904 0.7845145 0.121344216 -0.29564035 -0.13595317 -0.43194196 -0.14442752 -0.34595433 -0.44404233
62 0.24616739 -0.30234 0.32048368 -0.11162428 1.0911288 0.5376022 0.6715381 -0.27515763 0.26952487 0.42754734 0.4628572 -0.19705664 0.3148635 0.14870983 -0.19473462 -0.086994946 0.5003915 0.0105781015 0.3888956 0.670845 1.182152 0.30766162 0.47496843 0.47109255 -0.75707746 0.9028877 -0.7332146 -0.7178092 0.12510464 -0.04024551 -0.47835657 0.0010944201
72 0.13418846 -1.2456475 0.10982902 0.5482583 -0.046712596 -0.63222903 0.47782466 -0.026984995 -0.93591976 -0.4119124 -0.43409234 -0.92580503 0.13827474 0.48622832 -0.14086573 0.6714422 0.1399074 0.042193536 0.1730799 0.58736914 0.09993168 0.34486184 0.8318783 0.1945339 0.87441754 -0.044529825 -0.48609212 0.30413583 -0.44246802 -0.3091159 -0.47752395 -0.273949
102 0.23612767 -1.0396534 -0.15457386 0.57745755 0.41328284 -0.6270513 0.23182297 0.16070792 -0.59623826 -0.63059473 -0.6473438 -1.0822796 0.32826045 0.7166787 0.0014423854 0.50295097 0.17372684 0.20518285 -0.23764129 0.6791711 0.052823238 0.6766563 0.9162669 -0.31054372 0.61770827 -0.08617091 -0.1265732 0.6876963 -0.16094871 -0.23037812 -0.065005414 -0.043154635
104 0.16757782 -1.3719851 -0.093117304 0.35781038 0.052856375 -0.5651758 0.46262708 -0.002705913 -0.9754169 -0.42928034 -0.41304275 -0.9670284 0.17273505 0.6805525 -0.05183315 0.6115746 0.16262633 0.08904995 0.033731703 0.63382137 0.08580001 0.38871738 0.73048615 0.21314926 0.84952307 0.07507738 -0.4164701 0.12556931 -0.4927514 -0.24374942 -0.4666777 -0.45369428
4 -1.0975271 0.05308694 0.40278208 -0.35038143 -0.41608736 0.08582142 0.6428163 0.57625026 0.7488048 0.3837864 0.6812573 -0.3785252 0.25913715 -0.20780198 -0.15019217 0.0070607816 -0.22411242 -0.019738952 -0.8951422 -0.05302862 -0.3187292 1.2385832 1.4023634 0.061628778 0.04603876 0.12197762 -0.19678845 0.36961916 0.8264639 -0.9114531 -0.041279145 0.8702061
6 0.03173011 -0.06613042 0.4638805 0.05079849 1.0042535 0.43238318 0.71393585 -0.6418802 0.14557174 0.31647277 0.5420884 -0.018092394 0.28432623 0.08049397 0.05546328 -0.26538566 0.52895784 0.10718728 0.6275614 0.28984168 1.1607478 0.10437734 0.71424055 0.506064 -0.5179263 0.74427146 -0.9599229 -0.4071002 0.13418183 -0.28835467 -0.34141603 0.2566191
5 -0.89874285 -0.36264807 0.59585613 -0.14636417 0.016978724 -0.27909216 1.1376233 1.3904485 0.21715291 0.9378513 0.8411033 -0.14607218 0.1629487 0.2705511 0.5485432 0.07289825 0.5445771 0.035594303 -0.822047 -0.92498356 -0.20212078 0.94838035 1.217285 0.23685357 0.70056915 1.0129147 0.06783979 0.08799881 0.2728077 -1.5687082 0.289382 0.32871664
23 -0.20794038 -1.2985549 -0.40461415 0.22601095 -0.2753729 0.08734063 0.8804654 -0.16016269 -0.69512606 -0.28055114 -0.26524755 -0.6977806 0.36099368 0.55581677 -0.047336034 0.6009092 -0.2435079 -0.20678596 0.5004322 1.2455977 -0.14671168 0.60718936 0.481904 0.13615787 0.89735276 0.13597056 -0.318818 -0.10442221 -0.23134638 -0.23361573 -0.23024721 -0.732763
57 0.31300175 -0.42978165 0.3120085 0.10671815 0.403906 0.43775913 1.5170182 -0.28684512 -1.1010756 0.24171922 0.123848684 -0.6263785 0.33913183 0.33726004 0.2952172 -0.6631665 -0.5591748 0.031740937 0.54534876 0.6175171 1.0413337 0.4488312 -0.023858836 0.19867384 -0.3420326 0.04658478 -0.48793158 -0.3304442 0.19196253 -0.05909838 -0.4732141 0.25780565
16 -0.031521175 -0.10011847 0.74809223 -0.295342 0.8410538 0.091922134 -0.3660578 0.15514523 0.7749564 -0.38964462 0.51645595 -0.34473503 0.53079677 -0.19273399 -1.0127952 -0.065582186 0.122606695 0.28062838 -0.21739924 0.42578477 0.3004649 0.7436931 0.588634 0.06074124 -0.68980336 1.088424 -0.41936937 -0.27726698 0.19772911 0.07894931 -0.35804912 0.22321673
39 0.03701742 -0.19715716 0.5421352 -0.29285643 1.0321338 0.28511927 -0.35221487 0.090002514 0.91325605 -0.09046435 0.34841695 -0.6704896 0.6242266 -0.26730072 -0.43092 0.28267065 -0.06268221 0.56110555 0.24359675 0.56259376 0.41707298 0.87302285 0.51996404 0.04507623 -1.0903153 1.0077342 -0.31028783 -0.38100192 0.085459314 0.2960053 -0.4790379 0.12537214
71 0.34544584 -0.3104598 0.6260839 0.2111036 0.638545 0.59445924 1.4494888 -0.39109993 -0.76082176 0.37353384 0.5368832 -0.39785162 0.30039778 0.29971966 -0.11228393 -0.686539 -0.033236966 0.008421768 0.70532393 0.4805662 1.0148163 0.42633492 0.017847136 0.34369144 -0.4295636 0.34441218 -0.5517759 -0.6038338 0.27311113 -0.14444222 -0.26937127 0.31621844
106 -0.37739646 -0.026821963 0.62679845 -0.37380117 -0.40546548 0.0929829 0.3038383 0.5038252 0.7987059 -0.3452645 0.67174137 -0.12793367 0.5992575 -0.24844491 -0.48356587 -0.47673205 -0.15974578 0.49576017 -0.8746771 0.31759 0.09138896 0.93783313 0.9648741 -0.2973326 -0.47074145 0.047542483 -0.37089038 -0.017105667 0.7355316 -0.72343004 -0.45444548 0.68557274
58 0.031988338 -0.3765357 0.73970616 -0.34388912 1.1664683 0.12688558 -0.21518129 0.04652351 0.7988149 -0.103468105 0.5603577 -0.7904182 0.43428564 -0.39460307 -0.93515325 0.3821937 -0.013265855 0.252147 0.21772963 0.025785336 0.6840511 0.80651754 0.5558437 0.24090263 -1.0793594 1.1492963 -0.6904446 -0.5862043 -0.12746981 0.2068504 -0.652818 0.23282723
90 -0.49480277 0.012465602 0.99780273 -0.039180264 -0.37838134 -0.05754888 0.15985227 0.32392904 0.8372171 -0.5675741 0.93335193 -0.2547539 0.5648138 -0.5336624 -0.71302885 -0.38581645 -0.14814728 0.39074948 -0.57394886 0.6279037 -0.22176538 0.7637892 0.9078942 -0.05354851 -0.40866506 0.25162485 -0.15480997 -0.062753245 0.5528196 -0.6955992 -0.57273614 0.65799093
91 -1.1989102 -0.013074742 0.15590186 -0.36060154 -0.2518488 -0.01838557 0.6274672 0.75420135 0.763297 0.44266048 0.75507075 -0.42399678 0.35447666 -0.11919715 -0.03971735 0.024691029 -0.14417431 0.04958828 -0.82295555 -0.38309583 -0.22589009 1.0983531 1.2963939 -0.11242895 -0.051734027 0.37535974 -0.24144232 0.31725818 0.47212994 -0.9901607 -0.22790138 0.59731543
96 -0.24335834 -0.18464081 0.7228952 -0.5067151 0.36986458 0.17432275 -0.10564102 0.1439581 0.7570025 -0.096962415 0.05022959 -0.46324277 0.61892146 0.024003463 -1.3550025 -0.23850712 0.32319936 0.12310607 -0.6683613 1.1321692 0.44605702 0.8187649 0.6323208 -0.08924004 -1.3184775 0.78088945 -0.65776014 -0.06902747 0.33302242 0.032864507 -0.31438848 -0.03692945
11 -0.09200937 0.13566236 0.7433856 0.35722804 0.7645972 0.332563 0.27269 -0.35825294 0.40573645 0.16240935 0.8613716 -0.3104686 0.5648653 -0.33608186 -0.12096031 -0.15233067 0.42955455 0.5089404 0.5453763 0.28621146 0.82051116 0.4191382 0.6892593 0.45030785 -0.9535329 1.1165705 -0.7712285 -0.5037781 -0.1761553 -0.03851536 -0.65511227 -0.09946541
13 -0.58294594 0.07094622 0.7425425 -0.21132825 -0.44349658 0.007897101 0.36847165 0.31985062 0.7563466 -0.5101154 0.8418521 -0.20798984 0.6866765 -0.3845517 -0.57284355 -0.49752504 -0.5694075 0.32339358 -0.6722533 0.14564092 -0.06894563 0.82842404 0.9625074 -0.24986579 -0.25076133 0.19930334 -0.14230931 -0.09555853 0.5255459 -0.82895166 -0.56588376 0.5923668
27 -0.92732984 -0.39299047 0.35302055 -0.49493924 -0.5721927 0.28041935 1.2304772 0.9128452 0.47396508 0.91107035 0.76680386 -0.49671733 0.41076708 0.01620133 0.32981458 0.78305715 0.29024798 -0.25071615 -0.7850585 -0.047136597 -0.7830052 1.5883049 1.0233324 0.44426575 0.37317544 0.47131673 0.38668048 -0.31581503 0.7996301 -0.77181476 0.68047154 0.33171088
31 -1.0855042 0.32279235 0.42675194 -0.5168128 -0.44558388 -0.06298775 0.47754106 0.5312509 0.77999985 0.3295085 0.6843749 -0.43645468 0.32769945 -0.45012513 0.113968626 -0.11063116 -0.14893922 -0.007818143 -0.7841575 0.22415298 -0.27082288 1.2450998 1.2706803 0.10497138 -0.23807901 0.3039603 -0.24700835 0.33685538 0.91418785 -0.5837589 -0.44740438 0.6450272
44 -0.4257782 0.15790772 0.92732996 -0.09588244 -0.231624 0.059007645 0.14343323 0.12732966 0.77724564 -0.5756689 0.90241086 -0.26486763 0.65470105 -0.35769182 -0.8083001 -0.47463685 -0.21435541 0.23674196 -0.60906214 0.68284523 -0.14105779 0.73053783 0.97128284 -0.016365286 -0.3906265 0.29181916 -0.08884931 -0.29297507 0.5138234 -0.61399764 -0.46665567 0.6532457
49 0.1406333 -0.21674143 -0.14315335 -0.029448155 0.94912994 0.35977972 0.90128946 -0.15702729 -0.9051339 0.319909 0.54921407 -0.58128506 0.06342183 0.68728083 0.22510381 -0.44227296 -0.792987 -0.24283683 0.139227 0.66446203 1.1449245 0.13142583 0.3201237 0.41551968 -0.015083328 0.53689677 -0.6007609 -0.4830495 0.04653417 0.099828 -0.5261876 0.3368605
51 0.08860218 -0.24479312 0.77740633 -0.6235606 0.6379096 0.21755478 -0.19232316 0.089649595 0.7672333 -0.36355075 0.47376657 -0.48970965 0.6700307 -0.20757297 -0.9485062 0.09835525 0.03624441 0.5047098 -0.39297524 0.44983408 0.54689467 1.0175102 0.42172852 -0.0036393506 -1.1898525 0.7756738 -0.73554075 -0.45957446 0.24760802 0.087365106 -0.6043897 0.13151805
59 -0.85413396 0.22382316 0.39086476 -0.37535435 -0.35227513 0.06618362 0.5066555 0.5536028 0.72803426 0.21174534 0.6866584 -0.17582071 0.30451268 -0.16209677 0.041838583 -0.30285922 -0.09836122 0.19009016 -0.8425514 -0.019429365 -0.10599984 1.0522466 1.1853745 -0.061897043 -0.23051998 0.25800455 -0.37167716 0.18777065 0.64020056 -0.87449706 -0.25662678 0.6582527
66 0.237954 0.09468532 0.54700845 0.010934586 1.083549 0.3650118 0.76553607 -0.53547424 -0.09331721 0.13776842 0.8528535 -0.17888837 0.23439036 0.13316213 0.008048316 -0.28892478 0.548744 0.020886863 0.6883138 0.31285602 1.0556855 0.2442147 0.4822773 0.6884166 -0.36627802 1.0879424 -0.75180227 -0.6285417 -0.08506137 -0.22993167 -0.25294256 -0.059139542
82 -0.3461941 -0.12679222 1.1225002 -0.25419962 -0.15109648 0.07577156 0.12569101 0.2517832 0.7803141 -0.49033204 0.6521185 -0.30573082 0.6604461 -0.42210996 -0.7643584 -0.21922234 -0.24271628 0.36747384 -0.48325473 0.6416939 -0.0594774 0.71900535 0.7531112 0.0062426534 -0.5374297 0.343716 -0.14708178 -0.25400242 0.5411203 -0.4857195 -0.34701464 0.6841554
85 0.35278258 -0.03787422 0.0013100854 0.26866987 0.7582629 0.40950555 1.2078534 -0.23811674 -0.87117237 0.43280813 0.5969473 -0.6415946 0.22231404 0.36038062 0.523248 -0.54146975 -0.11018571 -0.06015669 0.27870193 0.67184657 1.068619 0.36356843 0.20456979 0.37111992 -0.42271805 0.30934316 -0.47011504 -0.43453285 0.3226866 0.1560365 -0.59325457 0.30263868
97 -0.33041906 -0.05045095 0.932853 -0.26917106 -0.092528954 0.08345483 0.15072447 0.1269996 0.6413937 -0.45518854 0.7583766 -0.20612279 0.5589968 -0.2995397 -0.79200596 -0.3347521 -0.20104733 0.39053828 -0.5319709 0.52852184 0.0040967055 0.6020968 0.76930195 0.0143374745 -0.50494987 0.2820245 -0.17424212 -0.38484204 0.48558846 -0.51919997 -0.4133255 0.6127407
10 -1.4381877 -0.19707397 -0.1044414 -0.65146464 0.10644003 0.19353077 0.84745955 0.6515362 0.65039134 0.631765 0.737029 -0.87868345 0.33674684 -0.008227264 -0.23699073 0.57074964 -0.48848844 -0.439011 -0.48218098 -0.96390045 -0.5706235 1.806907 1.1710513 0.0044402056 0.20708083 0.7853179 -0.21838288 0.14928903 0.28062487 -0.6214817 0.37655088 0.4179268
55 -0.12406331 -1.3985152 -0.53069574 0.35933724 -0.23857808 -0.022833059 0.69429684 0.0039017587 -0.56422 -0.42464647 -0.179656 -0.6901011 0.379557 0.641207 0.03224899 0.6424984 -0.17213884 0.08469652 0.4299496 1.0041713 -0.08142611 0.6386538 0.5348938 -0.015629185 0.91532344 0.063707896 -0.30467707 -0.051433247 -0.2555363 -0.3462286 -0.40234646 -0.76713043
41 0.26135287 -0.17087947 -0.009216183 0.22169091 0.59567374 0.20290762 1.0187902 -0.39048928 -1.0978099 0.13040149 0.32398653 -0.75503474 0.07788106 0.64666575 0.30844346 -0.17031007 -0.6679273 -0.27516747 0.3605331 0.7926002 0.63636374 0.24470757 0.27928534 0.3957861 0.2120682 0.16835955 -0.17225364 -0.42416418 0.06796958 0.09419732 -0.22521509 0.31336543
46 -1.2978748 -0.19674493 -0.15918116 -0.64415467 -0.045744307 0.28384295 0.7576933 0.8101551 0.89044744 0.38531476 0.71742016 -0.63617563 0.54585814 0.10105063 0.11524417 0.38256553 -0.53840786 0.30991343 -0.54399234 -0.8260786 -0.30246025 1.6363264 1.0740215 -0.19672795 -0.19475393 0.51717126 -0.30245855 0.06468704 0.34536487 -0.7234266 0.11784757 0.15239508
70 -1.2723601 -0.095623866 0.32842606 -0.695285 -0.14002699 -0.0838398 0.48164758 1.1189265 0.6459105 0.41348335 0.49861124 -0.33801115 0.46984562 0.20451723 0.43867818 0.021019923 -0.35304424 0.39650765 -0.7743208 -0.7579749 -0.229955 1.1452353 1.3005387 -0.039756346 0.10374494 0.86557794 -0.26368806 0.22842535 0.1484311 -1.1891469 -0.15994442 0.045509573
14 0.1281546 -0.17067938 1.0129569 -0.09884425 0.8062307 -0.016977394 0.07197678 0.04642757 0.37600094 0.07615938 0.59316087 -0.4176663 0.43709493 -0.28973332 -0.15410691 -0.033296812 0.35669306 0.67982614 0.38029128 0.25796935 0.88970846 0.38377753 0.4418539 0.54828054 -1.0752378 1.0838116 -0.68217516 -0.38897055 0.0036852674 -0.088304706 -0.6490255 0.15008427
60 0.17993744 -0.23084614 1.0881279 0.34227893 0.84111255 0.1188398 0.30374917 -0.10149659 0.435136 0.3417357 0.49061683 -0.35426265 0.6585732 -0.2534882 -0.39368555 -0.311835 0.5682496 0.6569011 0.5927134 0.14599815 1.0526768 0.3602539 0.67231524 0.4351801 -1.089676 1.1372316 -0.70417917 -0.51204336 -0.13116741 -0.18381733 -0.61146647 0.10276727
47 -0.4885436 0.018896407 1.1530716 -0.14617532 -0.4263627 0.030561855 0.42421445 0.2724421 0.80995446 -0.4019785 0.7747783 -0.11525164 0.8266983 -0.4039761 -0.8009322 -0.6092212 -0.20653522 0.40037262 -0.5723793 0.5717648 -0.10605181 0.74117416 1.0468844 -0.1288207 -0.43028608 0.22057767 0.012409709 -0.23412721 0.58739454 -0.826776 -0.36877686 0.67806995
17 -1.1533558 -0.11240456 0.25046507 -0.10897458 -0.0812786 -0.17097811 0.67063504 1.2796878 0.46084273 0.5226386 1.2451346 -0.30253923 0.25176686 0.08934201 0.47055665 -0.013501447 0.16607103 0.30773827 -0.72283906 -0.7407528 -0.2894056 1.008251 1.0517244 -0.020480769 0.17364658 1.0138159 -0.089259475 0.162554 0.09153988 -1.2477174 -0.12334857 0.123226434
26 0.54781127 -0.33815834 0.15443963 -0.124266185 0.5436993 0.4677574 1.2733257 -0.32757673 -1.1597965 -0.020846935 0.5242962 -0.5847416 0.2944577 0.5258742 -0.048344035 -0.68525743 -0.44682455 -0.072268054 0.33102807 0.6154351 0.9302144 0.56094736 -0.06168231 0.4378564 0.009177606 0.18680598 -0.53305507 -0.71345717 0.06641025 -0.09536286 -0.45023704 0.1413116
112 0.21932378 -0.0710796 0.4288935 -0.064172335 0.8428074 0.48923025 0.74495274 -0.49900633 -0.05976138 0.3094391 0.50078046 -0.03199317 0.35719636 0.19933088 0.1328201 -0.34518406 0.45097744 0.23313224 0.4507185 0.38726833 1.0075822 0.15069342 0.5260893 0.56477004 -0.48970053 0.6509554 -0.76080614 -0.60973656 0.13140541 -0.23259816 -0.3441603 0.028351268
24 -1.030603 -0.021698738 0.4271155 -0.3546239 0.067508005 -0.08179233 0.7502223 1.284603 0.27103767 0.7784329 0.998329 0.028661583 0.18794248 0.43817937 0.4494026 -0.02898271 0.45189032 -0.025000196 -0.881349 -0.52424747 -0.5213394 1.0144463 1.2812178 0.42023766 0.85549676 1.3923723 0.17254731 -0.005899153 0.12814279 -1.54877 0.3325464 -0.02789582
94 0.12526087 0.019120673 0.75321794 0.30555013 0.75986546 0.049630973 0.12371506 -0.0978638 0.43267766 0.2395881 0.9826956 -0.3967874 0.291735 -0.32196963 -0.03208468 -0.088418536 0.6246154 0.7037714 0.49853656 0.35548478 1.0854176 0.3587435 0.7794787 0.69765437 -1.0527287 1.2216772 -0.8249236 -0.49584848 -0.14503461 -0.073056765 -0.92680657 -0.015492487
28 -1.0088726 -0.13468885 0.5039694 -0.36750245 -0.024264835 -0.26833484 0.7628717 1.3630044 0.22679096 0.81822544 0.87101054 -0.19380933 0.25586098 0.15612261 0.46593928 -0.060725406 0.38135874 0.076547064 -0.78374827 -0.76999426 -0.36088204 1.0941484 1.0651126 0.27520186 0.47343683 1.2080563 0.08316424 0.022498792 0.056848023 -1.3953706 0.049136844 0.043143235
50 -0.4955177 0.28315973 0.87733704 -0.25075027 -0.36474326 -0.01366098 0.21240267 0.16995421 0.7408951 -0.52972287 0.73872066 -0.30079114 0.687647 -0.41795024 -0.5979506 -0.502503 -0.31362534 0.23356704 -0.6516979 0.43484494 -0.15401453 0.9675025 0.9719359 -0.03401459 -0.4004227 0.28861347 -0.079715185 -0.15465528 0.55341065 -0.6663387 -0.46005535 0.5719224
80 -0.8368145 -0.24262542 0.21293026 -0.57101214 -0.41775492 0.34042552 1.2018168 0.80724645 0.66633785 1.1572231 0.44953436 -0.6143306 0.28884143 0.15550493 0.31293362 0.66028386 0.5182111 -0.28785682 -0.8972207 0.18370862 -0.68132234 1.7767577 1.1586243 0.29330218 0.13353324 0.37087527 0.35868424 -0.13653654 1.0869194 -0.65439117 0.7198456 0.3872562
107 -1.4677032 -0.20292854 -0.23321675 -0.6930817 0.10604016 0.32939672 0.95576453 0.7496821 0.88313913 0.83498716 0.45827848 -0.81114745 0.5453254 0.22920428 0.10279592 0.34963006 -0.4022165 -0.092504404 -0.50137424 -0.76288855 -0.5580363 1.7315742 1.2440279 -0.20857075 -0.0052745407 0.67755026 -0.14814438 -0.08049307 0.32575414 -0.7666373 0.29578677 0.12480149
86 -1.0119363 -0.084546275 0.14053993 -0.46490023 -0.26298016 0.062091507 0.40578502 0.42514488 0.7387448 -0.009190053 0.55641276 -0.40555033 0.60006744 -0.20854864 -0.42761883 -0.27469173 -0.61134785 0.0510873 -0.522239 -0.44324386 -0.1830662 0.91948557 0.9878402 -0.4088417 -0.1368355 0.3140571 -0.3284989 -0.2530349 0.07530567 -0.7548868 -0.48345873 0.3746194
63 -0.81331545 -0.10654027 0.58404875 -0.2043578 0.20964897 -0.17849109 0.95296365 1.311925 0.24023667 0.84855646 0.82529753 -0.07466755 0.18745509 0.372219 0.5809881 -0.07431448 0.57298803 0.05923154 -0.8723443 -0.71257657 -0.20286496 0.98369163 1.2038422 0.23658954 0.5709629 1.1585565 0.1594768 0.1754519 0.31606135 -1.4507468 0.3885552 0.3099705
