1 -0.26913786 0.069440566 0.6462773 0.24611624 -0.36953092 -0.49468425 0.94953454 0.5390237 -0.035827514 -0.87868375 0.30839068 -0.3546501 0.22500674 0.009642914 0.37285513 -0.7327039 -0.6506199 -0.058313232 -0.5105315 0.049984813 -0.15650512 1.4301851 0.17881516 -0.2546805 0.3324608 0.10408004 -0.45627233 -0.5663862 0.7052858 -0.28649643 0.0007886559 0.6819876
3 -0.25114095 -0.28680477 0.5201236 0.48939273 -0.7600262 -0.9083907 0.98374224 0.45100307 -0.048555393 -0.9391104 0.5146856 -0.3427592 0.15509886 -0.13264081 -0.02015553 -0.7794896 -0.5063654 0.30564016 -0.17999668 -0.029682199 -0.073375635 1.4401882 0.04531204 -0.12127579 0.2843468 0.11377481 -0.3726523 -0.49575466 0.5425793 -0.028428206 -0.21089514 0.7306913
8 -0.04367419 -0.2169424 0.8729578 0.3931399 -0.6297906 -1.1125835 0.8930941 0.40013197 0.12578036 -1.1672193 0.3230398 -0.4674626 0.08399882 -0.13363536 0.24451882 -0.89482147 -0.54177135 0.19119497 0.013598311 0.12396407 -0.032216236 1.4002078 0.028966913 -0.104199216 0.30405173 0.18595077 -0.33109865 -0.3057844 0.4011312 -0.24783194 -0.34717995 0.6266249
9 -0.29080772 0.09788955 0.11810333 0.36981836 -0.18980215 -0.4655402 0.615394 -0.16824782 -0.5149233 -0.48854914 0.6051058 -0.7855519 0.3310926 -0.64049006 -0.03389387 -1.1148323 -0.6170349 0.6441158 -0.70068824 -0.26357764 -0.16512811 1.7906578 0.06296404 0.41327038 0.26023751 0.12163473 -0.32710275 -0.6434447 0.74248123 -0.095861614 -1.495329 0.32699835
12 -0.20217133 -0.030795751 0.71823597 0.1364823 -0.6687319 -0.97495073 0.83672094 0.2664153 -0.28512707 -0.89093083 0.4607189 -0.5610668 0.12541288 -0.30100292 -4.9902614e-05 -0.79752314 -0.73775864 0.23820052 -0.33941522 -0.22403078 -0.17483225 1.2658731 0.1706613 -0.0620406 0.30360535 0.16553356 -0.26401764 -0.51577204 0.40889683 -0.391462 -0.70893353 0.5930081
19 -0.14889577 -0.33778688 -0.2881054 0.38085535 -0.10154133 -0.44270587 0.31999546 -0.77059305 -1.125213 0.23014212 -0.12976299 -0.31603286 0.14965865 -0.2461699 -0.059302032 0.8550958 0.32346827 -0.26462445 0.256556 1.2473058 0.08980377 0.36761498 0.9002016 0.35316145 0.33476725 0.004942599 -0.6509866 0.0072956714 -0.61650175 -0.46728575 -0.07437583 -0.19685452
29 0.45877662 -0.72014153 -0.26446196 -0.0105302995 0.2631434 0.012312816 0.4169766 0.68382025 -0.6203216 -0.3538757 -0.02975077 -0.3624293 0.10437781 -0.11475813 -0.66143304 0.23970424 0.4816716 -0.92807287 -0.5271346 1.2968485 0.3763761 0.32260117 0.7265303 0.24745548 -0.12348255 0.46228647 -0.6330857 -0.12735213 -0.8725934 -0.67854756 -0.16725984 -0.8586549
30 -0.24005127 0.03547587 0.18195544 0.42947164 -0.24788885 -0.49759045 0.6832501 -0.6198572 -0.57288396 -0.6411259 0.6908713 -0.52851534 0.4661393 -0.5887093 -0.39035293 -0.85408896 -0.6414929 0.74921507 -0.69165504 -0.22245745 -0.14555547 1.6717646 0.20417021 0.079772644 0.39021224 0.14277567 -0.37863725 -0.86854136 0.7317035 0.021085987 -1.4015918 0.5578132
33 -0.48892996 -0.012243691 -0.03569391 0.3803375 -0.06474578 -0.4803146 0.5205064 -0.5750927 -0.8472241 -0.7407597 0.68596214 -0.8152947 0.66403896 -0.669903 -0.18248361 -1.2292032 -0.740977 0.5481713 -0.7077886 -0.27617863 -0.25433236 1.492175 0.20588651 0.40636522 0.37403935 0.1020299 -0.2599229 -0.7356469 0.7181393 -0.16429816 -1.3002994 0.5558906
34 -0.29701358 -0.03906988 0.7712445 0.09332639 -0.39607182 0.1446182 0.87699485 0.41290504 0.31859905 -0.5017704 0.37041378 -0.20909089 0.45037284 0.357287 0.24361546 -0.47748366 -0.38047445 -0.32574332 -1.0532981 0.019282589 -0.13170616 1.1277424 0.38641918 -0.2738844 0.057142884 0.31129998 -0.08720271 -0.44520816 0.49590614 -0.54662037 0.444844 0.5840964
35 0.40625745 -0.78719234 -0.25642264 0.369084 0.16950469 0.26749983 -0.031180963 0.50298005 -0.3194171 -0.3290477 0.21398406 -0.05060679 0.33943218 0.39229634 -0.7298356 -0.6021754 0.48331207 -0.48954424 -0.7681135 0.9474406 0.47272247 0.34994742 0.67882776 0.12739705 -0.22064547 0.7114625 -0.49224347 -0.12897092 -0.66231287 -0.5959324 -0.27863085 -0.21044126
38 -0.17466749 -0.09130323 0.17180313 0.39878896 -0.5347767 -0.65205747 0.56730235 -0.45521614 -0.48908305 -0.6985469 0.7975203 -0.6224179 0.33864194 -0.3862585 -0.02065686 -1.081555 -0.47513148 0.6528405 -0.5262535 -0.3348356 -0.15528618 1.6941245 0.08934429 0.19405657 0.3926003 0.15138327 -0.10545878 -0.5459042 0.50327647 -0.27415735 -1.2114911 0.4797271
43 -0.49640283 -0.25907812 1.1079339 0.22606352 -0.98191917 -0.9658431 0.7766814 0.5588539 0.018575998 -0.69610447 0.20915885 0.029071318 0.24291049 0.1652784 0.26757282 -0.72412246 -0.5049498 0.039368857 -0.23226856 -0.08245088 -0.25233707 1.2427635 -0.02800003 0.23698685 -0.0076259687 0.3905677 -0.51059777 -0.27674776 0.2534188 -0.33587953 -0.076346636 0.6046065
48 -0.22840844 -0.013301325 0.3047724 0.3639047 -0.5614974 -1.0208957 0.7941817 0.15512441 -0.29152 -0.7987643 0.47072214 -0.94841796 0.25186032 -0.10535131 -0.12803549 -1.0150806 -0.53087085 0.61518556 -0.30144125 -0.09499136 -0.043438647 1.5475105 0.11360966 0.26244262 0.1508806 -0.05872894 -0.4627175 -0.58501834 0.7206176 0.0172911 -0.52906144 0.5284795
54 -0.09828683 -0.42610583 -0.090976745 0.37883672 0.031114718 -0.5780013 0.32781202 -0.9334946 -1.1683654 0.19135301 -0.16550879 -0.6073721 0.3782613 -0.38641554 0.21082722 0.8076439 0.32972068 -0.2952487 0.39761254 1.4061882 0.09129755 0.19887942 0.99998873 0.298015 0.6045574 -0.024934944 -0.33352 0.1333385 -0.59660554 -0.6558916 -0.17824197 -0.17404199
56 -0.039181147 -0.00670406 0.8732382 0.55134773 -0.69105446 -0.14422098 0.8297348 0.3270847 0.19697869 -0.28087288 0.25956205 -0.07415515 0.20094278 0.20198505 0.05743026 -0.5984245 -0.19308528 -0.20409857 -0.9395305 -0.05354348 -0.32992885 1.1449143 0.5454589 -0.20670609 -0.24272464 0.33823797 -0.109274656 0.03138675 0.08554292 -0.28960338 0.39679772 0.70226735
61 0.4638866 -0.60790056 -0.28384936 0.013749571 0.24919155 0.13272133 0.17617206 0.56887877 -0.43941885 -0.39113733 0.09516358 -0.16873196 0.27304974 0.27367932 -0.6189763 -0.13973382 0.4126714 -0.834607 -0.72657335 1.1509647 0.40556675 0.44417655 0.7002547 0.19302946 -0.18841079 0.55997026 -0.72264606 -0.18997143 -0.68112737 -0.69516873 -0.16139871 -0.5726484
65 -0.025863066 0.09472149 0.3203087 0.23537768 -0.5579633 -1.0125277 0.61716175 -0.126275 -0.48466265 -0.7767747 0.42789334 -1.2853346 0.28248578 -0.18531501 -0.1615141 -1.1692667 -0.65631115 0.57654864 -0.45815042 0.0062999725 -0.14295124 1.6664132 0.08394683 0.41332594 0.14156823 -0.035201073 -0.3751246 -0.6437432 0.6776708 0.010835423 -0.8400417 0.31413695
73 0.08142793 -0.2241477 0.41707656 0.503487 -0.4750939 0.59310836 0.4475516 0.10927929 0.18444152 -0.22443022 0.59951246 -0.41420928 0.091159895 0.45896342 0.31960773 -0.87314713 0.1215069 -0.5165092 -0.9918096 0.048102748 0.26991886 0.59911454 0.83138824 -0.3345265 0.17379715 0.38967922 0.43039447 -0.34273636 -0.11910472 -0.9889472 0.39656752 0.43789637
75 0.39151514 -0.66299284 -0.12547255 0.3286309 0.33361244 0.36189106 -0.15414608 0.4502936 -0.24506721 -0.349168 0.10856164 -0.05412346 0.4249621 0.5361203 -0.66439277 -0.81874263 0.4729471 -0.5122851 -0.88644767 1.1690849 0.5351514 0.33669448 0.79238236 0.14769703 -0.20311828 0.7200694 -0.48508677 -0.11492981 -0.59843713 -0.76052845 -0.39192823 -0.20943189
78 0.54315585 -0.848783 -0.16243935 0.18481694 0.23329587 0.01354671 0.20257606 0.5768994 -0.40442303 -0.4292481 0.1361777 -0.3326654 0.20530015 0.06562533 -0.8563331 -0.10182196 0.5921358 -0.73069274 -0.5415108 1.2968284 0.53404874 0.37369174 0.7169655 0.28014982 -0.28358263 0.6169153 -0.69135475 -0.10399717 -0.88971025 -0.5611853 -0.18287426 -0.6387521
79 -0.21272388 0.113498814 0.70161504 0.6139658 -0.45630547 0.34508088 0.8207582 0.27010128 0.47798407 -0.15974133 0.6084574 -0.29596347 0.06850506 0.37666532 0.04055813 -0.7002569 0.08220195 -0.3797928 -1.0650877 0.07732735 0.06970403 0.98365796 0.69076735 -0.2336347 -0.16615385 0.36542535 -0.014801166 -0.27206838 0.06783247 -0.5240034 0.5386489 0.6262938
81 0.20771092 -0.47324204 -0.027890414 0.42648682 -0.32919908 0.52074796 -0.21025258 0.24968201 -0.05872299 -0.1491014 0.4061899 0.37019584 -0.109377526 0.73414004 -0.4281621 -0.90263206 0.4429508 -0.22311497 -0.86412156 0.57546437 0.52765155 0.6878815 0.65775776 0.00849576 -0.13425083 0.69352597 -0.50850844 -0.016302163 -0.51797205 -1.0593239 -0.5061376 0.06980045
87 -0.11108393 -0.40393505 1.2567296 0.28336525 -1.037112 -0.6866437 1.013182 0.6405782 -0.02093615 -0.5538135 -0.033537228 -0.14118059 0.25093985 0.2795904 0.12346253 -0.49067137 -0.4264136 0.07775384 -0.7280073 -0.16429177 -0.3180273 1.1311647 0.18484452 -0.18347418 -0.10594582 0.42209402 -0.09459408 -0.32475364 0.2132616 -0.24875194 0.2253173 0.52411675
88 0.2897786 0.19482574 0.7714185 0.7463428 -0.7043363 -0.105057314 0.6855999 0.44779292 -0.097354665 0.023627909 -0.0036368591 0.03396703 0.17875119 0.3556994 -0.15012993 -0.82954806 0.03972991 -0.25113046 -1.4849191 -0.07144591 -0.37722003 0.88853335 0.9364634 0.010528116 -0.3592802 0.14575347 -0.047810376 0.2671643 0.065076254 -0.49498302 0.33657154 0.68930626
93 -0.3350844 -0.38953567 1.1914393 0.27591833 -0.99964434 -0.6829469 0.8702894 0.8192534 -0.099030726 -0.31542036 -0.011698894 0.16998 0.20127441 0.36691424 0.2041336 -0.4843742 -0.45589924 0.011502583 -0.69609916 -0.37659314 -0.3712554 1.0213572 0.25628617 0.08372727 -0.09738047 0.47940648 -0.21127862 -0.16783367 0.18125528 -0.44011748 0.15206112 0.6139847
95 -0.3787989 -0.6842251 -0.04897158 0.49704516 -0.19695361 -0.40347445 0.52847576 -0.90629405 -0.97360367 0.34602687 -0.26070225 -0.52450085 0.33224237 -0.059159853 0.41441786 0.72342336 0.5241625 0.025481328 0.5724039 1.3719883 0.102645285 0.15951236 0.7237782 0.3346836 0.27966428 0.005377828 -0.22027192 0.10052213 -0.28015023 -0.46765593 0.04373902 -0.24696946
99 0.07842357 0.08391156 1.1773862 0.5411869 -0.77968925 -0.44461587 0.8962354 0.59789747 -0.15717478 -0.099282935 -0.23653221 0.347523 0.340124 0.28303677 0.061374508 -0.60742676 -0.21816312 -0.16348541 -1.3701787 -0.12704386 -0.6275699 0.99581033 0.7810771 -0.01025005 -0.3934407 0.14498249 -0.23006363 0.4326077 0.21341394 -0.44552827 0.2479805 0.84718364
100 0.041975524 0.07683881 0.6398051 0.64371645 -0.54209065 0.32319358 0.6908994 0.23268911 0.082388595 -0.07531803 0.33170274 -0.27639022 0.0776506 0.384575 -0.08803498 -0.85899955 0.00027633738 -0.26796257 -1.2754505 -0.19160952 -0.07180835 0.7135779 1.046914 -0.2034453 -0.12279084 0.3370916 0.17396149 -0.1785494 -0.037999187 -0.6751519 0.46091518 0.6848796
103 -0.43377906 -0.60660225 -0.10368976 0.37745932 -0.23336427 -0.4082613 0.47156906 -1.0788558 -1.0531235 0.38349342 -0.02210133 -0.5684562 0.47768658 -0.17518604 0.10203356 0.91398704 0.31082344 -0.016261756 0.49368712 1.0459836 -0.04937596 0.0970771 0.9706135 0.27204365 0.5502999 0.047654696 -0.385004 -0.11445403 -0.31129846 -0.5043414 0.14759383 -0.11065314
113 -0.0945487 -0.40720156 0.85119534 0.47222683 -0.754237 -1.0206013 0.7958767 0.2739814 -0.13294862 -0.9122009 0.35802343 -0.22423743 0.2492209 -0.01594556 -0.14477602 -0.8067244 -0.56795627 0.26781535 -0.26895267 -0.21507823 -0.15005387 1.1065989 0.16920978 -0.038492877 0.23579009 0.1718496 -0.43343735 -0.36706418 0.45146435 -0.15727638 -0.30407837 0.8487899
2 -0.11497946 -0.05982491 0.85607713 0.35411265 -0.5256157 0.15628932 0.85042274 0.31302276 0.3525721 -0.6199811 0.39666355 -0.40539688 0.20065323 0.19343472 0.42843634 -0.57561916 -0.37542337 -0.45053223 -0.74106365 0.18654959 -0.0013560313 1.0147856 0.5390896 -0.5943781 0.27435312 0.33679387 0.109279945 -0.5259418 0.2619473 -0.5038814 0.5465772 0.6969823
18 0.2534403 -0.6437884 0.18163447 0.51082706 -0.25511095 0.42576727 -0.08558946 -0.059674777 0.09056395 -0.30233148 0.52729225 0.0673107 0.1995912 0.7528163 -0.50956106 -1.0014362 0.5828378 -0.3674431 -0.7560981 0.5720822 0.5401434 0.4326242 0.75404525 -0.09142218 -0.23181158 0.75494176 -0.21044303 -0.15317364 -0.57384765 -0.89980334 -0.13280284 0.26788837
20 -0.84581584 -0.9290649 -0.33450893 0.6603817 -0.17572059 -0.43725532 0.4213179 -0.51944757 -1.2867869 0.35891744 -0.36226308 0.11555652 0.1457359 -0.2976196 0.7487516 0.37167054 0.6984236 0.17816457 0.45834532 1.2175841 -0.0022791836 0.033178214 0.60776067 0.5447178 0.50179225 -0.03789697 -0.378168 0.255774 0.034487873 -0.8648414 -0.344225 -0.0635016
21 0.26482695 -0.6779769 0.25398996 0.44109148 -0.30460155 0.5012907 0.034836963 -0.12719113 0.05966713 -0.2904295 0.37272263 -0.0913915 0.20172048 0.8654575 -0.5388654 -0.81019694 0.49777588 -0.329103 -0.9347415 0.52933925 0.49097377 0.35233662 0.7664451 -0.15752083 -0.1848421 0.5919873 -0.14966676 -0.2268882 -0.30143785 -0.8461856 0.07795693 0.2573462
22 -0.1217664 -0.43968067 -0.27423587 0.3860783 0.018575959 -0.16475946 0.52338666 -0.70720416 -1.2156974 0.20432846 -0.25378546 -0.16049609 0.48342735 -0.4822407 0.039534938 0.991891 0.27060774 -0.4748347 -0.14433783 1.2296956 -0.053840414 0.3392287 0.8414917 0.15971026 0.39665562 0.11275286 -0.42918533 -0.22204891 -0.4424793 -0.38028857 -0.005472845 -0.2824433
37 -0.19668595 -0.10102632 0.85576606 0.40733376 -0.74818623 -0.6959361 0.9842786 0.5490152 0.13234721 -0.72232836 0.38523957 -0.13774964 0.004377983 0.27917266 -0.0449079 -0.59339136 -0.43581608 0.00601412 -0.4854895 -0.20258826 -0.07876727 1.1677458 0.29529554 -0.09837506 0.10302039 0.19356717 -0.40570673 -0.29781276 0.28965446 -0.29850024 0.090077214 0.72701854
42 -0.21736172 -0.036170512 0.082373746 0.37583908 -0.3668617 -1.0354538 0.963108 0.06208231 -0.4731067 -0.83452773 0.76340604 -1.2390212 0.17268279 -0.50613546 -0.30376178 -0.921665 -0.5354136 0.626745 -0.27818614 -0.3313207 0.023664214 1.5302649 0.2514335 0.36570442 0.27855176 -0.12264643 -0.3185775 -0.60261095 0.63508517 0.025425948 -0.6076536 0.5770747
45 0.19956745 -0.19589314 0.10539806 0.4082704 -0.58577627 0.3348913 0.14659294 0.23251033 0.017878313 0.045258604 0.4600277 -0.017038357 -0.10054823 0.8223231 -0.3047976 -0.9450633 0.36929005 -0.19299614 -1.0378892 0.035494093 0.2872924 0.47656262 0.8716756 -0.018703736 -0.20884174 0.40900525 -0.11770786 0.17795071 -0.306798 -1.131481 -0.15392622 0.3815277
53 0.15008724 -0.26744634 0.16980477 0.50284064 -0.32313758 0.6236618 0.15865178 -0.043804277 0.22892942 0.02149979 0.6808405 -0.262743 0.13793485 0.7180828 0.021258656 -0.8989363 0.30911493 -0.47150952 -0.99031 0.18763646 0.3699243 0.5943372 0.8629196 -0.08982585 -0.005625597 0.5463226 0.24917747 -0.24471563 -0.30942717 -0.98560536 0.07021994 0.32131946
68 -0.27119756 0.09745009 0.82162607 0.4032029 -0.6244674 0.009646296 0.96474516 0.46933967 0.3150078 -0.23660597 0.23236006 -0.17329675 0.1322561 0.40671748 0.28573188 -0.605427 -0.24303612 -0.21322984 -0.8193561 -0.003963842 -0.16046976 1.0374719 0.6863628 -0.22619203 -0.09842887 0.30996504 -0.098733924 -0.17257468 0.19424222 -0.4091526 0.6298419 0.7090345
69 -1.0647788 -0.7708797 -0.3619454 0.8925009 -0.017978767 -0.59378403 0.5182732 -0.41738752 -1.2565423 0.38110098 -0.594523 0.19390859 0.16327843 -0.24772464 0.87061644 0.4955702 0.6382851 0.029584445 0.37408823 1.3770995 0.04763916 0.03527356 0.6224889 0.6425268 0.35926765 -0.20405675 -0.5626654 0.38538742 0.15983406 -0.7152812 -0.28438655 -0.039651692
89 0.037244044 -0.10403205 1.0270829 0.27500585 -0.7462671 -1.1834308 0.86664104 0.35994768 0.13351995 -1.0895449 0.39328864 -0.55852926 -0.10595849 -0.024338372 -0.013035754 -0.82849085 -0.5289522 0.24826522 -0.053441588 -0.0014682285 0.04227089 1.2153927 0.1641349 -0.16242018 0.21886635 0.16250978 -0.30791715 -0.23926719 0.20747112 -0.39076245 -0.46612045 0.6595423
98 -0.2776822 -0.22734553 0.51688534 0.62127525 -0.385479 0.61618274 0.8406131 0.07331029 0.433483 -0.17588337 0.7707708 -0.11363489 0.056769643 0.46553198 -0.12235223 -0.5313853 0.17955479 -0.42084855 -0.8889068 -0.032112584 0.3018867 0.79693604 0.6976168 -0.41845396 -0.09593319 0.43517047 0.00025381398 -0.58515936 0.030460408 -0.64419013 0.57323754 0.5051628
108 -0.35748193 -0.072929986 0.066452935 0.41486672 -0.31237563 -0.6964627 0.8289158 -0.16758032 -0.60726506 -0.81526184 0.703078 -0.5392447 0.40234068 -0.47593036 -0.3972526 -0.8614095 -0.71802753 0.59338844 -0.54035807 -0.28823707 -0.18862218 1.6351002 0.12057939 0.07330106 0.35297072 0.1210104 -0.54740435 -0.85758185 0.76526016 -0.00119996 -1.0167867 0.53418857
109 0.57846546 -0.51167876 -0.10471427 0.08530579 0.07066483 -0.045955636 0.24240819 0.28834844 -0.39903226 -0.3547705 0.08316042 -0.2732375 0.026595984 0.10999525 -0.68360764 0.032774054 0.49746823 -0.673907 -0.44309452 1.1950455 0.5001719 0.5250757 0.58776826 0.2626075 -0.26807347 0.4105544 -0.7456926 -0.20538242 -0.83018583 -0.53346974 -0.2463298 -0.6762794
15 -1.0595645 -1.0059057 0.0754333 0.573144 0.31840822 -0.352506 0.9172426 -0.064754985 -0.50737613 0.6245622 -0.068809725 -0.5362391 0.44447985 -0.47517726 0.7611681 0.4175001 0.8568462 0.44342244 0.69498384 0.9504555 0.28880194 -0.021845434 0.69980997 0.6671642 0.3256923 -0.039925035 0.044230185 0.45353165 0.31112295 -0.38958132 -0.1657954 0.123402536
36 -0.09146339 -0.26580492 1.0354832 0.32883218 -0.5462974 -0.8956568 0.81515664 0.53603524 0.07753081 -0.8538139 0.17008463 -0.27378577 0.14940615 0.06809515 0.17461076 -0.79651487 -0.5396107 0.12642655 -0.106150925 -0.010264313 -0.16013728 1.0579934 0.11561057 -0.0029498115 0.13492528 0.3029402 -0.3582265 -0.16454941 0.18002671 -0.23088917 -0.14051232 0.72550726
40 -0.3153138 -0.20815141 0.75692827 0.31395495 -0.51576686 -0.5061852 0.93771607 0.62191147 0.20830095 -0.80205506 0.3122996 -0.2811314 0.38429844 0.24488269 0.13491946 -0.54832697 -0.49419367 -0.23318455 -0.54171187 -0.034525618 -0.21611452 1.0187637 0.34765196 -0.21527699 0.16395386 0.28964952 -0.2917025 -0.34547308 0.40128633 -0.2946463 0.5180914 0.77093035
62 0.5720919 -0.7364524 -0.17520076 0.27230465 0.013196101 0.23445539 -0.089506716 0.42032367 -0.28992736 -0.2647999 0.055017546 -0.0069956714 0.35336748 0.6314324 -0.49783555 -0.6773505 0.6380577 -0.5182751 -0.9747822 1.1062305 0.42619863 0.38926423 0.7732065 0.10408372 -0.23998478 0.6685238 -0.37159172 0.0046881614 -0.5968485 -0.7311916 -0.30494043 -0.29378128
72 -0.47432122 -0.0747621 0.7593726 0.32205775 -0.44809687 -0.26882607 0.9521001 0.6804608 0.39016244 -0.7108145 0.44244376 -0.37843934 0.41108224 0.44749093 0.24443173 -0.6434544 -0.5308487 -0.26839274 -0.7129698 -0.060032245 -0.07668755 1.0878607 0.423555 -0.4084588 0.10617235 0.33793306 -0.21619752 -0.452084 0.44737095 -0.5309985 0.6233794 0.71024567
102 0.07913971 -0.09662013 0.67158437 0.3868664 -0.62763155 -0.97725403 0.7739541 0.152169 -0.12587072 -0.94893396 0.45176172 -0.730403 0.04863331 -0.10995915 -0.031250376 -0.9412754 -0.56608844 0.3239297 -0.20473467 -0.09795001 -0.09743784 1.2845551 0.20682031 -0.0050368514 0.29182163 0.07178212 -0.25679922 -0.38376105 0.39225543 -0.110095985 -0.45635206 0.70680577
104 -0.14206132 -0.1912868 0.8846239 0.27213278 -0.5290419 -0.8962149 0.8273603 0.2706113 0.07704465 -1.1080257 0.23789018 -0.46620408 0.26374808 0.117840715 0.13541517 -0.6737629 -0.67906535 0.11449412 -0.1965787 0.13370371 -0.056411065 1.1724466 0.114810966 -0.222582 0.35713816 0.15035184 -0.33051163 -0.44425672 0.46054494 -0.23508656 -0.053351138 0.72037745
4 -1.0627357 -1.1111057 0.24365367 0.0077547138 0.28491464 -0.28116292 1.1496866 0.016357526 -0.325296 0.9551418 0.37865233 -0.49351117 0.63832927 -0.19880617 0.543342 0.8625107 0.6267495 0.7795167 0.6286227 0.5469709 0.5000978 -0.0030529047 0.6921661 0.71087915 0.4282237 0.20216122 0.063321 0.47713715 0.44403473 -0.6219827 -0.45367643 0.11779391
6 0.37838504 -0.7844724 -0.2909375 0.28542235 0.06197342 0.25712994 -0.21534804 0.4801905 -0.30561516 -0.1781309 0.052971333 -0.059498403 0.3626813 0.7930538 -0.50554997 -0.7994709 0.5241286 -0.40636763 -0.77904725 1.1762716 0.56405866 0.4437627 0.6288292 0.19113292 -0.24481332 0.7081239 -0.5537751 -0.16300231 -0.55399096 -0.7846656 -0.35637534 -0.42940158
5 -0.41531283 -0.94944096 0.8557986 -0.16682868 1.0603849 0.585048 1.5091162 0.04667774 0.07096766 0.8779396 0.085199594 0.16619869 0.4615804 0.03093418 0.18633682 1.2483907 0.3018966 1.1617459 -0.27184373 0.94476366 0.9072625 0.5439114 0.93404967 -0.5639222 0.526184 0.26782662 -0.08338082 0.27632153 0.892264 -0.5299596 -1.4458331 0.538065
23 -0.09384183 0.25872794 1.0028065 0.45885074 -0.8188528 -0.40838674 0.8029784 0.75922585 -0.031042734 0.0010867798 -0.23700334 0.10011507 0.25745675 0.510344 0.07515205 -0.8072614 -0.2517118 -0.22006714 -1.152993 0.0073583894 -0.5746333 1.0129423 0.7771726 0.2046381 -0.42116874 0.21987149 -0.34795517 0.3181451 0.15084903 -0.54293 0.47843224 0.63878953
57 0.2374559 0.35907978 0.8619082 0.5162169 -0.7082382 -0.046981685 0.601991 0.3957289 -0.037636388 0.16628857 -0.12445481 0.10446984 0.096253335 0.7316716 0.07413635 -0.8693576 -0.10798934 -0.12651825 -1.4462305 0.031245524 -0.33550963 1.0045413 0.8921595 -0.019389011 -0.29746315 0.1525608 -0.0743139 0.3510273 0.18359634 -0.72780883 0.07643057 0.6473717
16 -0.17411229 -0.39203578 -0.25307795 0.2655047 -0.24678136 -0.25726405 0.41732344 -0.542207 -1.0613039 0.34507024 -0.12804534 -0.2824091 0.086425014 -0.24686673 0.1646164 0.9028948 0.289377 -0.51754767 0.13919915 1.1174552 0.077877395 0.4582074 0.6988072 0.33948502 0.3015692 0.12420707 -0.5457393 -0.13938758 -0.63009936 -0.6384992 -0.16899472 -0.5658314
39 -0.27633893 -0.27203897 -0.09683919 0.34281847 -0.36966708 -0.30950773 0.42861128 -0.77896315 -1.113168 0.48152167 -0.14332163 -0.4468694 0.094080605 -0.18873492 -0.0737467 0.94340265 0.3833502 -0.43838927 0.12725453 1.2355514 0.08950146 0.44468105 0.8142852 0.67101043 0.1609941 0.046899438 -0.7438383 -0.09132219 -0.6168078 -0.6247698 -0.076454304 -0.5669323
58 0.46467227 -0.66158754 -0.24912412 0.12341247 0.1659718 -0.024910519 0.45108727 0.5763922 -0.54327154 -0.26415968 0.1362287 -0.22640495 -0.054702897 -0.08452113 -0.6565695 0.419206 0.42643598 -0.8395644 -0.36162847 1.1706138 0.51999956 0.50295347 0.6722937 0.20021953 -0.09648426 0.4011484 -0.8391543 -0.36270878 -0.7754135 -0.5898796 -0.118718125 -0.82839835
71 0.2903167 -0.74503374 -0.24949636 0.11765459 0.12639973 0.17995629 -0.0009354881 0.54511297 -0.28647506 -0.26094118 0.20885327 -0.29940626 0.53136367 0.59268343 -0.75311387 -0.5059002 0.47787794 -0.6981152 -0.77261096 1.0590991 0.44206882 0.38018742 0.64762473 0.42129976 -0.32520863 0.6878364 -0.57375115 -0.16925055 -0.72399896 -0.7106355 -0.1861619 -0.50008094
96 0.01909387 -0.30363226 -0.17031515 0.10094843 -0.21779908 -0.5315584 0.49298993 -0.91610914 -1.0206861 0.25517637 -0.014642511 -0.7062568 0.24405181 -0.03647896 -0.19056605 0.9976148 0.26524717 -0.5646756 0.12591502 1.1800253 0.11995688 0.100172624 1.1686933 0.26619512 0.3826809 -0.09184338 -0.41386217 0.07707126 -0.65895766 -0.8229856 0.053748585 -0.34515285
106 0.3292291 -0.4535855 -0.22750638 0.60654396 -0.12121312 0.38623223 -0.051731575 0.5413371 -0.102291025 -0.108139545 0.28279066 0.1523055 -0.016756589 0.5772664 -0.58170855 -0.91190374 0.6229805 -0.1561923 -0.9024726 0.6456326 0.5363049 0.56083524 0.6503209 0.11962947 -0.2520861 0.59790605 -0.49377644 -0.013774939 -0.40206468 -0.71837795 -0.30847907 -0.008327113
90 -0.9399621 -0.70811284 0.099612966 0.53800666 0.13297375 -0.44667935 0.6472101 -0.2786483 -0.7593658 0.5392022 -0.25115713 -0.3939999 0.34667012 -0.38194418 0.7177419 0.4927856 0.6194345 0.39499062 0.58271414 1.0310347 0.15431038 0.030697897 0.588757 0.7203549 0.31686705 -0.13091381 -0.27896535 0.43599007 0.2167031 -0.45135957 -0.22586375 0.05417731
91 -0.57484597 -0.7564102 0.51620954 -0.02557048 0.54733837 -0.3955336 0.7435664 -0.12166539 -0.31720027 0.6605196 -0.051637396 -0.58127713 0.63106936 -0.049169637 0.37801668 0.62573814 0.18999714 0.9575426 0.57457584 0.9650006 0.49809125 -0.09349277 0.97279537 0.28498313 0.4115509 0.11965268 0.04491862 0.6590749 0.3887188 -0.42702842 -0.701725 0.37960577
11 0.45689383 -0.400769 -0.46469432 -0.10614844 0.1637706 -0.09419636 0.5100811 0.35825408 -0.74642026 0.07545397 0.24419057 -0.6481105 -0.05278725 -0.265141 -0.52346045 0.7503213 0.3036769 -0.78251624 -0.30247203 1.0054553 0.31589073 0.43123883 0.99361587 0.40345037 0.12996124 0.22219288 -0.6308882 -0.031265773 -0.9615931 -0.6199158 -0.15645441 -0.81027865
13 -0.8052644 -0.57152945 0.20734456 0.44368136 0.25155604 -0.5157953 0.64745146 -0.4560714 -0.6419903 0.5251558 -0.090409845 -0.6968092 0.5295606 -0.33798164 0.67496985 0.48526916 0.5948133 0.356107 0.6181407 1.0604175 0.22954497 -0.10686298 0.78513116 0.6309933 0.4797432 -0.14902446 0.0034091822 0.4933369 0.2884257 -0.5109645 -0.10668316 0.18705842
27 -0.9069383 -1.2074795 0.16130295 -0.42749748 0.68413657 -0.29246905 0.96347183 0.05282772 -0.25873944 0.42469284 0.38878676 -0.7703513 1.0340403 0.321063 -0.24228612 0.7299707 0.22387034 1.094343 0.26345628 0.6694389 0.6987816 -0.3050041 0.835503 0.5101083 0.33933493 0.05866959 0.049678147 0.45593742 0.83371586 -0.588683 -0.7110072 0.45760378
31 -1.0375733 -0.9801388 0.13430181 -0.12577629 0.39368895 -0.4421354 0.9665136 0.0062226327 -0.3839963 0.71487224 0.23442397 -0.8839079 0.80450606 -0.08754443 0.5174225 0.7687056 0.4492906 0.7582316 0.3491734 0.74841934 0.3637516 -0.16142014 1.0066947 0.6700973 0.52156985 -0.057693355 0.34716618 0.53722954 0.66729796 -0.52736044 -0.4480883 0.23040588
44 -0.042555194 -0.3343529 -0.29416192 0.4052141 -0.43098396 -0.23645927 0.42884773 -0.6143537 -1.1053069 0.45652828 -0.07123479 -0.43138942 -0.21099836 -0.19015142 0.16730571 0.86437124 0.36035028 -0.29521734 0.1566525 1.2379895 0.063313015 0.68131596 0.8454876 0.5026366 0.1059143 0.15287058 -0.6225735 -0.06652234 -0.83067757 -0.4831988 -0.14957291 -0.5720877
49 0.28567663 -0.59851116 0.039210077 0.44400218 -0.11539882 0.54052234 -0.11577015 0.09881153 0.036661122 -0.17855819 0.32722306 0.023441194 0.35086516 0.8804762 -0.46009153 -0.92487556 0.40213755 -0.35201344 -0.8951192 0.75050914 0.4857302 0.43643767 0.7879675 -0.066221 -0.22535463 0.70307314 -0.23985003 -0.1502329 -0.4700601 -0.81126475 -0.09388496 0.06744522
51 0.41811362 -0.8096174 -0.2559399 0.20031807 0.21607444 0.04613918 0.39137807 0.4797707 -0.53946 -0.309791 0.09847006 -0.11636473 0.15143996 -0.1622111 -0.69514227 0.19546117 0.54300183 -0.7412852 -0.5190147 1.1379267 0.38659495 0.37431043 0.5824938 0.21248259 -0.16726308 0.5253116 -0.65609664 -0.26946265 -0.80866176 -0.41664317 -0.18762551 -0.6582562
59 -1.0712771 -0.8276316 -0.15329868 0.5699132 0.07688064 -0.35887903 0.5987674 -0.26448473 -0.86528784 0.535324 -0.15936504 -0.21554066 0.35203025 -0.3483841 0.88572764 0.45981002 0.63755226 0.26479176 0.6412847 1.0980915 0.08287152 0.10701045 0.57109225 0.653692 0.39751777 -0.032828875 -0.29550418 0.27920425 0.18189943 -0.59821266 -0.24572471 -0.025885055
66 0.3528314 -0.92669064 -0.36789647 0.40846336 0.1905792 0.24193165 -0.11161821 0.5739232 -0.34908983 -0.48229182 0.19964276 0.03505346 0.47027266 0.58022726 -0.8505327 -0.6717509 0.5738111 -0.51613414 -0.69791794 1.2452747 0.5865067 0.31913766 0.7566098 0.13172327 -0.21921001 0.80346495 -0.6721826 -0.23759565 -0.6060761 -0.656151 -0.118985705 -0.26137042
82 -0.6232066 -0.506644 -0.28553146 0.5593331 -0.25762734 -0.4076391 0.47775075 -0.7579949 -1.1792676 0.48583663 -0.16372728 -0.38236305 0.10937981 -0.36721948 0.26647735 0.7961834 0.49458817 -0.24006754 0.33406106 1.0959499 0.05366818 0.20818774 0.836294 0.56756306 0.43415964 -0.103130564 -0.556438 0.073702365 -0.26515397 -0.7783103 -0.07146398 -0.27835065
85 0.3299729 -0.7574969 -0.37915698 0.36257502 -0.01721921 0.34889773 -0.124783985 0.6399015 -0.16593027 -0.273939 0.3668057 -0.0059489165 0.29131877 0.7222792 -0.61472213 -1.0559349 0.68073124 -0.30179927 -0.8503897 0.9346993 0.62590295 0.54127306 0.66027653 0.30514303 -0.274086 0.83468145 -0.5304322 -0.114673994 -0.59092534 -0.77151114 -0.33824256 -0.23781806
97 -0.74723446 -0.74363536 -0.29073718 0.53614753 -0.15258268 -0.45788586 0.4378088 -0.43581545 -1.051011 0.4627722 -0.16884908 -0.14014421 0.2709778 -0.15787971 0.5284368 0.52100426 0.561232 0.07401442 0.5139878 1.0408014 0.042673197 0.12030399 0.6348698 0.58250463 0.36450103 -0.0046707257 -0.4444577 0.31770182 -0.12772502 -0.6383636 -0.13869628 -0.11160497
10 -0.6369816 -0.717134 0.7429825 -0.7799744 0.6807707 -0.64883786 1.0745944 0.074314624 -0.03958882 0.72182715 -0.07880349 -0.8943097 0.94763935 0.5432461 -0.104277655 0.51905864 -0.14926718 1.2087508 0.73594147 0.8623423 0.42130002 -0.03560485 0.9730685 0.34180734 0.2030899 0.03303009 -0.2200948 0.7042133 0.8297566 -0.6011484 -0.97869813 0.21641342
55 0.045305375 0.08060292 1.0383021 0.5075897 -0.7937861 -0.3959443 0.7358201 0.57223374 0.06671105 -0.1096057 -0.1143083 -0.089276925 0.2767567 0.4411071 0.13290517 -0.8509039 -0.12661558 -0.15255335 -1.1043782 0.025344487 -0.48716983 0.9744266 0.654909 0.12992463 -0.48161903 0.26316282 -0.1180919 0.386972 0.04700402 -0.42941898 0.38965774 0.6560397
41 0.27293584 -0.27001098 0.22384618 0.58774185 -0.48508078 0.55460846 0.26636478 0.07762743 0.052035496 0.05469024 0.48622754 0.12204853 0.03835221 0.6580211 -0.25341707 -0.91082984 0.43277946 -0.30089653 -1.156795 0.05513013 0.21960554 0.6062112 0.9541738 -0.15650827 -0.13241628 0.50334287 -0.022047091 0.0067759766 -0.34388205 -0.9360202 -0.0012903227 0.42109928
46 -0.39360723 -0.5212053 0.43720946 0.0905847 0.48033547 -0.5822511 0.8531457 -0.2583587 -0.5788915 0.6817954 -0.122927815 -1.0337905 0.6282995 -0.2548723 0.37414578 0.45621407 0.11015116 0.8687415 0.62493795 0.6728692 0.1015476 -0.055888046 1.132536 0.32774705 0.31715807 -0.0472528 0.112664156 0.8361544 0.23798747 -0.22543935 -0.38881612 0.4702225
70 -0.08088595 -0.5295632 0.4690953 0.08414052 0.78291434 -0.18640399 1.0617605 0.12972446 -0.39276364 1.0322636 -0.15262297 -0.3118125 0.41983187 -0.31878164 0.050252654 0.8149201 0.24753417 1.2896036 0.031449832 0.7828395 0.44022796 0.16294844 1.3301513 0.09971901 0.32672897 -0.023130367 -0.060318906 0.8159748 0.5825429 -0.29152876 -1.0255241 0.51130235
14 0.15009892 -0.48901656 -0.28216302 0.10368217 0.031769715 0.07195635 0.62403846 -0.30446678 -0.76181424 0.15629676 0.11927661 -0.5991918 0.14426692 -0.2675158 -0.32935917 0.93622035 0.52477324 -0.74869096 -0.27745852 1.0406507 0.20272698 0.36687282 0.78149855 0.33298805 0.029804813 0.09503414 -0.47704265 -0.2910742 -0.67309284 -0.596093 -0.070801325 -0.8192029
60 0.2722648 -0.41063398 -0.3694193 -0.015186426 0.14925385 -0.0740356 0.6620553 0.15554264 -0.701304 -0.026255136 0.1854697 -0.61481917 0.05524147 -0.26326093 -0.7207637 0.8127186 0.41779867 -0.83782476 -0.44634616 0.98507243 0.26856667 0.33441216 0.8451201 0.39512646 -0.08882712 0.12309316 -0.6501411 -0.2322781 -0.76045144 -0.51778424 0.08426987 -0.75321555
47 -0.4727017 -0.63497996 -0.24388817 0.5381482 -0.3341592 -0.27944025 0.528164 -0.822995 -1.1443855 0.5185268 -0.050536137 -0.4019312 0.054787934 -0.37164855 0.1967982 0.8993635 0.5443534 -0.17910911 0.42146683 1.1356119 0.064465985 0.41504312 0.8429418 0.47398496 0.4451486 0.10170327 -0.52944535 -0.071928605 -0.5736279 -0.6426657 -0.086299516 -0.42716762
17 -0.13912715 -0.55839133 0.84013706 0.17007306 0.944122 0.026699424 1.0509379 0.29089797 -0.20036818 0.77146405 -0.42120737 -0.30012295 0.3295847 -0.2528593 0.32413614 0.6213879 0.38425446 1.3679808 -0.24667503 1.2716343 0.61566913 0.015801074 1.281275 -0.006786229 0.3958278 0.07865287 0.22491273 0.9660725 0.71854407 -0.32277766 -1.2155756 0.6151568
26 0.08106464 -0.18253234 0.17378783 0.4891935 -0.54491335 0.5362129 0.26569086 0.01630984 0.16279007 0.1060043 0.7237741 0.05924465 -0.054700818 0.76116216 -0.20806578 -0.8530916 0.34132782 -0.33501542 -1.0015774 -0.034042485 0.29844767 0.66990966 0.90868586 -0.055327296 -0.13264611 0.5312132 -0.029155748 0.04345601 -0.35946897 -1.088689 0.025224406 0.48174992
112 0.33034545 -0.79956114 -0.17573555 0.25655454 0.12494036 0.3128252 -0.12781696 0.43171456 -0.234345 -0.3166575 0.09046074 -0.15697455 0.5354735 0.7522139 -0.5333462 -0.70494896 0.46382076 -0.60893697 -0.8808048 1.1904929 0.5546755 0.43210548 0.6586528 0.18915075 -0.23868027 0.73856634 -0.51359856 -0.31851375 -0.53509337 -0.7676703 -0.16666034 -0.39378005
24 -0.2653552 -0.72567147 0.60731006 -0.12762013 0.71595347 -0.04828647 1.051733 -0.009422691 -0.07457105 0.82386494 0.066596135 -0.09136782 0.39104244 0.15147372 -0.1597463 0.7804717 0.25377974 1.3785492 0.16334215 0.79131824 0.68993515 0.13687482 1.1216413 0.0008811718 0.32195047 0.15835418 -0.18456304 0.73215675 0.6241871 -0.408708 -1.2229203 0.519214
94 0.39679357 -0.6272213 -0.16351153 0.0025383767 0.33937636 0.1006806 0.32373604 0.54411876 -0.55637044 -0.28434026 0.07145524 -0.29704404 0.3605272 -0.12270782 -0.51655173 0.37626937 0.27395597 -0.97176 -0.59986365 1.238986 0.37112346 0.4031984 0.63513356 0.20139377 -0.06349667 0.530158 -0.66179895 -0.29278454 -0.8521458 -0.5504811 -0.13933802 -0.7792443
28 0.0050031133 -0.5601963 0.65694314 0.01539708 1.05131 0.060196497 1.0825568 0.3220288 -0.2753472 0.8951744 -0.14308771 -0.13830829 0.1627696 -0.41619968 0.33819997 0.8806254 0.20059331 1.3964052 -0.0038398392 1.2465109 0.6125265 0.36249864 1.4012978 -0.08227893 0.47473 0.18055713 0.0015951917 0.8065349 0.53626007 -0.35479173 -1.4867905 0.43051857
50 -1.00875 -0.763665 0.09638797 0.54232615 0.026166081 -0.405621 0.51000935 -0.33393353 -0.9407166 0.66137505 -0.30098417 -0.29484808 0.49841517 -0.23944715 0.8736908 0.45597118 0.48194334 0.2412865 0.6265795 1.0558637 0.00026263358 0.06770564 0.6889198 0.6825549 0.36239845 -0.03891909 -0.339655 0.41061184 0.065805465 -0.5980424 -0.12578876 0.08751613
80 -1.1204786 -1.1068739 0.20175348 -0.6219001 0.79855806 -0.26118714 0.9741794 0.30608532 -0.3507288 0.5354994 0.37863922 -0.5526331 1.1089151 0.27246577 0.0692537 0.5863801 -0.112882674 1.179592 0.46425775 0.5765043 0.51005554 -0.11364897 0.72927475 0.57924914 0.5134362 0.14038208 -0.13480507 0.48410404 1.0708499 -0.78136784 -1.0573219 0.3557461
107 -0.59867096 -0.966402 0.6747431 -0.36358246 0.68874717 -0.7023857 1.1378572 -0.013422858 -0.23674002 0.61004657 0.2619895 -0.64842963 1.0090451 0.07835302 -0.33537364 0.69005316 -0.065763414 1.257501 0.7399635 0.5995862 0.44575378 -0.2927524 1.2564006 0.20517907 0.40990776 0.112612344 -0.21575782 0.70191133 0.7501919 -0.26817605 -0.65866816 0.6996389
86 -0.19715834 -0.7556537 0.59667194 0.29755297 0.43415728 -0.571835 0.638717 -0.14320767 -0.53418934 0.5535155 -0.22822681 -0.80944747 0.39687052 -0.398994 0.46653843 0.41091225 0.3502039 0.8101708 0.7720533 0.9520667 0.3060377 -0.053747356 0.85795516 0.23636523 0.29474452 0.07124475 0.17065625 0.7292753 -0.08684214 -0.26182348 -0.44470924 0.35127407
63 -0.51422405 -0.79979044 0.5622476 -0.035908967 0.7869772 0.40101767 1.25276 -0.002508261 0.086016424 0.95673513 0.08597291 0.25916207 0.31930062 0.077794015 0.10743908 0.92775726 0.29602322 1.3492292 -0.09813108 0.78296965 0.7397997 0.6465967 0.86047643 -0.50301546 0.65215236 0.27039093 -0.13010344 0.28932568 0.93016225 -0.3317117 -1.6014725 0.5495617
